Modified Function Code:
from re_arc.dsl import *
def generate_045e512c() -> dict:
    diff_lb = 0
    diff_ub = 1
    print(f"diff_lb: {diff_lb}, diff_ub: {diff_ub}")

    cols = interval(0, 10, 1)
    print(f"cols: {cols}")

    h = unifint(diff_lb, diff_ub, (11, 30))
    print(f"h: {h}")

    w = unifint(diff_lb, diff_ub, (11, 30))
    print(f"w: {w}")

    while True:
        oh = unifint(diff_lb, diff_ub, (2, min(4, (h - 2) // 3)))
        print(f"oh: {oh}")

        ow = unifint(diff_lb, diff_ub, (2, min(4, (w - 2) // 3)))
        print(f"ow: {ow}")

        bounds = asindices(canvas(-1, (oh, ow)))
        print(f"bounds: {bounds}")

        c1 = choice(totuple(connect((0, 0), (oh - 1, 0))))
        print(f"c1: {c1}")

        c2 = choice(totuple(connect((0, 0), (0, ow - 1))))
        print(f"c2: {c2}")

        c3 = choice(totuple(connect((oh - 1, ow - 1), (oh - 1, 0))))
        print(f"c3: {c3}")

        c4 = choice(totuple(connect((oh - 1, ow - 1), (0, ow - 1))))
        print(f"c4: {c4}")

        obj = {c1, c2, c3, c4}
        print(f"obj: {obj}")

        remcands = totuple(bounds - obj)
        print(f"remcands: {remcands}")

        ncells = unifint(diff_lb, diff_ub, (0, len(remcands)))
        print(f"ncells: {ncells}")

        for k in range(ncells):
            loc = choice(remcands)
            print(f"loc: {loc}")

            obj.add(loc)
            remcands = remove(loc, remcands)
            print(f"Updated obj: {obj}, Updated remcands: {remcands}")

        objt = normalize(obj)
        print(f"objt: {objt}")

        cc = canvas(0, shape(obj))
        print(f"cc: {cc}")

        cc = fill(cc, 1, objt)
        print(f"Filled cc: {cc}")

        if len(colorfilter(objects(cc, T, T, F), 1)) == 1:
            break

    loci = randint(oh + 1, h - 2 * oh - 1)
    print(f"loci: {loci}")

    locj = randint(ow + 1, w - 2 * ow - 1)
    print(f"locj: {locj}")

    loc = (loci, locj)
    print(f"loc: {loc}")

    bgc, objc = sample(cols, 2)
    print(f"bgc: {bgc}, objc: {objc}")

    remcols = remove(bgc, remove(objc, cols))
    print(f"remcols: {remcols}")

    ncols = unifint(diff_lb, diff_ub, (1, 8))
    print(f"ncols: {ncols}")

    ccols = sample(remcols, ncols)
    print(f"ccols: {ccols}")

    gi = canvas(bgc, (h, w))
    print(f"gi: {gi}")

    obj = shift(recolor(objc, obj), loc)
    print(f"shifted obj: {obj}")

    gi = paint(gi, obj)
    print(f"painted gi: {gi}")

    options = totuple(neighbors((0, 0)))
    print(f"options: {options}")

    ndirs = unifint(diff_lb, diff_ub, (1, 8))
    print(f"ndirs: {ndirs}")

    dirs = sample(options, ndirs)
    print(f"dirs: {dirs}")

    dcols = [choice(ccols) for k in range(ndirs)]
    print(f"dcols: {dcols}")

    hbars = hfrontier((loci - 2, 0)) | hfrontier((loci + oh + 1, 0))
    print(f"hbars: {hbars}")

    vbars = vfrontier((0, locj - 2)) | vfrontier((0, locj + ow + 1))
    print(f"vbars: {vbars}")

    bars = hbars | vbars
    print(f"bars: {bars}")

    ofs = increment((oh, ow))
    print(f"ofs: {ofs}")

    for direc, col in zip(dirs, dcols):
        indicatorobj = shift(obj, multiply(direc, increment((oh, ow))))
        print(f"indicatorobj: {indicatorobj}")

        indicatorobj = sfilter(indicatorobj, lambda cij: cij[1] in bars)
        print(f"filtered indicatorobj: {indicatorobj}")

        nindsd = unifint(diff_lb, diff_ub, (0, len(indicatorobj) - 1))
        print(f"nindsd: {nindsd}")

        ninds = len(indicatorobj) - nindsd
        print(f"ninds: {ninds}")

        indicatorobj = set(sample(totuple(indicatorobj), ninds))
        print(f"sampled indicatorobj: {indicatorobj}")

        if len(indicatorobj) > 0 and len(indicatorobj) < len(obj):
            gi = fill(gi, col, indicatorobj)
            print(f"Updated gi: {gi}")

    return {'input': gi}

Printed Outputs:
diff_lb: 0, diff_ub: 1
cols: (0, 1, 2, 3, 4, 5, 6, 7, 8, 9)
h: 14
w: 23
oh: 4
ow: 3
bounds: frozenset({(0, 1), (1, 2), (2, 1), (0, 0), (3, 1), (1, 1), (2, 0), (3, 0), (0, 2), (2, 2), (1, 0), (3, 2)})
c1: (2, 0)
c2: (0, 2)
c3: (3, 1)
c4: (3, 2)
obj: {(3, 1), (0, 2), (2, 0), (3, 2)}
remcands: ((0, 1), (1, 2), (2, 1), (0, 0), (1, 1), (3, 0), (2, 2), (1, 0))
ncells: 1
loc: (1, 0)
Updated obj: {(3, 1), (2, 0), (0, 2), (1, 0), (3, 2)}, Updated remcands: ((0, 1), (1, 2), (2, 1), (0, 0), (1, 1), (3, 0), (2, 2))
objt: frozenset({(3, 1), (2, 0), (0, 2), (1, 0), (3, 2)})
cc: ((0, 0, 0), (0, 0, 0), (0, 0, 0), (0, 0, 0))
Filled cc: ((0, 0, 1), (1, 0, 0), (1, 0, 0), (0, 1, 1))
oh: 3
ow: 4
bounds: frozenset({(0, 1), (1, 2), (2, 1), (0, 0), (1, 1), (0, 3), (2, 0), (2, 3), (0, 2), (2, 2), (1, 0), (1, 3)})
c1: (0, 0)
c2: (0, 0)
c3: (2, 0)
c4: (2, 3)
obj: {(2, 3), (2, 0), (0, 0)}
remcands: ((0, 1), (1, 2), (2, 1), (1, 1), (0, 3), (0, 2), (2, 2), (1, 0), (1, 3))
ncells: 7
loc: (1, 1)
Updated obj: {(2, 3), (1, 1), (2, 0), (0, 0)}, Updated remcands: ((0, 1), (1, 2), (2, 1), (0, 3), (0, 2), (2, 2), (1, 0), (1, 3))
loc: (0, 3)
Updated obj: {(0, 0), (1, 1), (0, 3), (2, 0), (2, 3)}, Updated remcands: ((0, 1), (1, 2), (2, 1), (0, 2), (2, 2), (1, 0), (1, 3))
loc: (2, 2)
Updated obj: {(0, 0), (1, 1), (0, 3), (2, 0), (2, 3), (2, 2)}, Updated remcands: ((0, 1), (1, 2), (2, 1), (0, 2), (1, 0), (1, 3))
loc: (0, 2)
Updated obj: {(0, 0), (1, 1), (0, 3), (2, 0), (2, 3), (0, 2), (2, 2)}, Updated remcands: ((0, 1), (1, 2), (2, 1), (1, 0), (1, 3))
loc: (0, 1)
Updated obj: {(0, 1), (0, 0), (1, 1), (0, 3), (2, 0), (2, 3), (0, 2), (2, 2)}, Updated remcands: ((1, 2), (2, 1), (1, 0), (1, 3))
loc: (1, 2)
Updated obj: {(0, 1), (1, 2), (0, 0), (1, 1), (0, 3), (2, 0), (2, 3), (0, 2), (2, 2)}, Updated remcands: ((2, 1), (1, 0), (1, 3))
loc: (1, 3)
Updated obj: {(0, 1), (1, 2), (0, 0), (1, 1), (0, 3), (2, 0), (2, 3), (0, 2), (2, 2), (1, 3)}, Updated remcands: ((2, 1), (1, 0))
objt: frozenset({(0, 1), (1, 2), (0, 0), (1, 1), (0, 3), (2, 0), (2, 3), (0, 2), (2, 2), (1, 3)})
cc: ((0, 0, 0, 0), (0, 0, 0, 0), (0, 0, 0, 0))
Filled cc: ((1, 1, 1, 1), (0, 1, 1, 1), (1, 0, 1, 1))
loci: 7
locj: 7
loc: (7, 7)
bgc: 3, objc: 4
remcols: (0, 1, 2, 5, 6, 7, 8, 9)
ncols: 2
ccols: [0, 5]
gi: ((3, 3, 3, 3, 3, 3, 3, 3, 3, 3, 3, 3, 3, 3, 3, 3, 3, 3, 3, 3, 3, 3, 3), (3, 3, 3, 3, 3, 3, 3, 3, 3, 3, 3, 3, 3, 3, 3, 3, 3, 3, 3, 3, 3, 3, 3), (3, 3, 3, 3, 3, 3, 3, 3, 3, 3, 3, 3, 3, 3, 3, 3, 3, 3, 3, 3, 3, 3, 3), (3, 3, 3, 3, 3, 3, 3, 3, 3, 3, 3, 3, 3, 3, 3, 3, 3, 3, 3, 3, 3, 3, 3), (3, 3, 3, 3, 3, 3, 3, 3, 3, 3, 3, 3, 3, 3, 3, 3, 3, 3, 3, 3, 3, 3, 3), (3, 3, 3, 3, 3, 3, 3, 3, 3, 3, 3, 3, 3, 3, 3, 3, 3, 3, 3, 3, 3, 3, 3), (3, 3, 3, 3, 3, 3, 3, 3, 3, 3, 3, 3, 3, 3, 3, 3, 3, 3, 3, 3, 3, 3, 3), (3, 3, 3, 3, 3, 3, 3, 3, 3, 3, 3, 3, 3, 3, 3, 3, 3, 3, 3, 3, 3, 3, 3), (3, 3, 3, 3, 3, 3, 3, 3, 3, 3, 3, 3, 3, 3, 3, 3, 3, 3, 3, 3, 3, 3, 3), (3, 3, 3, 3, 3, 3, 3, 3, 3, 3, 3, 3, 3, 3, 3, 3, 3, 3, 3, 3, 3, 3, 3), (3, 3, 3, 3, 3, 3, 3, 3, 3, 3, 3, 3, 3, 3, 3, 3, 3, 3, 3, 3, 3, 3, 3), (3, 3, 3, 3, 3, 3, 3, 3, 3, 3, 3, 3, 3, 3, 3, 3, 3, 3, 3, 3, 3, 3, 3), (3, 3, 3, 3, 3, 3, 3, 3, 3, 3, 3, 3, 3, 3, 3, 3, 3, 3, 3, 3, 3, 3, 3), (3, 3, 3, 3, 3, 3, 3, 3, 3, 3, 3, 3, 3, 3, 3, 3, 3, 3, 3, 3, 3, 3, 3))
shifted obj: frozenset({(4, (9, 10)), (4, (7, 9)), (4, (8, 9)), (4, (7, 7)), (4, (9, 7)), (4, (9, 9)), (4, (8, 10)), (4, (7, 8)), (4, (8, 8)), (4, (7, 10))})
painted gi: ((3, 3, 3, 3, 3, 3, 3, 3, 3, 3, 3, 3, 3, 3, 3, 3, 3, 3, 3, 3, 3, 3, 3), (3, 3, 3, 3, 3, 3, 3, 3, 3, 3, 3, 3, 3, 3, 3, 3, 3, 3, 3, 3, 3, 3, 3), (3, 3, 3, 3, 3, 3, 3, 3, 3, 3, 3, 3, 3, 3, 3, 3, 3, 3, 3, 3, 3, 3, 3), (3, 3, 3, 3, 3, 3, 3, 3, 3, 3, 3, 3, 3, 3, 3, 3, 3, 3, 3, 3, 3, 3, 3), (3, 3, 3, 3, 3, 3, 3, 3, 3, 3, 3, 3, 3, 3, 3, 3, 3, 3, 3, 3, 3, 3, 3), (3, 3, 3, 3, 3, 3, 3, 3, 3, 3, 3, 3, 3, 3, 3, 3, 3, 3, 3, 3, 3, 3, 3), (3, 3, 3, 3, 3, 3, 3, 3, 3, 3, 3, 3, 3, 3, 3, 3, 3, 3, 3, 3, 3, 3, 3), (3, 3, 3, 3, 3, 3, 3, 4, 4, 4, 4, 3, 3, 3, 3, 3, 3, 3, 3, 3, 3, 3, 3), (3, 3, 3, 3, 3, 3, 3, 3, 4, 4, 4, 3, 3, 3, 3, 3, 3, 3, 3, 3, 3, 3, 3), (3, 3, 3, 3, 3, 3, 3, 4, 3, 4, 4, 3, 3, 3, 3, 3, 3, 3, 3, 3, 3, 3, 3), (3, 3, 3, 3, 3, 3, 3, 3, 3, 3, 3, 3, 3, 3, 3, 3, 3, 3, 3, 3, 3, 3, 3), (3, 3, 3, 3, 3, 3, 3, 3, 3, 3, 3, 3, 3, 3, 3, 3, 3, 3, 3, 3, 3, 3, 3), (3, 3, 3, 3, 3, 3, 3, 3, 3, 3, 3, 3, 3, 3, 3, 3, 3, 3, 3, 3, 3, 3, 3), (3, 3, 3, 3, 3, 3, 3, 3, 3, 3, 3, 3, 3, 3, 3, 3, 3, 3, 3, 3, 3, 3, 3))
options: ((0, 1), (-1, -1), (-1, 1), (1, 1), (1, -1), (-1, 0), (1, 0), (0, -1))
ndirs: 6
dirs: [(1, -1), (-1, 0), (1, 1), (-1, -1), (0, 1), (0, -1)]
dcols: [5, 5, 5, 5, 0, 5]
hbars: frozenset({(5, 4), (5, 1), (5, 7), (5, 13), (5, 10), (5, 16), (11, 2), (11, 5), (5, 19), (5, 25), (11, 8), (5, 22), (5, 28), (11, 14), (11, 11), (11, 17), (11, 23), (11, 20), (11, 26), (11, 29), (5, 0), (5, 6), (5, 3), (5, 9), (5, 12), (5, 18), (11, 4), (11, 1), (5, 15), (5, 21), (11, 7), (11, 10), (5, 24), (11, 16), (11, 13), (5, 27), (11, 19), (11, 22), (11, 28), (11, 25), (5, 2), (5, 5), (5, 11), (5, 8), (5, 14), (11, 0), (11, 3), (5, 17), (5, 23), (11, 9), (11, 6), (5, 20), (5, 26), (11, 12), (11, 15), (5, 29), (11, 21), (11, 18), (11, 24), (11, 27)})
vbars: frozenset({(20, 5), (6, 12), (22, 5), (7, 5), (4, 12), (9, 5), (17, 12), (28, 12), (0, 5), (11, 5), (8, 12), (19, 12), (2, 5), (13, 5), (24, 5), (10, 12), (15, 5), (26, 5), (1, 12), (6, 5), (26, 12), (21, 12), (4, 5), (12, 12), (23, 12), (28, 5), (17, 5), (3, 12), (14, 12), (19, 5), (8, 5), (5, 12), (27, 12), (10, 5), (1, 5), (25, 12), (16, 12), (21, 5), (7, 12), (18, 12), (29, 12), (12, 5), (23, 5), (20, 12), (14, 5), (3, 5), (22, 12), (5, 5), (27, 5), (15, 12), (9, 12), (25, 5), (0, 12), (11, 12), (16, 5), (2, 12), (13, 12), (24, 12), (18, 5), (29, 5)})
bars: frozenset({(20, 5), (5, 4), (5, 1), (5, 13), (5, 10), (17, 12), (28, 12), (11, 5), (5, 19), (0, 5), (11, 14), (5, 28), (10, 12), (11, 11), (11, 23), (15, 5), (26, 5), (11, 20), (11, 29), (12, 12), (23, 12), (5, 6), (5, 3), (28, 5), (17, 5), (5, 12), (27, 12), (11, 7), (5, 21), (10, 5), (11, 16), (11, 13), (5, 27), (25, 12), (11, 22), (7, 12), (18, 12), (29, 12), (12, 5), (23, 5), (22, 12), (5, 5), (27, 5), (11, 0), (5, 14), (9, 12), (11, 9), (5, 23), (11, 6), (5, 20), (25, 5), (11, 15), (5, 29), (2, 12), (13, 12), (24, 12), (11, 24), (7, 5), (18, 5), (29, 5), (6, 12), (22, 5), (4, 12), (5, 7), (9, 5), (11, 2), (5, 16), (8, 12), (5, 25), (19, 12), (11, 8), (5, 22), (2, 5), (13, 5), (24, 5), (11, 17), (1, 12), (11, 26), (6, 5), (21, 12), (4, 5), (5, 0), (3, 12), (5, 9), (14, 12), (11, 4), (5, 18), (19, 5), (11, 1), (5, 15), (8, 5), (11, 10), (5, 24), (1, 5), (11, 19), (11, 28), (16, 12), (11, 25), (21, 5), (20, 12), (14, 5), (5, 2), (3, 5), (5, 11), (5, 8), (15, 12), (11, 3), (5, 17), (11, 12), (5, 26), (0, 12), (11, 21), (16, 5), (11, 18), (26, 12), (11, 27)})
ofs: (4, 5)
indicatorobj: frozenset({(4, (13, 2)), (4, (11, 4)), (4, (12, 4)), (4, (11, 2)), (4, (12, 3)), (4, (11, 5)), (4, (12, 5)), (4, (13, 5)), (4, (11, 3)), (4, (13, 4))})
filtered indicatorobj: frozenset({(4, (11, 4)), (4, (11, 2)), (4, (12, 5)), (4, (13, 5)), (4, (11, 3)), (4, (11, 5))})
nindsd: 4
ninds: 2
sampled indicatorobj: {(4, (12, 5)), (4, (13, 5))}
Updated gi: ((3, 3, 3, 3, 3, 3, 3, 3, 3, 3, 3, 3, 3, 3, 3, 3, 3, 3, 3, 3, 3, 3, 3), (3, 3, 3, 3, 3, 3, 3, 3, 3, 3, 3, 3, 3, 3, 3, 3, 3, 3, 3, 3, 3, 3, 3), (3, 3, 3, 3, 3, 3, 3, 3, 3, 3, 3, 3, 3, 3, 3, 3, 3, 3, 3, 3, 3, 3, 3), (3, 3, 3, 3, 3, 3, 3, 3, 3, 3, 3, 3, 3, 3, 3, 3, 3, 3, 3, 3, 3, 3, 3), (3, 3, 3, 3, 3, 3, 3, 3, 3, 3, 3, 3, 3, 3, 3, 3, 3, 3, 3, 3, 3, 3, 3), (3, 3, 3, 3, 3, 3, 3, 3, 3, 3, 3, 3, 3, 3, 3, 3, 3, 3, 3, 3, 3, 3, 3), (3, 3, 3, 3, 3, 3, 3, 3, 3, 3, 3, 3, 3, 3, 3, 3, 3, 3, 3, 3, 3, 3, 3), (3, 3, 3, 3, 3, 3, 3, 4, 4, 4, 4, 3, 3, 3, 3, 3, 3, 3, 3, 3, 3, 3, 3), (3, 3, 3, 3, 3, 3, 3, 3, 4, 4, 4, 3, 3, 3, 3, 3, 3, 3, 3, 3, 3, 3, 3), (3, 3, 3, 3, 3, 3, 3, 4, 3, 4, 4, 3, 3, 3, 3, 3, 3, 3, 3, 3, 3, 3, 3), (3, 3, 3, 3, 3, 3, 3, 3, 3, 3, 3, 3, 3, 3, 3, 3, 3, 3, 3, 3, 3, 3, 3), (3, 3, 3, 3, 3, 3, 3, 3, 3, 3, 3, 3, 3, 3, 3, 3, 3, 3, 3, 3, 3, 3, 3), (3, 3, 3, 3, 3, 5, 3, 3, 3, 3, 3, 3, 3, 3, 3, 3, 3, 3, 3, 3, 3, 3, 3), (3, 3, 3, 3, 3, 5, 3, 3, 3, 3, 3, 3, 3, 3, 3, 3, 3, 3, 3, 3, 3, 3, 3))
indicatorobj: frozenset({(4, (3, 8)), (4, (5, 7)), (4, (5, 10)), (4, (3, 7)), (4, (3, 9)), (4, (4, 8)), (4, (4, 10)), (4, (3, 10)), (4, (4, 9)), (4, (5, 9))})
filtered indicatorobj: frozenset({(4, (5, 7)), (4, (5, 10)), (4, (5, 9))})
nindsd: 1
ninds: 2
sampled indicatorobj: {(4, (5, 7)), (4, (5, 10))}
Updated gi: ((3, 3, 3, 3, 3, 3, 3, 3, 3, 3, 3, 3, 3, 3, 3, 3, 3, 3, 3, 3, 3, 3, 3), (3, 3, 3, 3, 3, 3, 3, 3, 3, 3, 3, 3, 3, 3, 3, 3, 3, 3, 3, 3, 3, 3, 3), (3, 3, 3, 3, 3, 3, 3, 3, 3, 3, 3, 3, 3, 3, 3, 3, 3, 3, 3, 3, 3, 3, 3), (3, 3, 3, 3, 3, 3, 3, 3, 3, 3, 3, 3, 3, 3, 3, 3, 3, 3, 3, 3, 3, 3, 3), (3, 3, 3, 3, 3, 3, 3, 3, 3, 3, 3, 3, 3, 3, 3, 3, 3, 3, 3, 3, 3, 3, 3), (3, 3, 3, 3, 3, 3, 3, 5, 3, 3, 5, 3, 3, 3, 3, 3, 3, 3, 3, 3, 3, 3, 3), (3, 3, 3, 3, 3, 3, 3, 3, 3, 3, 3, 3, 3, 3, 3, 3, 3, 3, 3, 3, 3, 3, 3), (3, 3, 3, 3, 3, 3, 3, 4, 4, 4, 4, 3, 3, 3, 3, 3, 3, 3, 3, 3, 3, 3, 3), (3, 3, 3, 3, 3, 3, 3, 3, 4, 4, 4, 3, 3, 3, 3, 3, 3, 3, 3, 3, 3, 3, 3), (3, 3, 3, 3, 3, 3, 3, 4, 3, 4, 4, 3, 3, 3, 3, 3, 3, 3, 3, 3, 3, 3, 3), (3, 3, 3, 3, 3, 3, 3, 3, 3, 3, 3, 3, 3, 3, 3, 3, 3, 3, 3, 3, 3, 3, 3), (3, 3, 3, 3, 3, 3, 3, 3, 3, 3, 3, 3, 3, 3, 3, 3, 3, 3, 3, 3, 3, 3, 3), (3, 3, 3, 3, 3, 5, 3, 3, 3, 3, 3, 3, 3, 3, 3, 3, 3, 3, 3, 3, 3, 3, 3), (3, 3, 3, 3, 3, 5, 3, 3, 3, 3, 3, 3, 3, 3, 3, 3, 3, 3, 3, 3, 3, 3, 3))
indicatorobj: frozenset({(4, (12, 15)), (4, (13, 15)), (4, (11, 13)), (4, (12, 13)), (4, (13, 12)), (4, (13, 14)), (4, (11, 15)), (4, (11, 14)), (4, (12, 14)), (4, (11, 12))})
filtered indicatorobj: frozenset({(4, (11, 13)), (4, (13, 12)), (4, (11, 15)), (4, (11, 14)), (4, (11, 12))})
nindsd: 1
ninds: 4
sampled indicatorobj: {(4, (11, 15)), (4, (11, 12)), (4, (11, 14)), (4, (13, 12))}
Updated gi: ((3, 3, 3, 3, 3, 3, 3, 3, 3, 3, 3, 3, 3, 3, 3, 3, 3, 3, 3, 3, 3, 3, 3), (3, 3, 3, 3, 3, 3, 3, 3, 3, 3, 3, 3, 3, 3, 3, 3, 3, 3, 3, 3, 3, 3, 3), (3, 3, 3, 3, 3, 3, 3, 3, 3, 3, 3, 3, 3, 3, 3, 3, 3, 3, 3, 3, 3, 3, 3), (3, 3, 3, 3, 3, 3, 3, 3, 3, 3, 3, 3, 3, 3, 3, 3, 3, 3, 3, 3, 3, 3, 3), (3, 3, 3, 3, 3, 3, 3, 3, 3, 3, 3, 3, 3, 3, 3, 3, 3, 3, 3, 3, 3, 3, 3), (3, 3, 3, 3, 3, 3, 3, 5, 3, 3, 5, 3, 3, 3, 3, 3, 3, 3, 3, 3, 3, 3, 3), (3, 3, 3, 3, 3, 3, 3, 3, 3, 3, 3, 3, 3, 3, 3, 3, 3, 3, 3, 3, 3, 3, 3), (3, 3, 3, 3, 3, 3, 3, 4, 4, 4, 4, 3, 3, 3, 3, 3, 3, 3, 3, 3, 3, 3, 3), (3, 3, 3, 3, 3, 3, 3, 3, 4, 4, 4, 3, 3, 3, 3, 3, 3, 3, 3, 3, 3, 3, 3), (3, 3, 3, 3, 3, 3, 3, 4, 3, 4, 4, 3, 3, 3, 3, 3, 3, 3, 3, 3, 3, 3, 3), (3, 3, 3, 3, 3, 3, 3, 3, 3, 3, 3, 3, 3, 3, 3, 3, 3, 3, 3, 3, 3, 3, 3), (3, 3, 3, 3, 3, 3, 3, 3, 3, 3, 3, 3, 5, 3, 5, 5, 3, 3, 3, 3, 3, 3, 3), (3, 3, 3, 3, 3, 5, 3, 3, 3, 3, 3, 3, 3, 3, 3, 3, 3, 3, 3, 3, 3, 3, 3), (3, 3, 3, 3, 3, 5, 3, 3, 3, 3, 3, 3, 5, 3, 3, 3, 3, 3, 3, 3, 3, 3, 3))
indicatorobj: frozenset({(4, (4, 4)), (4, (5, 4)), (4, (3, 3)), (4, (5, 2)), (4, (3, 5)), (4, (3, 2)), (4, (4, 5)), (4, (3, 4)), (4, (4, 3)), (4, (5, 5))})
filtered indicatorobj: frozenset({(4, (5, 4)), (4, (5, 2)), (4, (3, 5)), (4, (4, 5)), (4, (5, 5))})
nindsd: 0
ninds: 5
sampled indicatorobj: {(4, (5, 4)), (4, (5, 2)), (4, (3, 5)), (4, (4, 5)), (4, (5, 5))}
Updated gi: ((3, 3, 3, 3, 3, 3, 3, 3, 3, 3, 3, 3, 3, 3, 3, 3, 3, 3, 3, 3, 3, 3, 3), (3, 3, 3, 3, 3, 3, 3, 3, 3, 3, 3, 3, 3, 3, 3, 3, 3, 3, 3, 3, 3, 3, 3), (3, 3, 3, 3, 3, 3, 3, 3, 3, 3, 3, 3, 3, 3, 3, 3, 3, 3, 3, 3, 3, 3, 3), (3, 3, 3, 3, 3, 5, 3, 3, 3, 3, 3, 3, 3, 3, 3, 3, 3, 3, 3, 3, 3, 3, 3), (3, 3, 3, 3, 3, 5, 3, 3, 3, 3, 3, 3, 3, 3, 3, 3, 3, 3, 3, 3, 3, 3, 3), (3, 3, 5, 3, 5, 5, 3, 5, 3, 3, 5, 3, 3, 3, 3, 3, 3, 3, 3, 3, 3, 3, 3), (3, 3, 3, 3, 3, 3, 3, 3, 3, 3, 3, 3, 3, 3, 3, 3, 3, 3, 3, 3, 3, 3, 3), (3, 3, 3, 3, 3, 3, 3, 4, 4, 4, 4, 3, 3, 3, 3, 3, 3, 3, 3, 3, 3, 3, 3), (3, 3, 3, 3, 3, 3, 3, 3, 4, 4, 4, 3, 3, 3, 3, 3, 3, 3, 3, 3, 3, 3, 3), (3, 3, 3, 3, 3, 3, 3, 4, 3, 4, 4, 3, 3, 3, 3, 3, 3, 3, 3, 3, 3, 3, 3), (3, 3, 3, 3, 3, 3, 3, 3, 3, 3, 3, 3, 3, 3, 3, 3, 3, 3, 3, 3, 3, 3, 3), (3, 3, 3, 3, 3, 3, 3, 3, 3, 3, 3, 3, 5, 3, 5, 5, 3, 3, 3, 3, 3, 3, 3), (3, 3, 3, 3, 3, 5, 3, 3, 3, 3, 3, 3, 3, 3, 3, 3, 3, 3, 3, 3, 3, 3, 3), (3, 3, 3, 3, 3, 5, 3, 3, 3, 3, 3, 3, 5, 3, 3, 3, 3, 3, 3, 3, 3, 3, 3))
indicatorobj: frozenset({(4, (9, 14)), (4, (9, 12)), (4, (9, 15)), (4, (8, 13)), (4, (8, 15)), (4, (7, 13)), (4, (8, 14)), (4, (7, 15)), (4, (7, 12)), (4, (7, 14))})
filtered indicatorobj: frozenset({(4, (9, 12)), (4, (7, 12))})
nindsd: 0
ninds: 2
sampled indicatorobj: {(4, (9, 12)), (4, (7, 12))}
Updated gi: ((3, 3, 3, 3, 3, 3, 3, 3, 3, 3, 3, 3, 3, 3, 3, 3, 3, 3, 3, 3, 3, 3, 3), (3, 3, 3, 3, 3, 3, 3, 3, 3, 3, 3, 3, 3, 3, 3, 3, 3, 3, 3, 3, 3, 3, 3), (3, 3, 3, 3, 3, 3, 3, 3, 3, 3, 3, 3, 3, 3, 3, 3, 3, 3, 3, 3, 3, 3, 3), (3, 3, 3, 3, 3, 5, 3, 3, 3, 3, 3, 3, 3, 3, 3, 3, 3, 3, 3, 3, 3, 3, 3), (3, 3, 3, 3, 3, 5, 3, 3, 3, 3, 3, 3, 3, 3, 3, 3, 3, 3, 3, 3, 3, 3, 3), (3, 3, 5, 3, 5, 5, 3, 5, 3, 3, 5, 3, 3, 3, 3, 3, 3, 3, 3, 3, 3, 3, 3), (3, 3, 3, 3, 3, 3, 3, 3, 3, 3, 3, 3, 3, 3, 3, 3, 3, 3, 3, 3, 3, 3, 3), (3, 3, 3, 3, 3, 3, 3, 4, 4, 4, 4, 3, 0, 3, 3, 3, 3, 3, 3, 3, 3, 3, 3), (3, 3, 3, 3, 3, 3, 3, 3, 4, 4, 4, 3, 3, 3, 3, 3, 3, 3, 3, 3, 3, 3, 3), (3, 3, 3, 3, 3, 3, 3, 4, 3, 4, 4, 3, 0, 3, 3, 3, 3, 3, 3, 3, 3, 3, 3), (3, 3, 3, 3, 3, 3, 3, 3, 3, 3, 3, 3, 3, 3, 3, 3, 3, 3, 3, 3, 3, 3, 3), (3, 3, 3, 3, 3, 3, 3, 3, 3, 3, 3, 3, 5, 3, 5, 5, 3, 3, 3, 3, 3, 3, 3), (3, 3, 3, 3, 3, 5, 3, 3, 3, 3, 3, 3, 3, 3, 3, 3, 3, 3, 3, 3, 3, 3, 3), (3, 3, 3, 3, 3, 5, 3, 3, 3, 3, 3, 3, 5, 3, 3, 3, 3, 3, 3, 3, 3, 3, 3))
indicatorobj: frozenset({(4, (7, 5)), (4, (9, 4)), (4, (8, 5)), (4, (7, 3)), (4, (7, 2)), (4, (8, 4)), (4, (9, 5)), (4, (9, 2)), (4, (7, 4)), (4, (8, 3))})
filtered indicatorobj: frozenset({(4, (7, 5)), (4, (8, 5)), (4, (9, 5))})
nindsd: 1
ninds: 2
sampled indicatorobj: {(4, (7, 5)), (4, (9, 5))}
Updated gi: ((3, 3, 3, 3, 3, 3, 3, 3, 3, 3, 3, 3, 3, 3, 3, 3, 3, 3, 3, 3, 3, 3, 3), (3, 3, 3, 3, 3, 3, 3, 3, 3, 3, 3, 3, 3, 3, 3, 3, 3, 3, 3, 3, 3, 3, 3), (3, 3, 3, 3, 3, 3, 3, 3, 3, 3, 3, 3, 3, 3, 3, 3, 3, 3, 3, 3, 3, 3, 3), (3, 3, 3, 3, 3, 5, 3, 3, 3, 3, 3, 3, 3, 3, 3, 3, 3, 3, 3, 3, 3, 3, 3), (3, 3, 3, 3, 3, 5, 3, 3, 3, 3, 3, 3, 3, 3, 3, 3, 3, 3, 3, 3, 3, 3, 3), (3, 3, 5, 3, 5, 5, 3, 5, 3, 3, 5, 3, 3, 3, 3, 3, 3, 3, 3, 3, 3, 3, 3), (3, 3, 3, 3, 3, 3, 3, 3, 3, 3, 3, 3, 3, 3, 3, 3, 3, 3, 3, 3, 3, 3, 3), (3, 3, 3, 3, 3, 5, 3, 4, 4, 4, 4, 3, 0, 3, 3, 3, 3, 3, 3, 3, 3, 3, 3), (3, 3, 3, 3, 3, 3, 3, 3, 4, 4, 4, 3, 3, 3, 3, 3, 3, 3, 3, 3, 3, 3, 3), (3, 3, 3, 3, 3, 5, 3, 4, 3, 4, 4, 3, 0, 3, 3, 3, 3, 3, 3, 3, 3, 3, 3), (3, 3, 3, 3, 3, 3, 3, 3, 3, 3, 3, 3, 3, 3, 3, 3, 3, 3, 3, 3, 3, 3, 3), (3, 3, 3, 3, 3, 3, 3, 3, 3, 3, 3, 3, 5, 3, 5, 5, 3, 3, 3, 3, 3, 3, 3), (3, 3, 3, 3, 3, 5, 3, 3, 3, 3, 3, 3, 3, 3, 3, 3, 3, 3, 3, 3, 3, 3, 3), (3, 3, 3, 3, 3, 5, 3, 3, 3, 3, 3, 3, 5, 3, 3, 3, 3, 3, 3, 3, 3, 3, 3))
