Modified Function Code:
from re_arc.dsl import *
def generate_3c9b0459() -> float:
    diff_lb = 0
    diff_ub = 1
    dim_bounds = (1, 30)
    cols = interval(0, 10, 1)
    h = unifint(diff_lb, diff_ub, (1, 30))
    print(f"h: {h}")
    w = unifint(diff_lb, diff_ub, (1, 30))
    print(f"w: {w}")
    bgc = choice(cols)
    print(f"bgc: {bgc}")
    gi = canvas(bgc, (h, w))
    print(f"gi: {gi}")
    remcols = remove(bgc, cols)
    numc = unifint(diff_lb, diff_ub, (0, min(9, h * w)))
    print(f"numc: {numc}")
    colsch = sample(remcols, numc)
    print(f"colsch: {colsch}")
    inds = totuple(asindices(gi))
    for col in colsch:
        num = unifint(diff_lb, diff_ub, (1, max(1, len(inds) // numc)))
        print(f"num: {num}")
        chos = sample(inds, num)
        print(f"chos: {chos}")
        gi = fill(gi, col, chos)
        inds = difference(inds, chos)
    return gi

Printed Outputs:
h: 13
w: 28
bgc: 7
gi: ((7, 7, 7, 7, 7, 7, 7, 7, 7, 7, 7, 7, 7, 7, 7, 7, 7, 7, 7, 7, 7, 7, 7, 7, 7, 7, 7, 7), (7, 7, 7, 7, 7, 7, 7, 7, 7, 7, 7, 7, 7, 7, 7, 7, 7, 7, 7, 7, 7, 7, 7, 7, 7, 7, 7, 7), (7, 7, 7, 7, 7, 7, 7, 7, 7, 7, 7, 7, 7, 7, 7, 7, 7, 7, 7, 7, 7, 7, 7, 7, 7, 7, 7, 7), (7, 7, 7, 7, 7, 7, 7, 7, 7, 7, 7, 7, 7, 7, 7, 7, 7, 7, 7, 7, 7, 7, 7, 7, 7, 7, 7, 7), (7, 7, 7, 7, 7, 7, 7, 7, 7, 7, 7, 7, 7, 7, 7, 7, 7, 7, 7, 7, 7, 7, 7, 7, 7, 7, 7, 7), (7, 7, 7, 7, 7, 7, 7, 7, 7, 7, 7, 7, 7, 7, 7, 7, 7, 7, 7, 7, 7, 7, 7, 7, 7, 7, 7, 7), (7, 7, 7, 7, 7, 7, 7, 7, 7, 7, 7, 7, 7, 7, 7, 7, 7, 7, 7, 7, 7, 7, 7, 7, 7, 7, 7, 7), (7, 7, 7, 7, 7, 7, 7, 7, 7, 7, 7, 7, 7, 7, 7, 7, 7, 7, 7, 7, 7, 7, 7, 7, 7, 7, 7, 7), (7, 7, 7, 7, 7, 7, 7, 7, 7, 7, 7, 7, 7, 7, 7, 7, 7, 7, 7, 7, 7, 7, 7, 7, 7, 7, 7, 7), (7, 7, 7, 7, 7, 7, 7, 7, 7, 7, 7, 7, 7, 7, 7, 7, 7, 7, 7, 7, 7, 7, 7, 7, 7, 7, 7, 7), (7, 7, 7, 7, 7, 7, 7, 7, 7, 7, 7, 7, 7, 7, 7, 7, 7, 7, 7, 7, 7, 7, 7, 7, 7, 7, 7, 7), (7, 7, 7, 7, 7, 7, 7, 7, 7, 7, 7, 7, 7, 7, 7, 7, 7, 7, 7, 7, 7, 7, 7, 7, 7, 7, 7, 7), (7, 7, 7, 7, 7, 7, 7, 7, 7, 7, 7, 7, 7, 7, 7, 7, 7, 7, 7, 7, 7, 7, 7, 7, 7, 7, 7, 7))
numc: 5
colsch: [4, 1, 8, 6, 0]
num: 50
chos: [(2, 4), (8, 9), (5, 15), (1, 23), (5, 20), (7, 19), (11, 25), (4, 22), (10, 13), (4, 17), (8, 18), (11, 7), (12, 4), (8, 25), (5, 5), (9, 23), (7, 18), (6, 5), (11, 0), (3, 5), (2, 12), (12, 2), (12, 8), (1, 11), (3, 2), (0, 2), (5, 23), (9, 3), (2, 13), (9, 7), (5, 19), (0, 7), (6, 4), (8, 17), (2, 5), (3, 11), (0, 20), (0, 14), (3, 27), (3, 9), (8, 11), (10, 6), (9, 16), (2, 3), (4, 23), (12, 27), (5, 10), (11, 23), (8, 21), (1, 19)]
num: 56
chos: [(8, 23), (12, 25), (9, 25), (8, 8), (9, 24), (7, 6), (3, 0), (0, 12), (4, 19), (8, 5), (0, 21), (8, 27), (8, 24), (11, 3), (12, 0), (1, 2), (9, 9), (3, 17), (0, 18), (6, 19), (5, 22), (1, 6), (2, 11), (10, 3), (11, 16), (4, 5), (0, 17), (3, 15), (2, 23), (2, 25), (6, 8), (12, 22), (1, 22), (6, 24), (5, 9), (0, 11), (7, 25), (11, 1), (5, 16), (12, 18), (12, 13), (3, 3), (11, 27), (5, 0), (9, 15), (10, 9), (12, 21), (3, 12), (5, 12), (2, 17), (7, 3), (1, 18), (5, 21), (7, 8), (9, 14), (5, 3)]
num: 16
chos: [(1, 7), (3, 24), (2, 7), (10, 2), (6, 16), (11, 4), (1, 8), (1, 3), (12, 26), (1, 16), (9, 10), (3, 1), (0, 25), (12, 12), (7, 9), (0, 22)]
num: 6
chos: [(10, 18), (12, 15), (4, 27), (5, 26), (10, 4), (10, 11)]
num: 4
chos: [(2, 18), (4, 14), (5, 17), (8, 1)]
