Modified Function Code:
from re_arc.dsl import *
def generate_00d62c1b() -> dict:
    diff_lb = 0
    print(f"diff_lb: {diff_lb}")
    diff_ub = 1
    print(f"diff_ub: {diff_ub}")
    
    cols = remove(4, interval(0, 10, 1))
    print(f"cols: {cols}")
    
    h = unifint(diff_lb, diff_ub, (5, 30))
    print(f"h: {h}")
    
    w = unifint(diff_lb, diff_ub, (5, 30))
    print(f"w: {w}")
    
    bgc, fgc = sample(cols, 2)
    print(f"bgc: {bgc}, fgc: {fgc}")
    
    gi = canvas(bgc, (h, w))
    print(f"gi: {gi}")
    
    nblocks = unifint(diff_lb, diff_ub, (1, (h * w) // 20))
    print(f"nblocks: {nblocks}")
    
    succ = 0
    print(f"succ: {succ}")
    
    tr = 0
    print(f"tr: {tr}")
    
    maxtr = 5 * nblocks
    print(f"maxtr: {maxtr}")
    
    inds = asindices(gi)
    print(f"inds: {inds}")
    
    while succ < nblocks and tr < maxtr:
        tr += 1
        print(f"tr (inside loop): {tr}")
        
        oh = randint(3, 8)
        print(f"oh: {oh}")
        
        ow = randint(3, 8)
        print(f"ow: {ow}")
        
        cands = sfilter(inds, lambda ij: ij[0] <= h - oh and ij[1] <= w - ow)
        print(f"cands: {cands}")
        
        if len(cands) == 0:
            continue
        
        loc = choice(totuple(cands))
        loci, locj = loc
        print(f"loc: {loc}, loci: {loci}, locj: {locj}")
        
        bx = box(frozenset({(loci, locj), (loci + oh - 1, locj + ow - 1)}))
        print(f"bx: {bx}")
        
        bx = bx - set(sample(totuple(corners(bx)), randint(0, 4)))
        print(f"bx after removing corners: {bx}")
        
        if bx.issubset(inds) and len(inds - bx) > (h * w) // 2 + 1:
            gi = fill(gi, fgc, bx)
            print(f"gi after filling: {gi}")
            
            succ += 1
            print(f"succ after increment: {succ}")
            
            inds = inds - bx
            print(f"inds after removing bx: {inds}")
    
    maxnnoise = max(0, (h * w) // 2 - 1 - colorcount(gi, fgc))
    print(f"maxnnoise: {maxnnoise}")
    
    namt = unifint(diff_lb, diff_ub, (0, maxnnoise))
    print(f"namt: {namt}")
    
    noise = sample(totuple(inds), namt)
    print(f"noise: {noise}")
    
    gi = fill(gi, fgc, noise)
    print(f"gi after adding noise: {gi}")
    
    objs = objects(gi, T, F, F)
    print(f"objs: {objs}")
    
    cands = colorfilter(objs, bgc)
    print(f"cands: {cands}")
    
    res = mfilter(cands, compose(flip, rbind(bordering, gi)))
    print(f"res: {res}")
    
    return {'input': gi}

Printed Outputs:
diff_lb: 0
diff_ub: 1
cols: (0, 1, 2, 3, 5, 6, 7, 8, 9)
h: 8
w: 19
bgc: 8, fgc: 7
gi: ((8, 8, 8, 8, 8, 8, 8, 8, 8, 8, 8, 8, 8, 8, 8, 8, 8, 8, 8), (8, 8, 8, 8, 8, 8, 8, 8, 8, 8, 8, 8, 8, 8, 8, 8, 8, 8, 8), (8, 8, 8, 8, 8, 8, 8, 8, 8, 8, 8, 8, 8, 8, 8, 8, 8, 8, 8), (8, 8, 8, 8, 8, 8, 8, 8, 8, 8, 8, 8, 8, 8, 8, 8, 8, 8, 8), (8, 8, 8, 8, 8, 8, 8, 8, 8, 8, 8, 8, 8, 8, 8, 8, 8, 8, 8), (8, 8, 8, 8, 8, 8, 8, 8, 8, 8, 8, 8, 8, 8, 8, 8, 8, 8, 8), (8, 8, 8, 8, 8, 8, 8, 8, 8, 8, 8, 8, 8, 8, 8, 8, 8, 8, 8), (8, 8, 8, 8, 8, 8, 8, 8, 8, 8, 8, 8, 8, 8, 8, 8, 8, 8, 8))
nblocks: 3
succ: 0
tr: 0
maxtr: 15
inds: frozenset({(6, 18), (4, 0), (7, 17), (4, 9), (5, 1), (3, 13), (5, 10), (0, 5), (2, 2), (0, 14), (2, 11), (6, 2), (7, 1), (1, 15), (6, 11), (7, 10), (4, 2), (3, 6), (5, 3), (3, 15), (5, 12), (0, 7), (2, 4), (0, 16), (1, 8), (6, 4), (7, 3), (1, 17), (6, 13), (7, 12), (3, 8), (5, 5), (0, 0), (3, 17), (5, 14), (0, 9), (1, 10), (6, 6), (7, 5), (7, 14), (3, 1), (3, 10), (5, 7), (0, 2), (5, 16), (4, 18), (1, 3), (1, 12), (7, 7), (7, 16), (3, 3), (5, 0), (3, 12), (5, 9), (4, 11), (5, 18), (1, 5), (6, 1), (7, 0), (1, 14), (2, 13), (7, 9), (3, 5), (5, 2), (4, 4), (3, 14), (5, 11), (4, 13), (1, 7), (2, 6), (7, 2), (1, 16), (0, 18), (2, 15), (7, 11), (6, 15), (3, 7), (5, 4), (4, 6), (3, 16), (5, 13), (4, 15), (1, 0), (1, 9), (0, 11), (2, 8), (7, 4), (1, 18), (2, 17), (6, 8), (3, 0), (6, 17), (3, 9), (5, 6), (4, 8), (3, 18), (4, 17), (1, 2), (0, 4), (2, 1), (1, 11), (0, 13), (2, 10), (6, 10), (3, 2), (4, 1), (7, 18), (3, 11), (4, 10), (1, 4), (0, 6), (2, 3), (1, 13), (0, 15), (2, 12), (6, 3), (6, 12), (3, 4), (4, 3), (4, 12), (1, 6), (0, 8), (2, 5), (0, 17), (2, 14), (6, 5), (6, 14), (7, 13), (4, 5), (4, 14), (0, 1), (5, 15), (0, 10), (2, 7), (2, 16), (6, 7), (7, 6), (6, 16), (7, 15), (4, 7), (4, 16), (5, 8), (1, 1), (0, 3), (2, 0), (5, 17), (0, 12), (2, 9), (2, 18), (6, 0), (6, 9), (7, 8)})
tr (inside loop): 1
oh: 3
ow: 5
cands: frozenset({(4, 0), (4, 9), (5, 1), (3, 13), (5, 10), (0, 5), (2, 2), (0, 14), (2, 11), (4, 2), (3, 6), (5, 3), (5, 12), (0, 7), (2, 4), (1, 8), (3, 8), (5, 5), (0, 0), (5, 14), (0, 9), (1, 10), (3, 1), (3, 10), (5, 7), (0, 2), (1, 3), (1, 12), (3, 3), (5, 0), (3, 12), (5, 9), (4, 11), (1, 5), (1, 14), (2, 13), (3, 5), (5, 2), (4, 4), (3, 14), (5, 11), (4, 13), (1, 7), (2, 6), (3, 7), (5, 4), (4, 6), (5, 13), (1, 0), (1, 9), (0, 11), (2, 8), (3, 0), (3, 9), (5, 6), (4, 8), (1, 2), (0, 4), (2, 1), (1, 11), (0, 13), (2, 10), (3, 2), (4, 1), (3, 11), (4, 10), (1, 4), (0, 6), (2, 3), (1, 13), (2, 12), (3, 4), (4, 3), (4, 12), (1, 6), (0, 8), (2, 5), (2, 14), (4, 5), (4, 14), (0, 1), (0, 10), (2, 7), (4, 7), (5, 8), (1, 1), (0, 3), (2, 0), (0, 12), (2, 9)})
loc: (1, 1), loci: 1, locj: 1
bx: frozenset({(1, 2), (2, 1), (3, 4), (1, 5), (3, 1), (1, 1), (1, 4), (3, 3), (3, 2), (2, 5), (1, 3), (3, 5)})
bx after removing corners: frozenset({(1, 2), (2, 1), (3, 4), (1, 5), (3, 1), (1, 4), (3, 3), (3, 2), (2, 5), (1, 3), (3, 5)})
gi after filling: ((8, 8, 8, 8, 8, 8, 8, 8, 8, 8, 8, 8, 8, 8, 8, 8, 8, 8, 8), (8, 8, 7, 7, 7, 7, 8, 8, 8, 8, 8, 8, 8, 8, 8, 8, 8, 8, 8), (8, 7, 8, 8, 8, 7, 8, 8, 8, 8, 8, 8, 8, 8, 8, 8, 8, 8, 8), (8, 7, 7, 7, 7, 7, 8, 8, 8, 8, 8, 8, 8, 8, 8, 8, 8, 8, 8), (8, 8, 8, 8, 8, 8, 8, 8, 8, 8, 8, 8, 8, 8, 8, 8, 8, 8, 8), (8, 8, 8, 8, 8, 8, 8, 8, 8, 8, 8, 8, 8, 8, 8, 8, 8, 8, 8), (8, 8, 8, 8, 8, 8, 8, 8, 8, 8, 8, 8, 8, 8, 8, 8, 8, 8, 8), (8, 8, 8, 8, 8, 8, 8, 8, 8, 8, 8, 8, 8, 8, 8, 8, 8, 8, 8))
succ after increment: 1
inds after removing bx: frozenset({(6, 18), (4, 0), (7, 17), (4, 9), (5, 1), (3, 13), (5, 10), (0, 5), (2, 2), (0, 14), (2, 11), (6, 2), (7, 1), (1, 15), (6, 11), (7, 10), (4, 2), (3, 6), (5, 3), (3, 15), (5, 12), (0, 7), (2, 4), (0, 16), (1, 8), (6, 4), (7, 3), (1, 17), (6, 13), (7, 12), (3, 8), (5, 5), (0, 0), (3, 17), (5, 14), (0, 9), (1, 10), (6, 6), (7, 5), (7, 14), (3, 10), (5, 7), (0, 2), (5, 16), (4, 18), (1, 12), (7, 7), (7, 16), (5, 0), (3, 12), (5, 9), (4, 11), (5, 18), (6, 1), (7, 0), (1, 14), (2, 13), (7, 9), (5, 2), (4, 4), (3, 14), (5, 11), (4, 13), (1, 7), (2, 6), (7, 2), (1, 16), (0, 18), (2, 15), (7, 11), (6, 15), (3, 7), (5, 4), (4, 6), (3, 16), (5, 13), (4, 15), (1, 0), (1, 9), (0, 11), (2, 8), (7, 4), (1, 18), (2, 17), (6, 8), (3, 0), (6, 17), (3, 9), (5, 6), (4, 8), (3, 18), (4, 17), (0, 4), (1, 11), (0, 13), (2, 10), (6, 10), (4, 1), (7, 18), (3, 11), (4, 10), (0, 6), (2, 3), (1, 13), (0, 15), (2, 12), (6, 3), (6, 12), (4, 3), (4, 12), (1, 6), (0, 8), (0, 17), (2, 14), (6, 5), (6, 14), (7, 13), (4, 5), (4, 14), (0, 1), (5, 15), (0, 10), (2, 7), (2, 16), (6, 7), (7, 6), (6, 16), (7, 15), (4, 7), (4, 16), (5, 8), (1, 1), (0, 3), (2, 0), (5, 17), (0, 12), (2, 9), (2, 18), (6, 0), (6, 9), (7, 8)})
tr (inside loop): 2
oh: 8
ow: 5
cands: frozenset({(0, 1), (0, 7), (0, 4), (0, 10), (0, 0), (0, 13), (0, 3), (0, 9), (0, 6), (0, 12), (0, 2), (0, 5), (0, 8), (0, 14), (0, 11)})
loc: (0, 10), loci: 0, locj: 10
bx: frozenset({(0, 10), (0, 13), (2, 10), (1, 14), (3, 10), (5, 10), (7, 12), (6, 10), (0, 14), (0, 11), (2, 14), (4, 10), (3, 14), (5, 14), (7, 10), (6, 14), (7, 13), (0, 12), (1, 10), (4, 14), (7, 11), (7, 14)})
bx after removing corners: frozenset({(0, 13), (2, 10), (1, 14), (3, 10), (5, 10), (7, 12), (6, 10), (0, 11), (2, 14), (4, 10), (3, 14), (5, 14), (6, 14), (7, 13), (0, 12), (1, 10), (4, 14), (7, 11), (7, 14)})
gi after filling: ((8, 8, 8, 8, 8, 8, 8, 8, 8, 8, 8, 7, 7, 7, 8, 8, 8, 8, 8), (8, 8, 7, 7, 7, 7, 8, 8, 8, 8, 7, 8, 8, 8, 7, 8, 8, 8, 8), (8, 7, 8, 8, 8, 7, 8, 8, 8, 8, 7, 8, 8, 8, 7, 8, 8, 8, 8), (8, 7, 7, 7, 7, 7, 8, 8, 8, 8, 7, 8, 8, 8, 7, 8, 8, 8, 8), (8, 8, 8, 8, 8, 8, 8, 8, 8, 8, 7, 8, 8, 8, 7, 8, 8, 8, 8), (8, 8, 8, 8, 8, 8, 8, 8, 8, 8, 7, 8, 8, 8, 7, 8, 8, 8, 8), (8, 8, 8, 8, 8, 8, 8, 8, 8, 8, 7, 8, 8, 8, 7, 8, 8, 8, 8), (8, 8, 8, 8, 8, 8, 8, 8, 8, 8, 8, 7, 7, 7, 7, 8, 8, 8, 8))
succ after increment: 2
inds after removing bx: frozenset({(6, 18), (4, 0), (7, 17), (4, 9), (5, 1), (3, 13), (0, 5), (2, 2), (0, 14), (2, 11), (6, 2), (7, 1), (1, 15), (6, 11), (7, 10), (4, 2), (3, 6), (5, 3), (3, 15), (5, 12), (0, 7), (2, 4), (0, 16), (1, 8), (6, 4), (7, 3), (1, 17), (6, 13), (3, 8), (5, 5), (0, 0), (3, 17), (0, 9), (6, 6), (7, 5), (5, 7), (0, 2), (5, 16), (4, 18), (1, 12), (7, 7), (7, 16), (5, 0), (3, 12), (5, 9), (4, 11), (5, 18), (6, 1), (7, 0), (2, 13), (7, 9), (5, 2), (4, 4), (5, 11), (4, 13), (1, 7), (2, 6), (7, 2), (1, 16), (0, 18), (2, 15), (6, 15), (3, 7), (5, 4), (4, 6), (3, 16), (5, 13), (4, 15), (1, 0), (1, 9), (2, 8), (7, 4), (1, 18), (2, 17), (6, 8), (3, 0), (6, 17), (3, 9), (5, 6), (4, 8), (3, 18), (4, 17), (0, 4), (1, 11), (4, 1), (7, 18), (3, 11), (0, 6), (2, 3), (1, 13), (0, 15), (2, 12), (6, 3), (6, 12), (4, 3), (4, 12), (1, 6), (0, 8), (0, 17), (6, 5), (4, 5), (0, 1), (5, 15), (0, 10), (2, 7), (2, 16), (6, 7), (7, 6), (6, 16), (7, 15), (4, 7), (4, 16), (5, 8), (1, 1), (0, 3), (2, 0), (5, 17), (2, 9), (2, 18), (6, 0), (6, 9), (7, 8)})
tr (inside loop): 3
oh: 4
ow: 7
cands: frozenset({(4, 0), (4, 3), (4, 9), (3, 7), (4, 6), (4, 12), (0, 2), (0, 5), (2, 2), (1, 0), (1, 6), (0, 8), (2, 11), (1, 9), (2, 8), (1, 12), (4, 2), (3, 0), (4, 5), (3, 9), (4, 8), (3, 6), (3, 12), (4, 11), (0, 1), (0, 7), (2, 4), (0, 4), (0, 10), (2, 7), (1, 11), (1, 8), (4, 1), (4, 7), (3, 11), (4, 4), (3, 8), (0, 0), (1, 1), (0, 3), (0, 9), (2, 0), (0, 6), (2, 3), (2, 9), (1, 7), (2, 6), (2, 12)})
loc: (4, 3), loci: 4, locj: 3
bx: frozenset({(4, 3), (4, 9), (4, 6), (7, 3), (7, 9), (7, 6), (4, 7), (4, 4), (7, 4), (7, 7), (4, 5), (4, 8), (5, 3), (5, 9), (7, 5), (6, 3), (6, 9), (7, 8)})
bx after removing corners: frozenset({(4, 4), (7, 4), (7, 7), (4, 6), (4, 5), (7, 6), (4, 8), (5, 3), (5, 9), (7, 5), (6, 3), (6, 9), (4, 7), (7, 8)})
gi after filling: ((8, 8, 8, 8, 8, 8, 8, 8, 8, 8, 8, 7, 7, 7, 8, 8, 8, 8, 8), (8, 8, 7, 7, 7, 7, 8, 8, 8, 8, 7, 8, 8, 8, 7, 8, 8, 8, 8), (8, 7, 8, 8, 8, 7, 8, 8, 8, 8, 7, 8, 8, 8, 7, 8, 8, 8, 8), (8, 7, 7, 7, 7, 7, 8, 8, 8, 8, 7, 8, 8, 8, 7, 8, 8, 8, 8), (8, 8, 8, 8, 7, 7, 7, 7, 7, 8, 7, 8, 8, 8, 7, 8, 8, 8, 8), (8, 8, 8, 7, 8, 8, 8, 8, 8, 7, 7, 8, 8, 8, 7, 8, 8, 8, 8), (8, 8, 8, 7, 8, 8, 8, 8, 8, 7, 7, 8, 8, 8, 7, 8, 8, 8, 8), (8, 8, 8, 8, 7, 7, 7, 7, 7, 8, 8, 7, 7, 7, 7, 8, 8, 8, 8))
succ after increment: 3
inds after removing bx: frozenset({(6, 18), (4, 0), (7, 17), (6, 15), (4, 9), (3, 7), (5, 4), (5, 1), (3, 16), (5, 13), (4, 15), (3, 13), (0, 5), (2, 2), (1, 0), (0, 14), (2, 11), (1, 9), (2, 8), (6, 2), (1, 18), (7, 1), (1, 15), (2, 17), (6, 11), (7, 10), (6, 8), (4, 2), (3, 0), (6, 17), (3, 9), (5, 6), (3, 6), (3, 18), (4, 17), (3, 15), (5, 12), (0, 7), (2, 4), (0, 4), (0, 16), (1, 11), (1, 8), (6, 4), (7, 3), (1, 17), (6, 13), (4, 1), (7, 18), (3, 11), (3, 8), (5, 5), (6, 0), (0, 0), (3, 17), (0, 9), (0, 6), (2, 3), (1, 13), (0, 15), (2, 12), (6, 6), (6, 12), (4, 3), (4, 12), (5, 7), (0, 2), (5, 16), (4, 18), (1, 6), (0, 8), (0, 17), (1, 12), (6, 5), (7, 16), (5, 0), (3, 12), (4, 11), (5, 18), (0, 1), (5, 15), (0, 10), (2, 7), (6, 1), (7, 0), (2, 16), (2, 13), (7, 9), (6, 7), (6, 16), (7, 15), (5, 2), (4, 16), (5, 11), (4, 13), (5, 8), (1, 1), (0, 3), (2, 0), (5, 17), (2, 9), (1, 7), (2, 6), (7, 2), (1, 16), (0, 18), (2, 15), (2, 18)})
maxnnoise: 31
namt: 23
noise: [(5, 6), (4, 15), (6, 12), (1, 1), (4, 1), (2, 6), (2, 9), (4, 2), (7, 17), (7, 15), (4, 16), (2, 12), (2, 2), (1, 0), (1, 15), (6, 16), (6, 6), (6, 4), (3, 7), (4, 12), (3, 15), (1, 9), (7, 10)]
gi after adding noise: ((8, 8, 8, 8, 8, 8, 8, 8, 8, 8, 8, 7, 7, 7, 8, 8, 8, 8, 8), (7, 7, 7, 7, 7, 7, 8, 8, 8, 7, 7, 8, 8, 8, 7, 7, 8, 8, 8), (8, 7, 7, 8, 8, 7, 7, 8, 8, 7, 7, 8, 7, 8, 7, 8, 8, 8, 8), (8, 7, 7, 7, 7, 7, 8, 7, 8, 8, 7, 8, 8, 8, 7, 7, 8, 8, 8), (8, 7, 7, 8, 7, 7, 7, 7, 7, 8, 7, 8, 7, 8, 7, 7, 7, 8, 8), (8, 8, 8, 7, 8, 8, 7, 8, 8, 7, 7, 8, 8, 8, 7, 8, 8, 8, 8), (8, 8, 8, 7, 7, 8, 7, 8, 8, 7, 7, 8, 7, 8, 7, 8, 7, 8, 8), (8, 8, 8, 8, 7, 7, 7, 7, 7, 8, 7, 7, 7, 7, 7, 7, 8, 7, 8))
objs: frozenset({frozenset({(8, (1, 12)), (8, (2, 11)), (8, (2, 13)), (8, (6, 11)), (8, (6, 13)), (8, (5, 11)), (8, (4, 13)), (8, (5, 13)), (8, (1, 13)), (8, (3, 12)), (8, (4, 11)), (8, (1, 11)), (8, (3, 11)), (8, (3, 13)), (8, (5, 12))}), frozenset({(8, (4, 3))}), frozenset({(8, (7, 9))}), frozenset({(7, (7, 10)), (7, (7, 12)), (7, (5, 9)), (7, (3, 15)), (7, (3, 14)), (7, (4, 15)), (7, (5, 10)), (7, (2, 14)), (7, (4, 10)), (7, (6, 14)), (7, (7, 13)), (7, (7, 15)), (7, (1, 15)), (7, (6, 9)), (7, (4, 16)), (7, (1, 14)), (7, (3, 10)), (7, (1, 9)), (7, (7, 14)), (7, (2, 10)), (7, (6, 10)), (7, (2, 9)), (7, (7, 11)), (7, (6, 12)), (7, (5, 14)), (7, (1, 10)), (7, (4, 14))}), frozenset({(8, (7, 16))}), frozenset({(8, (2, 4)), (8, (2, 3))}), frozenset({(7, (1, 5)), (7, (7, 5)), (7, (2, 6)), (7, (3, 3)), (7, (1, 0)), (7, (2, 1)), (7, (4, 1)), (7, (5, 6)), (7, (3, 4)), (7, (1, 1)), (7, (7, 6)), (7, (2, 2)), (7, (3, 5)), (7, (1, 2)), (7, (6, 4)), (7, (4, 6)), (7, (6, 3)), (7, (5, 3)), (7, (4, 7)), (7, (3, 1)), (7, (4, 2)), (7, (6, 6)), (7, (4, 8)), (7, (2, 5)), (7, (7, 7)), (7, (3, 2)), (7, (7, 8)), (7, (1, 3)), (7, (4, 4)), (7, (3, 7)), (7, (1, 4)), (7, (4, 5)), (7, (7, 4))}), frozenset({(8, (6, 2)), (8, (7, 1)), (8, (4, 0)), (8, (5, 0)), (8, (6, 0)), (8, (7, 3)), (8, (7, 0)), (8, (5, 2)), (8, (7, 2)), (8, (6, 1)), (8, (2, 0)), (8, (3, 0)), (8, (5, 1))}), frozenset({(7, (2, 12))}), frozenset({(8, (3, 6))}), frozenset({(7, (6, 16))}), frozenset({(7, (4, 12))}), frozenset({(8, (6, 7)), (8, (5, 8)), (8, (6, 8)), (8, (5, 7))}), frozenset({(8, (0, 3)), (8, (0, 10)), (8, (0, 9)), (8, (3, 8)), (8, (1, 7)), (8, (1, 6)), (8, (0, 4)), (8, (0, 6)), (8, (3, 9)), (8, (1, 8)), (8, (2, 7)), (8, (4, 9)), (8, (0, 5)), (8, (0, 7)), (8, (2, 8)), (8, (0, 0)), (8, (0, 2)), (8, (0, 8)), (8, (0, 1))}), frozenset({(7, (7, 17))}), frozenset({(8, (5, 5)), (8, (6, 5)), (8, (5, 4))}), frozenset({(7, (0, 13)), (7, (0, 12)), (7, (0, 11))}), frozenset({(8, (6, 18)), (8, (5, 16)), (8, (0, 16)), (8, (1, 18)), (8, (2, 17)), (8, (7, 18)), (8, (0, 17)), (8, (3, 16)), (8, (5, 17)), (8, (5, 18)), (8, (3, 17)), (8, (2, 15)), (8, (1, 16)), (8, (0, 18)), (8, (6, 15)), (8, (4, 18)), (8, (3, 18)), (8, (4, 17)), (8, (6, 17)), (8, (2, 16)), (8, (5, 15)), (8, (0, 15)), (8, (1, 17)), (8, (0, 14)), (8, (2, 18))})})
cands: frozenset({frozenset({(8, (3, 6))}), frozenset({(8, (1, 12)), (8, (2, 11)), (8, (2, 13)), (8, (6, 11)), (8, (6, 13)), (8, (5, 11)), (8, (4, 13)), (8, (5, 13)), (8, (1, 13)), (8, (3, 12)), (8, (4, 11)), (8, (1, 11)), (8, (3, 11)), (8, (3, 13)), (8, (5, 12))}), frozenset({(8, (6, 7)), (8, (5, 8)), (8, (6, 8)), (8, (5, 7))}), frozenset({(8, (4, 3))}), frozenset({(8, (6, 18)), (8, (5, 16)), (8, (0, 16)), (8, (1, 18)), (8, (2, 17)), (8, (7, 18)), (8, (0, 17)), (8, (3, 16)), (8, (5, 17)), (8, (5, 18)), (8, (3, 17)), (8, (2, 15)), (8, (1, 16)), (8, (0, 18)), (8, (6, 15)), (8, (4, 18)), (8, (3, 18)), (8, (4, 17)), (8, (6, 17)), (8, (2, 16)), (8, (5, 15)), (8, (0, 15)), (8, (1, 17)), (8, (0, 14)), (8, (2, 18))}), frozenset({(8, (7, 9))}), frozenset({(8, (7, 16))}), frozenset({(8, (2, 4)), (8, (2, 3))}), frozenset({(8, (5, 5)), (8, (6, 5)), (8, (5, 4))}), frozenset({(8, (0, 3)), (8, (0, 10)), (8, (0, 9)), (8, (3, 8)), (8, (1, 7)), (8, (1, 6)), (8, (0, 4)), (8, (0, 6)), (8, (3, 9)), (8, (1, 8)), (8, (2, 7)), (8, (4, 9)), (8, (0, 5)), (8, (0, 7)), (8, (2, 8)), (8, (0, 0)), (8, (0, 2)), (8, (0, 8)), (8, (0, 1))}), frozenset({(8, (6, 2)), (8, (7, 1)), (8, (4, 0)), (8, (5, 0)), (8, (6, 0)), (8, (7, 3)), (8, (7, 0)), (8, (5, 2)), (8, (7, 2)), (8, (6, 1)), (8, (2, 0)), (8, (3, 0)), (8, (5, 1))})})
res: frozenset({(8, (1, 12)), (8, (3, 6)), (8, (6, 11)), (8, (4, 13)), (8, (5, 4)), (8, (1, 13)), (8, (3, 11)), (8, (4, 3)), (8, (6, 7)), (8, (5, 5)), (8, (3, 12)), (8, (3, 13)), (8, (2, 11)), (8, (6, 13)), (8, (5, 11)), (8, (6, 8)), (8, (5, 12)), (8, (2, 13)), (8, (5, 7)), (8, (5, 13)), (8, (4, 11)), (8, (1, 11)), (8, (2, 3)), (8, (5, 8)), (8, (6, 5)), (8, (2, 4))})
