Modified Function Code:
from re_arc.dsl import *
def generate_025d127b() -> dict:
    diff_lb = 0
    diff_ub = 1
    print(f"diff_lb: {diff_lb}, diff_ub: {diff_ub}")
    
    cols = interval(0, 10, 1)
    print(f"cols: {cols}")
    
    h = unifint(diff_lb, diff_ub, (5, 30))
    print(f"h: {h}")
    
    w = unifint(diff_lb, diff_ub, (5, 30))
    print(f"w: {w}")
    
    bgc = choice(cols)
    print(f"bgc: {bgc}")
    
    remcols = remove(bgc, cols)
    print(f"remcols: {remcols}")
    
    numcols = unifint(diff_lb, diff_ub, (1, 9))
    print(f"numcols: {numcols}")
    
    ccols = sample(remcols, numcols)
    print(f"ccols: {ccols}")
    
    nobjs = unifint(diff_lb, diff_ub, (1, (h * w) // 20))
    print(f"nobjs: {nobjs}")
    
    succ = 0
    tr = 0
    maxtr = 5 * nobjs
    print(f"maxtr: {maxtr}")
    
    gi = canvas(bgc, (h, w))
    print(f"gi: {gi}")
    
    inds = asindices(gi)
    print(f"inds: {inds}")
    
    while succ < nobjs and tr < maxtr:
        tr += 1
        print(f"tr: {tr}")
        
        oh = randint(3, 6)
        print(f"oh: {oh}")
        
        ow = randint(3, 6)
        print(f"ow: {ow}")
        
        cands = sfilter(inds, lambda ij: ij[0] <= h - oh and ij[1] <= w - ow)
        print(f"cands: {cands}")
        
        if len(cands) == 0:
            continue
        
        loc = choice(totuple(cands))
        print(f"loc: {loc}")
        
        topl = connect((0, 0), (0, ow - 1))
        leftl = connect((1, 0), (oh - 2, oh - 3))
        rightl = connect((1, ow), (oh - 2, ow + oh - 3))
        botl = connect((oh - 1, oh - 2), (oh - 1, oh - 3 + ow))
        
        inobj = topl | leftl | rightl | botl
        print(f"inobj: {inobj}")
        
        outobj = shift(topl, (0, 1)) | botl | shift(leftl, (0, 1)) | connect((1, ow+1), (oh - 3, ow + oh - 3)) | {(oh - 2, ow + oh - 3)}
        outobj = sfilter(outobj, lambda ij: ij[1] <= rightmost(inobj))
        print(f"outobj: {outobj}")
        
        fullobj = inobj | outobj
        print(f"fullobj: {fullobj}")
        
        inobj = shift(inobj, loc)
        outobj = shift(outobj, loc)
        fullobj = shift(fullobj, loc)
        
        if fullobj.issubset(inds):
            inds = (inds - fullobj) - mapply(neighbors, fullobj)
            succ += 1
            print(f"succ: {succ}")
            
            col = choice(ccols)
            gi = fill(gi, col, inobj)
            print(f"gi after fill: {gi}")
    
    return {'input': gi}

Printed Outputs:
diff_lb: 0, diff_ub: 1
cols: (0, 1, 2, 3, 4, 5, 6, 7, 8, 9)
h: 20
w: 19
bgc: 9
remcols: (0, 1, 2, 3, 4, 5, 6, 7, 8)
numcols: 9
ccols: [0, 5, 8, 1, 6, 3, 4, 7, 2]
nobjs: 10
maxtr: 50
gi: ((9, 9, 9, 9, 9, 9, 9, 9, 9, 9, 9, 9, 9, 9, 9, 9, 9, 9, 9), (9, 9, 9, 9, 9, 9, 9, 9, 9, 9, 9, 9, 9, 9, 9, 9, 9, 9, 9), (9, 9, 9, 9, 9, 9, 9, 9, 9, 9, 9, 9, 9, 9, 9, 9, 9, 9, 9), (9, 9, 9, 9, 9, 9, 9, 9, 9, 9, 9, 9, 9, 9, 9, 9, 9, 9, 9), (9, 9, 9, 9, 9, 9, 9, 9, 9, 9, 9, 9, 9, 9, 9, 9, 9, 9, 9), (9, 9, 9, 9, 9, 9, 9, 9, 9, 9, 9, 9, 9, 9, 9, 9, 9, 9, 9), (9, 9, 9, 9, 9, 9, 9, 9, 9, 9, 9, 9, 9, 9, 9, 9, 9, 9, 9), (9, 9, 9, 9, 9, 9, 9, 9, 9, 9, 9, 9, 9, 9, 9, 9, 9, 9, 9), (9, 9, 9, 9, 9, 9, 9, 9, 9, 9, 9, 9, 9, 9, 9, 9, 9, 9, 9), (9, 9, 9, 9, 9, 9, 9, 9, 9, 9, 9, 9, 9, 9, 9, 9, 9, 9, 9), (9, 9, 9, 9, 9, 9, 9, 9, 9, 9, 9, 9, 9, 9, 9, 9, 9, 9, 9), (9, 9, 9, 9, 9, 9, 9, 9, 9, 9, 9, 9, 9, 9, 9, 9, 9, 9, 9), (9, 9, 9, 9, 9, 9, 9, 9, 9, 9, 9, 9, 9, 9, 9, 9, 9, 9, 9), (9, 9, 9, 9, 9, 9, 9, 9, 9, 9, 9, 9, 9, 9, 9, 9, 9, 9, 9), (9, 9, 9, 9, 9, 9, 9, 9, 9, 9, 9, 9, 9, 9, 9, 9, 9, 9, 9), (9, 9, 9, 9, 9, 9, 9, 9, 9, 9, 9, 9, 9, 9, 9, 9, 9, 9, 9), (9, 9, 9, 9, 9, 9, 9, 9, 9, 9, 9, 9, 9, 9, 9, 9, 9, 9, 9), (9, 9, 9, 9, 9, 9, 9, 9, 9, 9, 9, 9, 9, 9, 9, 9, 9, 9, 9), (9, 9, 9, 9, 9, 9, 9, 9, 9, 9, 9, 9, 9, 9, 9, 9, 9, 9, 9), (9, 9, 9, 9, 9, 9, 9, 9, 9, 9, 9, 9, 9, 9, 9, 9, 9, 9, 9))
inds: frozenset({(7, 17), (18, 17), (8, 0), (19, 0), (8, 9), (19, 9), (0, 5), (11, 5), (8, 18), (19, 18), (0, 14), (11, 14), (4, 2), (3, 6), (3, 15), (14, 15), (15, 7), (7, 3), (18, 3), (15, 16), (7, 12), (18, 12), (8, 4), (19, 4), (0, 0), (11, 0), (0, 9), (11, 9), (3, 1), (14, 1), (3, 10), (14, 10), (15, 2), (15, 11), (7, 7), (18, 7), (7, 16), (18, 16), (11, 4), (10, 8), (10, 17), (2, 13), (3, 5), (14, 5), (3, 14), (14, 14), (15, 6), (7, 2), (18, 2), (7, 11), (18, 11), (6, 15), (10, 3), (10, 12), (2, 8), (2, 17), (3, 0), (14, 0), (3, 9), (14, 9), (3, 18), (14, 18), (6, 10), (10, 7), (2, 3), (10, 16), (2, 12), (3, 4), (14, 4), (17, 6), (17, 15), (9, 11), (6, 5), (6, 14), (10, 2), (10, 11), (2, 7), (2, 16), (13, 13), (16, 18), (17, 1), (5, 8), (17, 10), (9, 6), (5, 17), (9, 15), (6, 0), (6, 9), (6, 18), (10, 6), (2, 2), (2, 11), (13, 8), (1, 15), (13, 17), (16, 13), (5, 3), (17, 5), (9, 1), (5, 12), (17, 14), (9, 10), (6, 4), (6, 13), (13, 3), (1, 10), (13, 12), (16, 8), (16, 17), (17, 0), (5, 7), (17, 9), (9, 5), (5, 16), (9, 14), (12, 6), (12, 15), (4, 11), (1, 5), (13, 7), (16, 3), (1, 14), (13, 16), (16, 12), (5, 2), (17, 4), (9, 0), (5, 11), (9, 9), (8, 13), (19, 13), (0, 18), (11, 18), (12, 1), (12, 10), (4, 6), (4, 15), (1, 0), (13, 2), (1, 9), (13, 11), (16, 7), (1, 18), (16, 16), (5, 6), (18, 8), (8, 8), (19, 8), (0, 4), (8, 17), (19, 17), (0, 13), (11, 13), (12, 5), (4, 1), (12, 14), (4, 10), (1, 4), (16, 2), (1, 13), (15, 15), (8, 3), (19, 3), (8, 12), (19, 12), (0, 8), (11, 8), (0, 17), (11, 17), (12, 0), (12, 9), (4, 5), (4, 14), (15, 1), (15, 10), (7, 6), (18, 6), (7, 15), (18, 15), (8, 7), (19, 7), (0, 3), (11, 3), (8, 16), (19, 16), (0, 12), (11, 12), (12, 4), (4, 0), (4, 9), (3, 13), (14, 13), (15, 5), (7, 1), (18, 1), (15, 14), (7, 10), (18, 10), (8, 2), (19, 2), (8, 11), (19, 11), (0, 7), (11, 7), (0, 16), (11, 16), (3, 8), (14, 8), (3, 17), (14, 17), (15, 0), (15, 9), (7, 5), (18, 5), (15, 18), (7, 14), (18, 14), (19, 6), (0, 2), (11, 2), (10, 15), (3, 3), (14, 3), (3, 12), (14, 12), (15, 4), (7, 0), (18, 0), (15, 13), (7, 9), (18, 9), (18, 18), (10, 1), (10, 10), (2, 6), (2, 15), (3, 7), (14, 7), (3, 16), (14, 16), (17, 18), (7, 4), (18, 4), (6, 8), (6, 17), (10, 5), (2, 1), (10, 14), (2, 10), (3, 2), (14, 2), (3, 11), (14, 11), (17, 13), (9, 18), (6, 3), (6, 12), (10, 0), (10, 9), (2, 5), (10, 18), (2, 14), (14, 6), (17, 8), (9, 4), (5, 15), (17, 17), (9, 13), (6, 7), (6, 16), (10, 4), (2, 0), (10, 13), (2, 9), (13, 6), (2, 18), (13, 15), (16, 11), (5, 1), (17, 3), (5, 10), (17, 12), (9, 8), (9, 17), (6, 2), (6, 11), (12, 18), (2, 4), (13, 1), (1, 8), (13, 10), (16, 6), (1, 17), (16, 15), (5, 5), (17, 7), (9, 3), (5, 14), (17, 16), (9, 12), (6, 6), (12, 13), (4, 18), (1, 3), (13, 5), (16, 1), (1, 12), (13, 14), (16, 10), (5, 0), (17, 2), (5, 9), (17, 11), (9, 7), (5, 18), (9, 16), (6, 1), (12, 8), (4, 4), (12, 17), (4, 13), (13, 0), (1, 7), (13, 9), (16, 5), (1, 16), (13, 18), (16, 14), (5, 4), (9, 2), (5, 13), (8, 6), (8, 15), (19, 15), (0, 11), (11, 11), (12, 3), (12, 12), (4, 8), (4, 17), (1, 2), (13, 4), (16, 0), (1, 11), (16, 9), (7, 18), (8, 1), (19, 1), (8, 10), (19, 10), (0, 6), (11, 6), (0, 15), (11, 15), (12, 7), (4, 3), (12, 16), (4, 12), (1, 6), (16, 4), (15, 8), (15, 17), (7, 13), (18, 13), (8, 5), (19, 5), (0, 1), (11, 1), (8, 14), (19, 14), (0, 10), (11, 10), (12, 2), (12, 11), (4, 7), (4, 16), (1, 1), (15, 3), (15, 12), (7, 8)})
tr: 1
oh: 3
ow: 6
cands: frozenset({(12, 4), (4, 0), (4, 9), (5, 1), (8, 0), (17, 3), (3, 13), (14, 13), (8, 9), (10, 6), (5, 10), (11, 5), (0, 5), (2, 2), (17, 12), (9, 8), (2, 11), (13, 8), (15, 5), (6, 2), (7, 1), (6, 11), (16, 13), (7, 10), (4, 2), (3, 6), (5, 3), (17, 5), (8, 2), (9, 1), (5, 12), (8, 11), (9, 10), (0, 7), (11, 7), (2, 4), (13, 1), (1, 8), (15, 7), (6, 4), (13, 10), (7, 3), (16, 6), (6, 13), (7, 12), (3, 8), (14, 8), (8, 4), (5, 5), (17, 7), (0, 0), (11, 0), (9, 3), (9, 12), (0, 9), (11, 9), (13, 3), (15, 0), (1, 10), (13, 12), (15, 9), (16, 8), (7, 5), (6, 6), (3, 1), (14, 1), (17, 0), (12, 13), (14, 10), (3, 10), (5, 7), (17, 9), (9, 5), (0, 2), (11, 2), (1, 3), (15, 2), (13, 5), (16, 1), (1, 12), (15, 11), (16, 10), (7, 7), (12, 6), (3, 3), (14, 3), (5, 0), (17, 2), (3, 12), (14, 12), (4, 11), (5, 9), (17, 11), (11, 4), (9, 7), (10, 8), (1, 5), (13, 7), (15, 4), (16, 3), (7, 0), (6, 1), (15, 13), (2, 13), (16, 12), (7, 9), (12, 8), (3, 5), (14, 5), (5, 2), (17, 4), (9, 0), (4, 4), (5, 11), (4, 13), (9, 9), (10, 1), (13, 0), (8, 13), (10, 10), (1, 7), (15, 6), (2, 6), (13, 9), (7, 2), (16, 5), (7, 11), (12, 1), (12, 10), (3, 7), (14, 7), (4, 6), (5, 4), (9, 2), (5, 13), (8, 6), (10, 3), (1, 0), (13, 2), (10, 12), (1, 9), (13, 11), (2, 8), (16, 7), (7, 4), (0, 11), (11, 11), (6, 8), (12, 3), (3, 0), (14, 0), (12, 12), (3, 9), (14, 9), (5, 6), (4, 8), (8, 8), (10, 5), (1, 2), (0, 4), (2, 1), (13, 4), (16, 0), (1, 11), (0, 13), (11, 13), (2, 10), (16, 9), (6, 10), (12, 5), (3, 2), (14, 2), (4, 1), (3, 11), (14, 11), (4, 10), (8, 1), (17, 13), (8, 10), (10, 7), (1, 4), (0, 6), (2, 3), (16, 2), (11, 6), (1, 13), (2, 12), (6, 3), (6, 12), (12, 7), (3, 4), (14, 4), (4, 3), (4, 12), (17, 6), (8, 3), (10, 0), (8, 12), (10, 9), (9, 11), (0, 8), (11, 8), (2, 5), (1, 6), (16, 4), (15, 8), (6, 5), (12, 0), (7, 13), (12, 9), (14, 6), (4, 5), (17, 8), (8, 5), (10, 2), (9, 4), (0, 1), (11, 1), (10, 11), (9, 13), (0, 10), (2, 7), (11, 10), (15, 1), (13, 13), (15, 10), (6, 7), (7, 6), (12, 2), (12, 11), (4, 7), (17, 1), (5, 8), (17, 10), (8, 7), (9, 6), (0, 3), (11, 3), (10, 4), (2, 0), (10, 13), (0, 12), (11, 12), (2, 9), (1, 1), (13, 6), (15, 3), (6, 0), (15, 12), (6, 9), (16, 11), (7, 8)})
loc: (9, 3)
inobj: frozenset({(0, 1), (2, 4), (0, 4), (2, 1), (0, 0), (0, 3), (2, 3), (0, 2), (2, 6), (0, 5), (2, 2), (1, 0), (1, 6), (2, 5)})
outobj: frozenset({(0, 1), (2, 4), (0, 4), (2, 1), (1, 1), (0, 3), (0, 6), (2, 3), (0, 2), (2, 6), (0, 5), (2, 2), (1, 6), (2, 5)})
fullobj: frozenset({(0, 1), (2, 4), (0, 4), (2, 1), (0, 2), (0, 5), (2, 2), (1, 0), (1, 6), (2, 5), (0, 0), (1, 1), (0, 3), (0, 6), (2, 3), (2, 6)})
succ: 1
gi after fill: ((9, 9, 9, 9, 9, 9, 9, 9, 9, 9, 9, 9, 9, 9, 9, 9, 9, 9, 9), (9, 9, 9, 9, 9, 9, 9, 9, 9, 9, 9, 9, 9, 9, 9, 9, 9, 9, 9), (9, 9, 9, 9, 9, 9, 9, 9, 9, 9, 9, 9, 9, 9, 9, 9, 9, 9, 9), (9, 9, 9, 9, 9, 9, 9, 9, 9, 9, 9, 9, 9, 9, 9, 9, 9, 9, 9), (9, 9, 9, 9, 9, 9, 9, 9, 9, 9, 9, 9, 9, 9, 9, 9, 9, 9, 9), (9, 9, 9, 9, 9, 9, 9, 9, 9, 9, 9, 9, 9, 9, 9, 9, 9, 9, 9), (9, 9, 9, 9, 9, 9, 9, 9, 9, 9, 9, 9, 9, 9, 9, 9, 9, 9, 9), (9, 9, 9, 9, 9, 9, 9, 9, 9, 9, 9, 9, 9, 9, 9, 9, 9, 9, 9), (9, 9, 9, 9, 9, 9, 9, 9, 9, 9, 9, 9, 9, 9, 9, 9, 9, 9, 9), (9, 9, 9, 8, 8, 8, 8, 8, 8, 9, 9, 9, 9, 9, 9, 9, 9, 9, 9), (9, 9, 9, 8, 9, 9, 9, 9, 9, 8, 9, 9, 9, 9, 9, 9, 9, 9, 9), (9, 9, 9, 9, 8, 8, 8, 8, 8, 8, 9, 9, 9, 9, 9, 9, 9, 9, 9), (9, 9, 9, 9, 9, 9, 9, 9, 9, 9, 9, 9, 9, 9, 9, 9, 9, 9, 9), (9, 9, 9, 9, 9, 9, 9, 9, 9, 9, 9, 9, 9, 9, 9, 9, 9, 9, 9), (9, 9, 9, 9, 9, 9, 9, 9, 9, 9, 9, 9, 9, 9, 9, 9, 9, 9, 9), (9, 9, 9, 9, 9, 9, 9, 9, 9, 9, 9, 9, 9, 9, 9, 9, 9, 9, 9), (9, 9, 9, 9, 9, 9, 9, 9, 9, 9, 9, 9, 9, 9, 9, 9, 9, 9, 9), (9, 9, 9, 9, 9, 9, 9, 9, 9, 9, 9, 9, 9, 9, 9, 9, 9, 9, 9), (9, 9, 9, 9, 9, 9, 9, 9, 9, 9, 9, 9, 9, 9, 9, 9, 9, 9, 9), (9, 9, 9, 9, 9, 9, 9, 9, 9, 9, 9, 9, 9, 9, 9, 9, 9, 9, 9))
tr: 2
oh: 6
ow: 4
cands: frozenset({(4, 0), (4, 9), (5, 1), (8, 0), (3, 13), (14, 13), (5, 10), (0, 5), (2, 2), (11, 14), (0, 14), (2, 11), (13, 8), (6, 2), (7, 1), (1, 15), (6, 11), (7, 10), (4, 2), (3, 6), (5, 3), (9, 1), (14, 15), (3, 15), (8, 11), (5, 12), (0, 7), (2, 4), (13, 1), (1, 8), (13, 10), (6, 4), (7, 3), (6, 13), (7, 12), (3, 8), (14, 8), (5, 5), (0, 0), (11, 0), (5, 14), (9, 12), (0, 9), (13, 3), (1, 10), (13, 12), (6, 6), (7, 5), (7, 14), (3, 1), (14, 1), (12, 13), (3, 10), (14, 10), (5, 7), (0, 2), (9, 14), (1, 3), (13, 5), (10, 15), (1, 12), (13, 14), (7, 7), (3, 3), (14, 3), (5, 0), (12, 15), (3, 12), (14, 12), (5, 9), (4, 11), (1, 5), (13, 7), (6, 1), (7, 0), (1, 14), (2, 13), (7, 9), (3, 5), (14, 5), (5, 2), (4, 4), (9, 0), (3, 14), (14, 14), (5, 11), (4, 13), (10, 1), (13, 0), (8, 13), (1, 7), (13, 9), (2, 6), (7, 2), (2, 15), (7, 11), (12, 1), (6, 15), (3, 7), (14, 7), (5, 4), (4, 6), (5, 13), (4, 15), (1, 0), (13, 2), (8, 15), (10, 12), (1, 9), (13, 11), (2, 8), (0, 11), (7, 4), (11, 11), (6, 8), (3, 0), (14, 0), (12, 12), (3, 9), (14, 9), (5, 6), (4, 8), (1, 2), (0, 4), (2, 1), (13, 4), (10, 14), (1, 11), (0, 13), (2, 10), (11, 13), (6, 10), (3, 2), (14, 2), (4, 1), (12, 14), (3, 11), (14, 11), (4, 10), (8, 1), (1, 4), (0, 6), (2, 3), (1, 13), (0, 15), (2, 12), (11, 15), (6, 3), (6, 12), (3, 4), (14, 4), (4, 3), (4, 12), (10, 0), (8, 12), (9, 11), (1, 6), (2, 5), (0, 8), (2, 14), (6, 5), (12, 0), (6, 14), (7, 13), (14, 6), (4, 5), (4, 14), (0, 1), (5, 15), (11, 1), (10, 11), (9, 13), (8, 14), (2, 7), (0, 10), (13, 13), (6, 7), (7, 6), (12, 2), (7, 15), (12, 11), (4, 7), (5, 8), (1, 1), (0, 3), (2, 0), (10, 13), (9, 15), (0, 12), (2, 9), (11, 12), (13, 6), (6, 0), (13, 15), (6, 9), (7, 8)})
loc: (6, 2)
inobj: frozenset({(0, 1), (5, 5), (2, 1), (0, 0), (4, 3), (5, 4), (0, 3), (1, 4), (5, 7), (0, 2), (5, 6), (3, 6), (1, 0), (3, 2), (2, 5), (4, 7)})
outobj: frozenset({(0, 1), (4, 4), (5, 5), (0, 4), (1, 5), (3, 7), (5, 4), (0, 3), (1, 1), (5, 7), (0, 2), (3, 3), (2, 6), (5, 6), (2, 2), (4, 7)})
fullobj: frozenset({(0, 1), (0, 4), (2, 1), (4, 3), (1, 5), (3, 7), (5, 4), (5, 7), (0, 2), (2, 2), (1, 0), (3, 2), (2, 5), (4, 7), (4, 4), (5, 5), (0, 0), (1, 1), (0, 3), (1, 4), (3, 3), (2, 6), (5, 6), (3, 6)})
tr: 3
oh: 4
ow: 6
cands: frozenset({(4, 0), (4, 9), (5, 1), (8, 0), (3, 13), (14, 13), (5, 10), (0, 5), (2, 2), (2, 11), (13, 8), (15, 5), (6, 2), (7, 1), (6, 11), (16, 13), (7, 10), (4, 2), (3, 6), (5, 3), (9, 1), (5, 12), (8, 11), (0, 7), (2, 4), (13, 1), (1, 8), (15, 7), (13, 10), (6, 4), (7, 3), (16, 6), (6, 13), (7, 12), (3, 8), (14, 8), (5, 5), (0, 0), (11, 0), (9, 12), (0, 9), (13, 3), (15, 0), (1, 10), (15, 9), (13, 12), (6, 6), (7, 5), (16, 8), (3, 1), (14, 1), (12, 13), (3, 10), (14, 10), (5, 7), (0, 2), (1, 3), (15, 2), (13, 5), (16, 1), (1, 12), (15, 11), (16, 10), (7, 7), (3, 3), (14, 3), (5, 0), (3, 12), (14, 12), (5, 9), (4, 11), (1, 5), (15, 4), (13, 7), (6, 1), (7, 0), (16, 3), (15, 13), (2, 13), (16, 12), (7, 9), (3, 5), (14, 5), (5, 2), (4, 4), (9, 0), (5, 11), (4, 13), (10, 1), (13, 0), (8, 13), (1, 7), (15, 6), (2, 6), (13, 9), (7, 2), (16, 5), (7, 11), (12, 1), (3, 7), (14, 7), (5, 4), (4, 6), (5, 13), (1, 0), (13, 2), (10, 12), (1, 9), (13, 11), (2, 8), (0, 11), (7, 4), (16, 7), (11, 11), (6, 8), (3, 0), (14, 0), (12, 12), (3, 9), (14, 9), (5, 6), (4, 8), (1, 2), (0, 4), (2, 1), (13, 4), (16, 0), (1, 11), (0, 13), (2, 10), (11, 13), (16, 9), (6, 10), (3, 2), (14, 2), (4, 1), (3, 11), (14, 11), (4, 10), (8, 1), (1, 4), (0, 6), (2, 3), (16, 2), (1, 13), (2, 12), (6, 3), (6, 12), (3, 4), (14, 4), (4, 3), (4, 12), (10, 0), (8, 12), (9, 11), (1, 6), (2, 5), (0, 8), (16, 4), (15, 8), (6, 5), (12, 0), (7, 13), (14, 6), (4, 5), (0, 1), (11, 1), (10, 11), (9, 13), (0, 10), (2, 7), (15, 1), (13, 13), (15, 10), (6, 7), (7, 6), (12, 2), (12, 11), (4, 7), (5, 8), (1, 1), (0, 3), (2, 0), (10, 13), (0, 12), (2, 9), (11, 12), (13, 6), (15, 3), (6, 0), (15, 12), (6, 9), (16, 11), (7, 8)})
loc: (5, 5)
inobj: frozenset({(0, 1), (0, 4), (2, 1), (2, 7), (0, 0), (3, 4), (3, 7), (0, 3), (0, 2), (3, 3), (0, 5), (3, 6), (1, 0), (1, 6), (3, 2), (3, 5)})
outobj: frozenset({(0, 1), (0, 4), (3, 4), (2, 7), (3, 7), (1, 1), (0, 3), (0, 6), (0, 2), (3, 3), (1, 7), (3, 6), (0, 5), (2, 2), (3, 2), (3, 5)})
fullobj: frozenset({(0, 1), (0, 4), (2, 1), (2, 7), (3, 4), (3, 7), (0, 2), (0, 5), (2, 2), (1, 0), (1, 6), (3, 2), (3, 5), (0, 0), (1, 1), (0, 3), (0, 6), (1, 7), (3, 3), (3, 6)})
tr: 4
oh: 6
ow: 5
cands: frozenset({(4, 0), (4, 9), (5, 1), (8, 0), (3, 13), (14, 13), (5, 10), (0, 5), (2, 2), (11, 14), (0, 14), (2, 11), (13, 8), (6, 2), (7, 1), (6, 11), (7, 10), (4, 2), (3, 6), (5, 3), (9, 1), (5, 12), (8, 11), (0, 7), (2, 4), (13, 1), (1, 8), (13, 10), (6, 4), (7, 3), (6, 13), (7, 12), (3, 8), (14, 8), (5, 5), (0, 0), (11, 0), (5, 14), (9, 12), (0, 9), (13, 3), (1, 10), (13, 12), (6, 6), (7, 5), (7, 14), (3, 1), (14, 1), (12, 13), (3, 10), (14, 10), (5, 7), (0, 2), (9, 14), (1, 3), (13, 5), (1, 12), (13, 14), (7, 7), (3, 3), (14, 3), (5, 0), (3, 12), (14, 12), (5, 9), (4, 11), (1, 5), (13, 7), (6, 1), (7, 0), (1, 14), (2, 13), (7, 9), (3, 5), (14, 5), (5, 2), (4, 4), (9, 0), (3, 14), (14, 14), (5, 11), (4, 13), (10, 1), (13, 0), (8, 13), (1, 7), (13, 9), (2, 6), (7, 2), (7, 11), (12, 1), (3, 7), (14, 7), (5, 4), (4, 6), (5, 13), (1, 0), (13, 2), (10, 12), (1, 9), (13, 11), (2, 8), (0, 11), (7, 4), (11, 11), (6, 8), (3, 0), (14, 0), (12, 12), (3, 9), (14, 9), (5, 6), (4, 8), (1, 2), (0, 4), (2, 1), (13, 4), (10, 14), (1, 11), (0, 13), (2, 10), (11, 13), (6, 10), (3, 2), (14, 2), (4, 1), (12, 14), (3, 11), (14, 11), (4, 10), (8, 1), (1, 4), (0, 6), (2, 3), (1, 13), (2, 12), (6, 3), (6, 12), (3, 4), (14, 4), (4, 3), (4, 12), (10, 0), (8, 12), (9, 11), (1, 6), (2, 5), (0, 8), (2, 14), (6, 5), (12, 0), (6, 14), (7, 13), (14, 6), (4, 5), (4, 14), (0, 1), (11, 1), (8, 14), (10, 11), (9, 13), (0, 10), (2, 7), (13, 13), (6, 7), (7, 6), (12, 2), (12, 11), (4, 7), (5, 8), (1, 1), (0, 3), (2, 0), (10, 13), (0, 12), (2, 9), (11, 12), (13, 6), (6, 0), (6, 9), (7, 8)})
loc: (11, 12)
inobj: frozenset({(0, 1), (5, 5), (0, 4), (2, 1), (0, 0), (4, 3), (3, 7), (1, 5), (0, 3), (5, 8), (5, 4), (5, 7), (0, 2), (2, 6), (5, 6), (4, 8), (1, 0), (3, 2)})
outobj: frozenset({(0, 1), (4, 4), (3, 8), (5, 5), (0, 4), (2, 7), (5, 8), (5, 4), (1, 1), (0, 3), (5, 7), (0, 2), (3, 3), (5, 6), (0, 5), (2, 2), (4, 8), (1, 6)})
fullobj: frozenset({(0, 1), (0, 4), (2, 1), (2, 7), (4, 3), (1, 5), (3, 7), (5, 4), (5, 7), (0, 2), (0, 5), (2, 2), (1, 0), (1, 6), (3, 2), (4, 4), (3, 8), (5, 5), (0, 0), (5, 8), (1, 1), (0, 3), (3, 3), (2, 6), (5, 6), (4, 8)})
tr: 5
oh: 4
ow: 5
cands: frozenset({(4, 0), (4, 9), (5, 1), (8, 0), (3, 13), (14, 13), (5, 10), (0, 5), (2, 2), (11, 14), (0, 14), (2, 11), (13, 8), (15, 5), (6, 2), (7, 1), (15, 14), (6, 11), (16, 13), (7, 10), (4, 2), (3, 6), (5, 3), (9, 1), (5, 12), (8, 11), (0, 7), (2, 4), (13, 1), (1, 8), (15, 7), (13, 10), (6, 4), (7, 3), (16, 6), (6, 13), (7, 12), (3, 8), (14, 8), (5, 5), (0, 0), (11, 0), (5, 14), (9, 12), (0, 9), (13, 3), (15, 0), (1, 10), (15, 9), (13, 12), (6, 6), (7, 5), (16, 8), (7, 14), (3, 1), (14, 1), (12, 13), (3, 10), (14, 10), (5, 7), (0, 2), (9, 14), (1, 3), (15, 2), (13, 5), (16, 1), (1, 12), (15, 11), (13, 14), (16, 10), (7, 7), (3, 3), (14, 3), (5, 0), (3, 12), (14, 12), (5, 9), (4, 11), (1, 5), (15, 4), (13, 7), (6, 1), (7, 0), (16, 3), (15, 13), (2, 13), (1, 14), (7, 9), (16, 12), (3, 5), (14, 5), (5, 2), (4, 4), (9, 0), (3, 14), (14, 14), (5, 11), (4, 13), (10, 1), (13, 0), (8, 13), (1, 7), (15, 6), (2, 6), (13, 9), (7, 2), (16, 5), (16, 14), (7, 11), (12, 1), (3, 7), (14, 7), (5, 4), (4, 6), (5, 13), (1, 0), (13, 2), (10, 12), (1, 9), (13, 11), (2, 8), (0, 11), (7, 4), (16, 7), (11, 11), (6, 8), (3, 0), (14, 0), (12, 12), (3, 9), (14, 9), (5, 6), (4, 8), (1, 2), (0, 4), (2, 1), (13, 4), (10, 14), (16, 0), (0, 13), (2, 10), (11, 13), (1, 11), (16, 9), (6, 10), (3, 2), (14, 2), (4, 1), (12, 14), (3, 11), (14, 11), (4, 10), (8, 1), (1, 4), (0, 6), (2, 3), (16, 2), (1, 13), (2, 12), (6, 3), (6, 12), (3, 4), (14, 4), (4, 3), (4, 12), (10, 0), (8, 12), (9, 11), (1, 6), (2, 5), (0, 8), (16, 4), (2, 14), (15, 8), (6, 5), (12, 0), (6, 14), (7, 13), (14, 6), (4, 5), (4, 14), (0, 1), (11, 1), (8, 14), (10, 11), (9, 13), (0, 10), (2, 7), (15, 1), (13, 13), (15, 10), (6, 7), (7, 6), (12, 2), (12, 11), (4, 7), (5, 8), (1, 1), (0, 3), (2, 0), (10, 13), (0, 12), (2, 9), (11, 12), (13, 6), (15, 3), (6, 0), (15, 12), (6, 9), (16, 11), (7, 8)})
loc: (6, 3)
inobj: frozenset({(0, 1), (0, 4), (2, 1), (3, 4), (0, 0), (1, 5), (0, 3), (0, 2), (3, 3), (2, 6), (3, 6), (1, 0), (3, 2), (3, 5)})
outobj: frozenset({(0, 1), (0, 4), (3, 4), (1, 1), (0, 3), (0, 2), (3, 3), (2, 6), (3, 6), (0, 5), (2, 2), (1, 6), (3, 2), (3, 5)})
fullobj: frozenset({(0, 1), (0, 4), (2, 1), (3, 4), (1, 5), (0, 2), (0, 5), (2, 2), (1, 0), (1, 6), (3, 2), (3, 5), (0, 0), (1, 1), (0, 3), (3, 3), (2, 6), (3, 6)})
tr: 6
oh: 6
ow: 4
cands: frozenset({(4, 0), (4, 9), (5, 1), (8, 0), (3, 13), (14, 13), (5, 10), (0, 5), (2, 2), (11, 14), (0, 14), (2, 11), (13, 8), (6, 2), (7, 1), (1, 15), (6, 11), (7, 10), (4, 2), (3, 6), (5, 3), (9, 1), (14, 15), (3, 15), (8, 11), (5, 12), (0, 7), (2, 4), (13, 1), (1, 8), (13, 10), (6, 4), (7, 3), (6, 13), (7, 12), (3, 8), (14, 8), (5, 5), (0, 0), (11, 0), (5, 14), (9, 12), (0, 9), (13, 3), (1, 10), (13, 12), (6, 6), (7, 5), (7, 14), (3, 1), (14, 1), (12, 13), (3, 10), (14, 10), (5, 7), (0, 2), (9, 14), (1, 3), (13, 5), (10, 15), (1, 12), (13, 14), (7, 7), (3, 3), (14, 3), (5, 0), (12, 15), (3, 12), (14, 12), (5, 9), (4, 11), (1, 5), (13, 7), (6, 1), (7, 0), (1, 14), (2, 13), (7, 9), (3, 5), (14, 5), (5, 2), (4, 4), (9, 0), (3, 14), (14, 14), (5, 11), (4, 13), (10, 1), (13, 0), (8, 13), (1, 7), (13, 9), (2, 6), (7, 2), (2, 15), (7, 11), (12, 1), (6, 15), (3, 7), (14, 7), (5, 4), (4, 6), (5, 13), (4, 15), (1, 0), (13, 2), (8, 15), (10, 12), (1, 9), (13, 11), (2, 8), (0, 11), (7, 4), (11, 11), (6, 8), (3, 0), (14, 0), (12, 12), (3, 9), (14, 9), (5, 6), (4, 8), (1, 2), (0, 4), (2, 1), (13, 4), (10, 14), (1, 11), (0, 13), (2, 10), (11, 13), (6, 10), (3, 2), (14, 2), (4, 1), (12, 14), (3, 11), (14, 11), (4, 10), (8, 1), (1, 4), (0, 6), (2, 3), (1, 13), (0, 15), (2, 12), (11, 15), (6, 3), (6, 12), (3, 4), (14, 4), (4, 3), (4, 12), (10, 0), (8, 12), (9, 11), (1, 6), (2, 5), (0, 8), (2, 14), (6, 5), (12, 0), (6, 14), (7, 13), (14, 6), (4, 5), (4, 14), (0, 1), (5, 15), (11, 1), (10, 11), (9, 13), (8, 14), (2, 7), (0, 10), (13, 13), (6, 7), (7, 6), (12, 2), (7, 15), (12, 11), (4, 7), (5, 8), (1, 1), (0, 3), (2, 0), (10, 13), (9, 15), (0, 12), (2, 9), (11, 12), (13, 6), (6, 0), (13, 15), (6, 9), (7, 8)})
loc: (6, 9)
inobj: frozenset({(0, 1), (5, 5), (2, 1), (0, 0), (4, 3), (5, 4), (0, 3), (1, 4), (5, 7), (0, 2), (5, 6), (3, 6), (1, 0), (3, 2), (2, 5), (4, 7)})
outobj: frozenset({(0, 1), (4, 4), (5, 5), (0, 4), (1, 5), (3, 7), (5, 4), (0, 3), (1, 1), (5, 7), (0, 2), (3, 3), (2, 6), (5, 6), (2, 2), (4, 7)})
fullobj: frozenset({(0, 1), (0, 4), (2, 1), (4, 3), (1, 5), (3, 7), (5, 4), (5, 7), (0, 2), (2, 2), (1, 0), (3, 2), (2, 5), (4, 7), (4, 4), (5, 5), (0, 0), (1, 1), (0, 3), (1, 4), (3, 3), (2, 6), (5, 6), (3, 6)})
tr: 7
oh: 5
ow: 4
cands: frozenset({(4, 0), (4, 9), (5, 1), (8, 0), (3, 13), (14, 13), (5, 10), (0, 5), (2, 2), (11, 14), (0, 14), (2, 11), (13, 8), (15, 5), (6, 2), (7, 1), (1, 15), (15, 14), (6, 11), (7, 10), (4, 2), (3, 6), (5, 3), (9, 1), (14, 15), (3, 15), (8, 11), (5, 12), (0, 7), (2, 4), (13, 1), (1, 8), (15, 7), (13, 10), (6, 4), (7, 3), (6, 13), (7, 12), (3, 8), (14, 8), (5, 5), (0, 0), (11, 0), (5, 14), (9, 12), (0, 9), (13, 3), (15, 0), (1, 10), (15, 9), (13, 12), (6, 6), (7, 5), (7, 14), (3, 1), (14, 1), (12, 13), (3, 10), (14, 10), (5, 7), (0, 2), (9, 14), (1, 3), (15, 2), (13, 5), (10, 15), (1, 12), (15, 11), (13, 14), (7, 7), (3, 3), (14, 3), (5, 0), (12, 15), (3, 12), (14, 12), (5, 9), (4, 11), (1, 5), (15, 4), (13, 7), (6, 1), (7, 0), (1, 14), (15, 13), (2, 13), (7, 9), (3, 5), (14, 5), (5, 2), (4, 4), (9, 0), (3, 14), (14, 14), (5, 11), (4, 13), (10, 1), (13, 0), (8, 13), (1, 7), (15, 6), (2, 6), (13, 9), (7, 2), (2, 15), (7, 11), (12, 1), (6, 15), (3, 7), (14, 7), (5, 4), (4, 6), (5, 13), (4, 15), (1, 0), (13, 2), (8, 15), (10, 12), (1, 9), (13, 11), (2, 8), (0, 11), (7, 4), (11, 11), (6, 8), (3, 0), (14, 0), (12, 12), (3, 9), (14, 9), (5, 6), (4, 8), (1, 2), (0, 4), (2, 1), (13, 4), (10, 14), (1, 11), (0, 13), (2, 10), (11, 13), (6, 10), (3, 2), (14, 2), (4, 1), (12, 14), (3, 11), (14, 11), (4, 10), (8, 1), (1, 4), (0, 6), (2, 3), (1, 13), (0, 15), (2, 12), (11, 15), (6, 3), (15, 15), (6, 12), (3, 4), (14, 4), (4, 3), (4, 12), (10, 0), (8, 12), (9, 11), (1, 6), (2, 5), (0, 8), (2, 14), (15, 8), (6, 5), (12, 0), (6, 14), (7, 13), (14, 6), (4, 5), (4, 14), (0, 1), (5, 15), (11, 1), (10, 11), (9, 13), (8, 14), (2, 7), (0, 10), (15, 1), (13, 13), (15, 10), (6, 7), (7, 6), (12, 2), (7, 15), (12, 11), (4, 7), (5, 8), (1, 1), (0, 3), (2, 0), (10, 13), (9, 15), (0, 12), (2, 9), (11, 12), (13, 6), (15, 3), (6, 0), (13, 15), (15, 12), (6, 9), (7, 8)})
loc: (3, 0)
inobj: frozenset({(0, 1), (4, 4), (2, 1), (0, 0), (4, 3), (0, 3), (4, 6), (1, 4), (0, 2), (4, 5), (3, 6), (1, 0), (3, 2), (2, 5)})
outobj: frozenset({(0, 1), (4, 4), (0, 4), (2, 2), (1, 5), (4, 3), (1, 1), (0, 3), (4, 6), (0, 2), (4, 5), (3, 3), (2, 6), (3, 6)})
fullobj: frozenset({(0, 1), (0, 4), (2, 1), (4, 3), (1, 5), (4, 6), (0, 2), (2, 2), (1, 0), (3, 2), (2, 5), (4, 4), (0, 0), (1, 1), (0, 3), (1, 4), (4, 5), (3, 3), (2, 6), (3, 6)})
succ: 2
gi after fill: ((9, 9, 9, 9, 9, 9, 9, 9, 9, 9, 9, 9, 9, 9, 9, 9, 9, 9, 9), (9, 9, 9, 9, 9, 9, 9, 9, 9, 9, 9, 9, 9, 9, 9, 9, 9, 9, 9), (9, 9, 9, 9, 9, 9, 9, 9, 9, 9, 9, 9, 9, 9, 9, 9, 9, 9, 9), (8, 8, 8, 8, 9, 9, 9, 9, 9, 9, 9, 9, 9, 9, 9, 9, 9, 9, 9), (8, 9, 9, 9, 8, 9, 9, 9, 9, 9, 9, 9, 9, 9, 9, 9, 9, 9, 9), (9, 8, 9, 9, 9, 8, 9, 9, 9, 9, 9, 9, 9, 9, 9, 9, 9, 9, 9), (9, 9, 8, 9, 9, 9, 8, 9, 9, 9, 9, 9, 9, 9, 9, 9, 9, 9, 9), (9, 9, 9, 8, 8, 8, 8, 9, 9, 9, 9, 9, 9, 9, 9, 9, 9, 9, 9), (9, 9, 9, 9, 9, 9, 9, 9, 9, 9, 9, 9, 9, 9, 9, 9, 9, 9, 9), (9, 9, 9, 8, 8, 8, 8, 8, 8, 9, 9, 9, 9, 9, 9, 9, 9, 9, 9), (9, 9, 9, 8, 9, 9, 9, 9, 9, 8, 9, 9, 9, 9, 9, 9, 9, 9, 9), (9, 9, 9, 9, 8, 8, 8, 8, 8, 8, 9, 9, 9, 9, 9, 9, 9, 9, 9), (9, 9, 9, 9, 9, 9, 9, 9, 9, 9, 9, 9, 9, 9, 9, 9, 9, 9, 9), (9, 9, 9, 9, 9, 9, 9, 9, 9, 9, 9, 9, 9, 9, 9, 9, 9, 9, 9), (9, 9, 9, 9, 9, 9, 9, 9, 9, 9, 9, 9, 9, 9, 9, 9, 9, 9, 9), (9, 9, 9, 9, 9, 9, 9, 9, 9, 9, 9, 9, 9, 9, 9, 9, 9, 9, 9), (9, 9, 9, 9, 9, 9, 9, 9, 9, 9, 9, 9, 9, 9, 9, 9, 9, 9, 9), (9, 9, 9, 9, 9, 9, 9, 9, 9, 9, 9, 9, 9, 9, 9, 9, 9, 9, 9), (9, 9, 9, 9, 9, 9, 9, 9, 9, 9, 9, 9, 9, 9, 9, 9, 9, 9, 9), (9, 9, 9, 9, 9, 9, 9, 9, 9, 9, 9, 9, 9, 9, 9, 9, 9, 9, 9))
tr: 8
oh: 3
ow: 4
cands: frozenset({(4, 9), (17, 3), (8, 0), (3, 13), (14, 13), (5, 10), (17, 12), (0, 5), (11, 14), (0, 14), (2, 11), (13, 8), (15, 5), (1, 15), (15, 14), (6, 11), (16, 13), (7, 10), (17, 5), (9, 1), (14, 15), (3, 15), (8, 11), (5, 12), (17, 14), (0, 7), (13, 1), (1, 8), (15, 7), (13, 10), (16, 6), (6, 13), (16, 15), (7, 12), (3, 8), (14, 8), (17, 7), (0, 0), (11, 0), (5, 14), (9, 12), (0, 9), (13, 3), (15, 0), (1, 10), (15, 9), (13, 12), (16, 8), (7, 14), (14, 1), (17, 0), (12, 13), (3, 10), (14, 10), (17, 9), (0, 2), (9, 14), (1, 3), (15, 2), (13, 5), (16, 1), (10, 15), (1, 12), (15, 11), (13, 14), (16, 10), (14, 3), (17, 2), (12, 15), (3, 12), (14, 12), (5, 9), (4, 11), (17, 11), (1, 5), (15, 4), (13, 7), (16, 3), (7, 0), (1, 14), (15, 13), (2, 13), (16, 12), (7, 9), (14, 5), (17, 4), (9, 0), (3, 14), (14, 14), (5, 11), (4, 13), (10, 1), (13, 0), (8, 13), (1, 7), (15, 6), (2, 6), (13, 9), (16, 5), (2, 15), (16, 14), (7, 11), (12, 1), (6, 15), (3, 7), (14, 7), (5, 13), (4, 15), (1, 0), (13, 2), (8, 15), (10, 12), (1, 9), (13, 11), (2, 8), (0, 11), (16, 7), (11, 11), (6, 8), (14, 0), (12, 12), (3, 9), (14, 9), (4, 8), (1, 2), (0, 4), (13, 4), (16, 0), (10, 14), (1, 11), (0, 13), (2, 10), (11, 13), (16, 9), (6, 10), (14, 2), (12, 14), (3, 11), (14, 11), (4, 10), (8, 1), (17, 13), (1, 4), (0, 6), (16, 2), (1, 13), (0, 15), (2, 12), (11, 15), (15, 15), (6, 12), (14, 4), (4, 12), (17, 6), (10, 0), (17, 15), (8, 12), (9, 11), (1, 6), (0, 8), (16, 4), (2, 14), (15, 8), (12, 0), (6, 14), (7, 13), (14, 6), (4, 14), (17, 8), (0, 1), (5, 15), (11, 1), (10, 11), (9, 13), (8, 14), (2, 7), (0, 10), (15, 1), (13, 13), (15, 10), (12, 2), (7, 15), (12, 11), (17, 1), (5, 8), (17, 10), (1, 1), (0, 3), (10, 13), (9, 15), (0, 12), (2, 9), (11, 12), (13, 6), (15, 3), (13, 15), (15, 12), (6, 9), (16, 11), (7, 8)})
loc: (7, 11)
inobj: frozenset({(0, 1), (2, 4), (2, 1), (0, 0), (0, 3), (1, 4), (2, 3), (0, 2), (2, 2), (1, 0)})
outobj: frozenset({(0, 1), (2, 4), (0, 4), (2, 1), (1, 1), (0, 3), (1, 4), (2, 3), (0, 2), (2, 2)})
fullobj: frozenset({(0, 1), (2, 4), (0, 4), (2, 1), (0, 2), (2, 2), (1, 0), (0, 0), (1, 1), (0, 3), (1, 4), (2, 3)})
succ: 3
gi after fill: ((9, 9, 9, 9, 9, 9, 9, 9, 9, 9, 9, 9, 9, 9, 9, 9, 9, 9, 9), (9, 9, 9, 9, 9, 9, 9, 9, 9, 9, 9, 9, 9, 9, 9, 9, 9, 9, 9), (9, 9, 9, 9, 9, 9, 9, 9, 9, 9, 9, 9, 9, 9, 9, 9, 9, 9, 9), (8, 8, 8, 8, 9, 9, 9, 9, 9, 9, 9, 9, 9, 9, 9, 9, 9, 9, 9), (8, 9, 9, 9, 8, 9, 9, 9, 9, 9, 9, 9, 9, 9, 9, 9, 9, 9, 9), (9, 8, 9, 9, 9, 8, 9, 9, 9, 9, 9, 9, 9, 9, 9, 9, 9, 9, 9), (9, 9, 8, 9, 9, 9, 8, 9, 9, 9, 9, 9, 9, 9, 9, 9, 9, 9, 9), (9, 9, 9, 8, 8, 8, 8, 9, 9, 9, 9, 4, 4, 4, 4, 9, 9, 9, 9), (9, 9, 9, 9, 9, 9, 9, 9, 9, 9, 9, 4, 9, 9, 9, 4, 9, 9, 9), (9, 9, 9, 8, 8, 8, 8, 8, 8, 9, 9, 9, 4, 4, 4, 4, 9, 9, 9), (9, 9, 9, 8, 9, 9, 9, 9, 9, 8, 9, 9, 9, 9, 9, 9, 9, 9, 9), (9, 9, 9, 9, 8, 8, 8, 8, 8, 8, 9, 9, 9, 9, 9, 9, 9, 9, 9), (9, 9, 9, 9, 9, 9, 9, 9, 9, 9, 9, 9, 9, 9, 9, 9, 9, 9, 9), (9, 9, 9, 9, 9, 9, 9, 9, 9, 9, 9, 9, 9, 9, 9, 9, 9, 9, 9), (9, 9, 9, 9, 9, 9, 9, 9, 9, 9, 9, 9, 9, 9, 9, 9, 9, 9, 9), (9, 9, 9, 9, 9, 9, 9, 9, 9, 9, 9, 9, 9, 9, 9, 9, 9, 9, 9), (9, 9, 9, 9, 9, 9, 9, 9, 9, 9, 9, 9, 9, 9, 9, 9, 9, 9, 9), (9, 9, 9, 9, 9, 9, 9, 9, 9, 9, 9, 9, 9, 9, 9, 9, 9, 9, 9), (9, 9, 9, 9, 9, 9, 9, 9, 9, 9, 9, 9, 9, 9, 9, 9, 9, 9, 9), (9, 9, 9, 9, 9, 9, 9, 9, 9, 9, 9, 9, 9, 9, 9, 9, 9, 9, 9))
tr: 9
oh: 3
ow: 6
cands: frozenset({(4, 9), (17, 3), (8, 0), (3, 13), (14, 13), (5, 10), (17, 12), (0, 5), (2, 11), (13, 8), (15, 5), (16, 13), (17, 5), (9, 1), (5, 12), (0, 7), (13, 1), (1, 8), (15, 7), (13, 10), (16, 6), (3, 8), (14, 8), (17, 7), (0, 0), (11, 0), (0, 9), (13, 3), (15, 0), (1, 10), (15, 9), (13, 12), (16, 8), (14, 1), (17, 0), (12, 13), (3, 10), (14, 10), (17, 9), (0, 2), (1, 3), (15, 2), (13, 5), (16, 1), (1, 12), (15, 11), (16, 10), (14, 3), (17, 2), (3, 12), (14, 12), (5, 9), (4, 11), (17, 11), (1, 5), (15, 4), (13, 7), (16, 3), (7, 0), (15, 13), (2, 13), (16, 12), (7, 9), (14, 5), (17, 4), (9, 0), (5, 11), (4, 13), (10, 1), (13, 0), (1, 7), (15, 6), (2, 6), (13, 9), (16, 5), (12, 1), (3, 7), (14, 7), (5, 13), (1, 0), (13, 2), (1, 9), (13, 11), (2, 8), (0, 11), (16, 7), (11, 11), (6, 8), (14, 0), (12, 12), (3, 9), (14, 9), (4, 8), (1, 2), (0, 4), (13, 4), (16, 0), (1, 11), (0, 13), (2, 10), (11, 13), (16, 9), (14, 2), (3, 11), (14, 11), (4, 10), (8, 1), (17, 13), (1, 4), (0, 6), (16, 2), (1, 13), (2, 12), (14, 4), (4, 12), (17, 6), (10, 0), (1, 6), (0, 8), (16, 4), (15, 8), (12, 0), (14, 6), (17, 8), (0, 1), (11, 1), (0, 10), (2, 7), (15, 1), (13, 13), (15, 10), (12, 2), (12, 11), (17, 1), (5, 8), (17, 10), (1, 1), (0, 3), (0, 12), (2, 9), (11, 12), (13, 6), (15, 3), (15, 12), (6, 9), (16, 11), (7, 8)})
loc: (3, 9)
inobj: frozenset({(0, 1), (2, 4), (0, 4), (2, 1), (0, 0), (0, 3), (2, 3), (0, 2), (2, 6), (0, 5), (2, 2), (1, 0), (1, 6), (2, 5)})
outobj: frozenset({(0, 1), (2, 4), (0, 4), (2, 1), (1, 1), (0, 3), (0, 6), (2, 3), (0, 2), (2, 6), (0, 5), (2, 2), (1, 6), (2, 5)})
fullobj: frozenset({(0, 1), (2, 4), (0, 4), (2, 1), (0, 2), (0, 5), (2, 2), (1, 0), (1, 6), (2, 5), (0, 0), (1, 1), (0, 3), (0, 6), (2, 3), (2, 6)})
succ: 4
gi after fill: ((9, 9, 9, 9, 9, 9, 9, 9, 9, 9, 9, 9, 9, 9, 9, 9, 9, 9, 9), (9, 9, 9, 9, 9, 9, 9, 9, 9, 9, 9, 9, 9, 9, 9, 9, 9, 9, 9), (9, 9, 9, 9, 9, 9, 9, 9, 9, 9, 9, 9, 9, 9, 9, 9, 9, 9, 9), (8, 8, 8, 8, 9, 9, 9, 9, 9, 3, 3, 3, 3, 3, 3, 9, 9, 9, 9), (8, 9, 9, 9, 8, 9, 9, 9, 9, 3, 9, 9, 9, 9, 9, 3, 9, 9, 9), (9, 8, 9, 9, 9, 8, 9, 9, 9, 9, 3, 3, 3, 3, 3, 3, 9, 9, 9), (9, 9, 8, 9, 9, 9, 8, 9, 9, 9, 9, 9, 9, 9, 9, 9, 9, 9, 9), (9, 9, 9, 8, 8, 8, 8, 9, 9, 9, 9, 4, 4, 4, 4, 9, 9, 9, 9), (9, 9, 9, 9, 9, 9, 9, 9, 9, 9, 9, 4, 9, 9, 9, 4, 9, 9, 9), (9, 9, 9, 8, 8, 8, 8, 8, 8, 9, 9, 9, 4, 4, 4, 4, 9, 9, 9), (9, 9, 9, 8, 9, 9, 9, 9, 9, 8, 9, 9, 9, 9, 9, 9, 9, 9, 9), (9, 9, 9, 9, 8, 8, 8, 8, 8, 8, 9, 9, 9, 9, 9, 9, 9, 9, 9), (9, 9, 9, 9, 9, 9, 9, 9, 9, 9, 9, 9, 9, 9, 9, 9, 9, 9, 9), (9, 9, 9, 9, 9, 9, 9, 9, 9, 9, 9, 9, 9, 9, 9, 9, 9, 9, 9), (9, 9, 9, 9, 9, 9, 9, 9, 9, 9, 9, 9, 9, 9, 9, 9, 9, 9, 9), (9, 9, 9, 9, 9, 9, 9, 9, 9, 9, 9, 9, 9, 9, 9, 9, 9, 9, 9), (9, 9, 9, 9, 9, 9, 9, 9, 9, 9, 9, 9, 9, 9, 9, 9, 9, 9, 9), (9, 9, 9, 9, 9, 9, 9, 9, 9, 9, 9, 9, 9, 9, 9, 9, 9, 9, 9), (9, 9, 9, 9, 9, 9, 9, 9, 9, 9, 9, 9, 9, 9, 9, 9, 9, 9, 9), (9, 9, 9, 9, 9, 9, 9, 9, 9, 9, 9, 9, 9, 9, 9, 9, 9, 9, 9))
tr: 10
oh: 5
ow: 3
cands: frozenset({(8, 0), (14, 13), (0, 5), (0, 14), (11, 14), (13, 8), (15, 5), (1, 15), (15, 14), (9, 1), (14, 15), (0, 7), (0, 16), (11, 16), (13, 1), (1, 8), (15, 7), (13, 10), (15, 16), (14, 8), (0, 0), (11, 0), (0, 9), (13, 3), (15, 0), (1, 10), (15, 9), (13, 12), (14, 1), (12, 13), (14, 10), (0, 2), (1, 3), (15, 2), (13, 5), (1, 12), (15, 11), (13, 14), (14, 3), (12, 15), (14, 12), (1, 5), (15, 4), (13, 7), (7, 0), (1, 14), (15, 13), (13, 16), (7, 9), (14, 5), (9, 0), (14, 14), (10, 1), (13, 0), (1, 7), (15, 6), (2, 6), (13, 9), (1, 16), (12, 1), (3, 7), (14, 7), (14, 16), (1, 0), (13, 2), (1, 9), (11, 11), (0, 11), (13, 11), (6, 8), (14, 0), (12, 12), (14, 9), (1, 2), (0, 4), (13, 4), (1, 11), (0, 13), (11, 13), (14, 2), (12, 14), (14, 11), (8, 1), (1, 4), (0, 6), (1, 13), (0, 15), (11, 15), (15, 15), (14, 4), (12, 16), (10, 0), (1, 6), (0, 8), (15, 8), (12, 0), (14, 6), (0, 1), (11, 1), (0, 10), (2, 7), (15, 1), (13, 13), (15, 10), (12, 2), (12, 11), (1, 1), (0, 3), (0, 12), (11, 12), (13, 6), (15, 3), (13, 15), (15, 12), (7, 8)})
loc: (13, 8)
inobj: frozenset({(0, 1), (4, 4), (2, 4), (2, 1), (0, 0), (4, 3), (0, 2), (4, 5), (1, 0), (3, 2), (1, 3), (3, 5)})
outobj: frozenset({(0, 1), (4, 4), (4, 3), (1, 1), (0, 3), (1, 4), (0, 2), (4, 5), (3, 3), (2, 2), (2, 5), (3, 5)})
fullobj: frozenset({(0, 1), (2, 4), (2, 1), (4, 3), (0, 2), (2, 2), (1, 0), (3, 2), (2, 5), (1, 3), (3, 5), (4, 4), (0, 0), (1, 1), (0, 3), (1, 4), (4, 5), (3, 3)})
succ: 5
gi after fill: ((9, 9, 9, 9, 9, 9, 9, 9, 9, 9, 9, 9, 9, 9, 9, 9, 9, 9, 9), (9, 9, 9, 9, 9, 9, 9, 9, 9, 9, 9, 9, 9, 9, 9, 9, 9, 9, 9), (9, 9, 9, 9, 9, 9, 9, 9, 9, 9, 9, 9, 9, 9, 9, 9, 9, 9, 9), (8, 8, 8, 8, 9, 9, 9, 9, 9, 3, 3, 3, 3, 3, 3, 9, 9, 9, 9), (8, 9, 9, 9, 8, 9, 9, 9, 9, 3, 9, 9, 9, 9, 9, 3, 9, 9, 9), (9, 8, 9, 9, 9, 8, 9, 9, 9, 9, 3, 3, 3, 3, 3, 3, 9, 9, 9), (9, 9, 8, 9, 9, 9, 8, 9, 9, 9, 9, 9, 9, 9, 9, 9, 9, 9, 9), (9, 9, 9, 8, 8, 8, 8, 9, 9, 9, 9, 4, 4, 4, 4, 9, 9, 9, 9), (9, 9, 9, 9, 9, 9, 9, 9, 9, 9, 9, 4, 9, 9, 9, 4, 9, 9, 9), (9, 9, 9, 8, 8, 8, 8, 8, 8, 9, 9, 9, 4, 4, 4, 4, 9, 9, 9), (9, 9, 9, 8, 9, 9, 9, 9, 9, 8, 9, 9, 9, 9, 9, 9, 9, 9, 9), (9, 9, 9, 9, 8, 8, 8, 8, 8, 8, 9, 9, 9, 9, 9, 9, 9, 9, 9), (9, 9, 9, 9, 9, 9, 9, 9, 9, 9, 9, 9, 9, 9, 9, 9, 9, 9, 9), (9, 9, 9, 9, 9, 9, 9, 9, 0, 0, 0, 9, 9, 9, 9, 9, 9, 9, 9), (9, 9, 9, 9, 9, 9, 9, 9, 0, 9, 9, 0, 9, 9, 9, 9, 9, 9, 9), (9, 9, 9, 9, 9, 9, 9, 9, 9, 0, 9, 9, 0, 9, 9, 9, 9, 9, 9), (9, 9, 9, 9, 9, 9, 9, 9, 9, 9, 0, 9, 9, 0, 9, 9, 9, 9, 9), (9, 9, 9, 9, 9, 9, 9, 9, 9, 9, 9, 0, 0, 0, 9, 9, 9, 9, 9), (9, 9, 9, 9, 9, 9, 9, 9, 9, 9, 9, 9, 9, 9, 9, 9, 9, 9, 9), (9, 9, 9, 9, 9, 9, 9, 9, 9, 9, 9, 9, 9, 9, 9, 9, 9, 9, 9))
tr: 11
oh: 5
ow: 4
cands: frozenset({(8, 0), (0, 5), (0, 14), (11, 14), (15, 5), (1, 15), (9, 1), (14, 15), (0, 7), (13, 1), (1, 8), (0, 0), (11, 0), (0, 9), (13, 3), (15, 0), (1, 10), (14, 1), (12, 13), (0, 2), (1, 3), (15, 2), (13, 5), (1, 12), (13, 14), (14, 3), (12, 15), (1, 5), (15, 4), (7, 0), (1, 14), (7, 9), (14, 5), (9, 0), (10, 1), (13, 0), (1, 7), (15, 6), (2, 6), (12, 1), (3, 7), (1, 0), (13, 2), (1, 9), (0, 11), (11, 11), (6, 8), (14, 0), (1, 2), (0, 4), (13, 4), (1, 11), (0, 13), (11, 13), (14, 2), (12, 14), (8, 1), (1, 4), (0, 6), (1, 13), (0, 15), (11, 15), (15, 15), (14, 4), (10, 0), (1, 6), (0, 8), (12, 0), (14, 6), (0, 1), (11, 1), (0, 10), (2, 7), (15, 1), (12, 2), (1, 1), (0, 3), (0, 12), (11, 12), (13, 6), (15, 3), (13, 15), (7, 8)})
loc: (13, 15)
inobj: frozenset({(0, 1), (4, 4), (2, 1), (0, 0), (4, 3), (0, 3), (4, 6), (1, 4), (0, 2), (4, 5), (3, 6), (1, 0), (3, 2), (2, 5)})
outobj: frozenset({(0, 1), (4, 4), (0, 4), (2, 2), (1, 5), (4, 3), (1, 1), (0, 3), (4, 6), (0, 2), (4, 5), (3, 3), (2, 6), (3, 6)})
fullobj: frozenset({(0, 1), (0, 4), (2, 1), (4, 3), (1, 5), (4, 6), (0, 2), (2, 2), (1, 0), (3, 2), (2, 5), (4, 4), (0, 0), (1, 1), (0, 3), (1, 4), (4, 5), (3, 3), (2, 6), (3, 6)})
tr: 12
oh: 3
ow: 5
cands: frozenset({(17, 3), (8, 0), (0, 5), (0, 14), (11, 14), (15, 5), (17, 5), (9, 1), (0, 7), (13, 1), (1, 8), (16, 6), (17, 7), (0, 0), (11, 0), (0, 9), (13, 3), (15, 0), (1, 10), (14, 1), (17, 0), (12, 13), (0, 2), (1, 3), (15, 2), (13, 5), (16, 1), (1, 12), (13, 14), (14, 3), (17, 2), (1, 5), (15, 4), (16, 3), (7, 0), (1, 14), (7, 9), (14, 5), (17, 4), (9, 0), (10, 1), (13, 0), (1, 7), (15, 6), (2, 6), (16, 5), (12, 1), (3, 7), (1, 0), (13, 2), (1, 9), (0, 11), (11, 11), (16, 7), (6, 8), (14, 0), (1, 2), (0, 4), (13, 4), (16, 0), (1, 11), (0, 13), (11, 13), (14, 2), (12, 14), (8, 1), (1, 4), (0, 6), (16, 2), (1, 13), (14, 4), (17, 6), (10, 0), (1, 6), (0, 8), (16, 4), (12, 0), (14, 6), (17, 8), (0, 1), (11, 1), (0, 10), (2, 7), (15, 1), (12, 2), (17, 1), (1, 1), (0, 3), (0, 12), (11, 12), (13, 6), (15, 3), (7, 8)})
loc: (0, 2)
inobj: frozenset({(0, 1), (2, 4), (0, 4), (2, 1), (0, 0), (1, 5), (0, 3), (2, 3), (0, 2), (2, 2), (1, 0), (2, 5)})
outobj: frozenset({(0, 1), (2, 4), (0, 4), (2, 1), (1, 5), (1, 1), (0, 3), (2, 3), (0, 2), (0, 5), (2, 2), (2, 5)})
fullobj: frozenset({(0, 1), (2, 4), (0, 4), (2, 1), (1, 5), (0, 2), (0, 5), (2, 2), (1, 0), (2, 5), (0, 0), (1, 1), (0, 3), (2, 3)})
tr: 13
oh: 4
ow: 4
cands: frozenset({(8, 0), (0, 5), (0, 14), (11, 14), (15, 5), (1, 15), (9, 1), (14, 15), (0, 7), (13, 1), (1, 8), (16, 6), (16, 15), (0, 0), (11, 0), (0, 9), (13, 3), (15, 0), (1, 10), (14, 1), (12, 13), (0, 2), (1, 3), (15, 2), (13, 5), (16, 1), (1, 12), (13, 14), (14, 3), (12, 15), (1, 5), (15, 4), (16, 3), (7, 0), (1, 14), (7, 9), (14, 5), (9, 0), (10, 1), (13, 0), (1, 7), (15, 6), (2, 6), (16, 5), (12, 1), (3, 7), (1, 0), (13, 2), (1, 9), (0, 11), (11, 11), (16, 7), (6, 8), (14, 0), (1, 2), (0, 4), (13, 4), (16, 0), (1, 11), (0, 13), (11, 13), (14, 2), (12, 14), (8, 1), (1, 4), (0, 6), (16, 2), (1, 13), (0, 15), (11, 15), (15, 15), (14, 4), (10, 0), (1, 6), (0, 8), (16, 4), (12, 0), (14, 6), (0, 1), (11, 1), (0, 10), (2, 7), (15, 1), (12, 2), (1, 1), (0, 3), (0, 12), (11, 12), (13, 6), (15, 3), (13, 15), (7, 8)})
loc: (11, 1)
inobj: frozenset({(0, 1), (2, 1), (3, 4), (0, 0), (0, 3), (1, 4), (0, 2), (3, 3), (1, 0), (3, 2), (2, 5), (3, 5)})
outobj: frozenset({(0, 1), (0, 4), (3, 4), (1, 5), (1, 1), (0, 3), (0, 2), (3, 3), (2, 2), (3, 2), (2, 5), (3, 5)})
fullobj: frozenset({(0, 1), (0, 4), (2, 1), (3, 4), (1, 5), (0, 2), (2, 2), (1, 0), (3, 2), (2, 5), (3, 5), (0, 0), (1, 1), (0, 3), (1, 4), (3, 3)})
tr: 14
oh: 6
ow: 5
cands: frozenset({(12, 1), (14, 4), (14, 1), (3, 7), (12, 13), (8, 0), (0, 2), (10, 0), (0, 5), (1, 0), (13, 2), (1, 6), (0, 14), (13, 5), (11, 14), (1, 3), (1, 9), (0, 11), (1, 12), (13, 14), (11, 11), (6, 8), (12, 0), (14, 0), (14, 6), (14, 3), (9, 1), (0, 1), (0, 7), (11, 1), (1, 2), (0, 4), (13, 4), (13, 1), (1, 5), (1, 11), (0, 13), (11, 13), (1, 8), (7, 0), (1, 14), (0, 10), (2, 7), (7, 9), (12, 2), (14, 2), (14, 5), (12, 14), (0, 8), (9, 0), (0, 0), (11, 0), (8, 1), (1, 1), (0, 3), (0, 9), (10, 1), (13, 0), (1, 4), (0, 6), (13, 3), (1, 7), (1, 13), (2, 6), (0, 12), (1, 10), (11, 12), (13, 6), (7, 8)})
loc: (14, 6)
inobj: frozenset({(0, 1), (5, 5), (0, 4), (2, 1), (0, 0), (4, 3), (3, 7), (1, 5), (0, 3), (5, 8), (5, 4), (5, 7), (0, 2), (2, 6), (5, 6), (4, 8), (1, 0), (3, 2)})
outobj: frozenset({(0, 1), (4, 4), (3, 8), (5, 5), (0, 4), (2, 7), (5, 8), (5, 4), (1, 1), (0, 3), (5, 7), (0, 2), (3, 3), (5, 6), (0, 5), (2, 2), (4, 8), (1, 6)})
fullobj: frozenset({(0, 1), (0, 4), (2, 1), (2, 7), (4, 3), (1, 5), (3, 7), (5, 4), (5, 7), (0, 2), (0, 5), (2, 2), (1, 0), (1, 6), (3, 2), (4, 4), (3, 8), (5, 5), (0, 0), (5, 8), (1, 1), (0, 3), (3, 3), (2, 6), (5, 6), (4, 8)})
tr: 15
oh: 5
ow: 4
cands: frozenset({(8, 0), (0, 5), (0, 14), (11, 14), (15, 5), (1, 15), (9, 1), (14, 15), (0, 7), (13, 1), (1, 8), (0, 0), (11, 0), (0, 9), (13, 3), (15, 0), (1, 10), (14, 1), (12, 13), (0, 2), (1, 3), (15, 2), (13, 5), (1, 12), (13, 14), (14, 3), (12, 15), (1, 5), (15, 4), (7, 0), (1, 14), (7, 9), (14, 5), (9, 0), (10, 1), (13, 0), (1, 7), (15, 6), (2, 6), (12, 1), (3, 7), (1, 0), (13, 2), (1, 9), (0, 11), (11, 11), (6, 8), (14, 0), (1, 2), (0, 4), (13, 4), (1, 11), (0, 13), (11, 13), (14, 2), (12, 14), (8, 1), (1, 4), (0, 6), (1, 13), (0, 15), (11, 15), (15, 15), (14, 4), (10, 0), (1, 6), (0, 8), (12, 0), (14, 6), (0, 1), (11, 1), (0, 10), (2, 7), (15, 1), (12, 2), (1, 1), (0, 3), (0, 12), (11, 12), (13, 6), (15, 3), (13, 15), (7, 8)})
loc: (12, 2)
inobj: frozenset({(0, 1), (4, 4), (2, 1), (0, 0), (4, 3), (0, 3), (4, 6), (1, 4), (0, 2), (4, 5), (3, 6), (1, 0), (3, 2), (2, 5)})
outobj: frozenset({(0, 1), (4, 4), (0, 4), (2, 2), (1, 5), (4, 3), (1, 1), (0, 3), (4, 6), (0, 2), (4, 5), (3, 3), (2, 6), (3, 6)})
fullobj: frozenset({(0, 1), (0, 4), (2, 1), (4, 3), (1, 5), (4, 6), (0, 2), (2, 2), (1, 0), (3, 2), (2, 5), (4, 4), (0, 0), (1, 1), (0, 3), (1, 4), (4, 5), (3, 3), (2, 6), (3, 6)})
tr: 16
oh: 4
ow: 3
cands: frozenset({(8, 0), (0, 5), (0, 14), (11, 14), (15, 5), (1, 15), (9, 1), (14, 15), (0, 7), (0, 16), (11, 16), (13, 1), (1, 8), (16, 6), (15, 16), (16, 15), (0, 0), (11, 0), (0, 9), (13, 3), (15, 0), (1, 10), (14, 1), (12, 13), (0, 2), (1, 3), (15, 2), (13, 5), (16, 1), (1, 12), (13, 14), (14, 3), (12, 15), (1, 5), (15, 4), (16, 3), (7, 0), (1, 14), (13, 16), (7, 9), (14, 5), (9, 0), (10, 1), (13, 0), (1, 7), (15, 6), (2, 6), (16, 5), (1, 16), (12, 1), (3, 7), (14, 16), (1, 0), (13, 2), (1, 9), (0, 11), (11, 11), (16, 7), (16, 16), (6, 8), (14, 0), (1, 2), (0, 4), (13, 4), (16, 0), (1, 11), (11, 13), (0, 13), (14, 2), (12, 14), (8, 1), (1, 4), (0, 6), (16, 2), (1, 13), (0, 15), (11, 15), (15, 15), (14, 4), (12, 16), (10, 0), (1, 6), (0, 8), (16, 4), (12, 0), (14, 6), (0, 1), (11, 1), (0, 10), (2, 7), (15, 1), (12, 2), (1, 1), (0, 3), (0, 12), (11, 12), (13, 6), (15, 3), (13, 15), (7, 8)})
loc: (16, 3)
inobj: frozenset({(0, 1), (2, 4), (2, 1), (3, 4), (0, 0), (0, 2), (3, 3), (1, 0), (3, 2), (1, 3)})
outobj: frozenset({(0, 1), (2, 4), (3, 4), (1, 1), (0, 3), (1, 4), (0, 2), (3, 3), (2, 2), (3, 2)})
fullobj: frozenset({(0, 1), (2, 4), (2, 1), (3, 4), (0, 2), (2, 2), (1, 0), (3, 2), (1, 3), (0, 0), (1, 1), (0, 3), (1, 4), (3, 3)})
succ: 6
gi after fill: ((9, 9, 9, 9, 9, 9, 9, 9, 9, 9, 9, 9, 9, 9, 9, 9, 9, 9, 9), (9, 9, 9, 9, 9, 9, 9, 9, 9, 9, 9, 9, 9, 9, 9, 9, 9, 9, 9), (9, 9, 9, 9, 9, 9, 9, 9, 9, 9, 9, 9, 9, 9, 9, 9, 9, 9, 9), (8, 8, 8, 8, 9, 9, 9, 9, 9, 3, 3, 3, 3, 3, 3, 9, 9, 9, 9), (8, 9, 9, 9, 8, 9, 9, 9, 9, 3, 9, 9, 9, 9, 9, 3, 9, 9, 9), (9, 8, 9, 9, 9, 8, 9, 9, 9, 9, 3, 3, 3, 3, 3, 3, 9, 9, 9), (9, 9, 8, 9, 9, 9, 8, 9, 9, 9, 9, 9, 9, 9, 9, 9, 9, 9, 9), (9, 9, 9, 8, 8, 8, 8, 9, 9, 9, 9, 4, 4, 4, 4, 9, 9, 9, 9), (9, 9, 9, 9, 9, 9, 9, 9, 9, 9, 9, 4, 9, 9, 9, 4, 9, 9, 9), (9, 9, 9, 8, 8, 8, 8, 8, 8, 9, 9, 9, 4, 4, 4, 4, 9, 9, 9), (9, 9, 9, 8, 9, 9, 9, 9, 9, 8, 9, 9, 9, 9, 9, 9, 9, 9, 9), (9, 9, 9, 9, 8, 8, 8, 8, 8, 8, 9, 9, 9, 9, 9, 9, 9, 9, 9), (9, 9, 9, 9, 9, 9, 9, 9, 9, 9, 9, 9, 9, 9, 9, 9, 9, 9, 9), (9, 9, 9, 9, 9, 9, 9, 9, 0, 0, 0, 9, 9, 9, 9, 9, 9, 9, 9), (9, 9, 9, 9, 9, 9, 9, 9, 0, 9, 9, 0, 9, 9, 9, 9, 9, 9, 9), (9, 9, 9, 9, 9, 9, 9, 9, 9, 0, 9, 9, 0, 9, 9, 9, 9, 9, 9), (9, 9, 9, 7, 7, 7, 9, 9, 9, 9, 0, 9, 9, 0, 9, 9, 9, 9, 9), (9, 9, 9, 7, 9, 9, 7, 9, 9, 9, 9, 0, 0, 0, 9, 9, 9, 9, 9), (9, 9, 9, 9, 7, 9, 9, 7, 9, 9, 9, 9, 9, 9, 9, 9, 9, 9, 9), (9, 9, 9, 9, 9, 7, 7, 7, 9, 9, 9, 9, 9, 9, 9, 9, 9, 9, 9))
tr: 17
oh: 5
ow: 6
cands: frozenset({(12, 1), (14, 4), (14, 1), (3, 7), (12, 13), (8, 0), (0, 2), (10, 0), (0, 5), (1, 0), (13, 2), (1, 6), (0, 8), (13, 5), (1, 3), (1, 9), (0, 11), (11, 11), (1, 12), (6, 8), (12, 0), (14, 0), (14, 6), (14, 3), (9, 1), (0, 1), (0, 7), (11, 1), (1, 2), (0, 4), (13, 4), (13, 1), (1, 5), (1, 11), (0, 13), (11, 13), (1, 8), (7, 0), (0, 10), (2, 7), (15, 1), (7, 9), (12, 2), (14, 2), (14, 5), (9, 0), (0, 0), (11, 0), (8, 1), (1, 1), (0, 3), (0, 9), (10, 1), (13, 0), (1, 4), (0, 6), (13, 3), (15, 0), (1, 7), (2, 6), (1, 13), (1, 10), (0, 12), (11, 12), (13, 6), (7, 8)})
loc: (0, 7)
inobj: frozenset({(0, 1), (4, 4), (3, 8), (0, 4), (2, 1), (2, 7), (0, 0), (4, 3), (0, 3), (4, 6), (0, 2), (4, 5), (0, 5), (4, 8), (1, 0), (1, 6), (3, 2), (4, 7)})
outobj: frozenset({(0, 1), (4, 4), (3, 8), (0, 4), (4, 3), (1, 1), (4, 6), (0, 3), (0, 6), (0, 2), (4, 5), (3, 3), (1, 7), (0, 5), (2, 2), (4, 8), (4, 7), (2, 8)})
fullobj: frozenset({(0, 1), (0, 4), (2, 1), (2, 7), (4, 3), (4, 6), (0, 2), (0, 5), (2, 2), (1, 0), (1, 6), (3, 2), (4, 7), (2, 8), (4, 4), (3, 8), (0, 0), (1, 1), (0, 3), (0, 6), (4, 5), (3, 3), (1, 7), (4, 8)})
tr: 18
oh: 4
ow: 3
cands: frozenset({(8, 0), (0, 5), (0, 14), (11, 14), (1, 15), (9, 1), (14, 15), (0, 7), (0, 16), (11, 16), (13, 1), (1, 8), (15, 16), (16, 15), (0, 0), (11, 0), (0, 9), (13, 3), (15, 0), (1, 10), (14, 1), (12, 13), (0, 2), (1, 3), (13, 5), (16, 1), (1, 12), (13, 14), (14, 3), (12, 15), (1, 5), (7, 0), (1, 14), (13, 16), (7, 9), (14, 5), (9, 0), (10, 1), (13, 0), (1, 7), (2, 6), (1, 16), (12, 1), (3, 7), (14, 16), (1, 0), (13, 2), (1, 9), (0, 11), (11, 11), (16, 16), (6, 8), (14, 0), (1, 2), (0, 4), (13, 4), (16, 0), (1, 11), (0, 13), (11, 13), (14, 2), (12, 14), (8, 1), (1, 4), (0, 6), (1, 13), (0, 15), (11, 15), (15, 15), (14, 4), (12, 16), (10, 0), (1, 6), (0, 8), (12, 0), (14, 6), (0, 1), (11, 1), (0, 10), (2, 7), (15, 1), (12, 2), (1, 1), (0, 3), (0, 12), (11, 12), (13, 6), (13, 15), (7, 8)})
loc: (15, 16)
inobj: frozenset({(0, 1), (2, 4), (2, 1), (3, 4), (0, 0), (0, 2), (3, 3), (1, 0), (3, 2), (1, 3)})
outobj: frozenset({(0, 1), (2, 4), (3, 4), (1, 1), (0, 3), (1, 4), (0, 2), (3, 3), (2, 2), (3, 2)})
fullobj: frozenset({(0, 1), (2, 4), (2, 1), (3, 4), (0, 2), (2, 2), (1, 0), (3, 2), (1, 3), (0, 0), (1, 1), (0, 3), (1, 4), (3, 3)})
tr: 19
oh: 6
ow: 6
cands: frozenset({(12, 1), (14, 4), (14, 1), (3, 7), (12, 13), (8, 0), (0, 2), (10, 0), (0, 5), (1, 0), (13, 2), (1, 6), (0, 8), (13, 5), (1, 3), (1, 9), (0, 11), (11, 11), (1, 12), (6, 8), (12, 0), (14, 0), (14, 6), (14, 3), (9, 1), (0, 1), (0, 7), (11, 1), (1, 2), (0, 4), (13, 4), (13, 1), (1, 5), (1, 11), (0, 13), (11, 13), (1, 8), (7, 0), (0, 10), (2, 7), (7, 9), (12, 2), (14, 2), (14, 5), (9, 0), (0, 0), (11, 0), (8, 1), (1, 1), (0, 3), (0, 9), (10, 1), (13, 0), (1, 4), (0, 6), (13, 3), (1, 7), (1, 13), (2, 6), (0, 12), (1, 10), (11, 12), (13, 6), (7, 8)})
loc: (1, 2)
inobj: frozenset({(0, 1), (0, 4), (2, 1), (2, 7), (4, 3), (4, 9), (5, 4), (5, 7), (0, 2), (0, 5), (1, 0), (1, 6), (3, 2), (3, 8), (5, 5), (0, 0), (5, 8), (0, 3), (5, 6), (5, 9)})
outobj: frozenset({(4, 9), (5, 4), (5, 7), (0, 2), (0, 5), (2, 2), (2, 8), (3, 3), (3, 9), (5, 6), (5, 9), (0, 1), (0, 4), (4, 4), (5, 5), (5, 8), (1, 1), (0, 3), (0, 6), (1, 7)})
fullobj: frozenset({(4, 3), (4, 9), (5, 4), (5, 7), (0, 2), (0, 5), (2, 2), (1, 0), (1, 6), (2, 8), (3, 3), (3, 9), (5, 6), (5, 9), (0, 1), (0, 4), (2, 1), (2, 7), (3, 2), (4, 4), (3, 8), (5, 5), (0, 0), (5, 8), (1, 1), (0, 3), (0, 6), (1, 7)})
tr: 20
oh: 5
ow: 5
cands: frozenset({(12, 1), (14, 4), (14, 1), (3, 7), (12, 13), (8, 0), (0, 2), (10, 0), (0, 5), (1, 0), (13, 2), (1, 6), (0, 14), (13, 5), (11, 14), (1, 3), (1, 9), (0, 11), (1, 12), (13, 14), (11, 11), (6, 8), (12, 0), (14, 0), (14, 6), (14, 3), (9, 1), (0, 1), (0, 7), (11, 1), (1, 2), (0, 4), (13, 4), (13, 1), (1, 5), (1, 11), (0, 13), (11, 13), (1, 8), (7, 0), (1, 14), (0, 10), (2, 7), (7, 9), (15, 1), (12, 2), (14, 2), (14, 5), (12, 14), (0, 8), (9, 0), (0, 0), (11, 0), (8, 1), (1, 1), (0, 3), (0, 9), (10, 1), (13, 0), (1, 4), (0, 6), (13, 3), (15, 0), (1, 7), (2, 6), (1, 13), (1, 10), (0, 12), (11, 12), (13, 6), (7, 8)})
loc: (9, 1)
inobj: frozenset({(0, 1), (4, 4), (0, 4), (2, 1), (0, 0), (1, 5), (3, 7), (4, 3), (0, 3), (4, 6), (0, 2), (4, 5), (2, 6), (1, 0), (3, 2), (4, 7)})
outobj: frozenset({(0, 1), (4, 4), (0, 4), (2, 7), (4, 3), (3, 7), (1, 1), (0, 3), (4, 6), (0, 2), (4, 5), (3, 3), (0, 5), (2, 2), (1, 6), (4, 7)})
fullobj: frozenset({(0, 1), (0, 4), (2, 1), (2, 7), (1, 5), (4, 3), (3, 7), (4, 6), (0, 2), (0, 5), (2, 2), (1, 0), (1, 6), (3, 2), (4, 7), (4, 4), (0, 0), (1, 1), (0, 3), (4, 5), (3, 3), (2, 6)})
tr: 21
oh: 5
ow: 3
cands: frozenset({(8, 0), (0, 5), (0, 14), (11, 14), (1, 15), (9, 1), (14, 15), (0, 7), (0, 16), (11, 16), (13, 1), (1, 8), (15, 16), (0, 0), (11, 0), (0, 9), (13, 3), (15, 0), (1, 10), (14, 1), (12, 13), (0, 2), (1, 3), (13, 5), (1, 12), (13, 14), (14, 3), (12, 15), (1, 5), (7, 0), (1, 14), (13, 16), (7, 9), (14, 5), (9, 0), (10, 1), (13, 0), (1, 7), (2, 6), (1, 16), (12, 1), (3, 7), (14, 16), (1, 0), (13, 2), (1, 9), (0, 11), (11, 11), (6, 8), (14, 0), (1, 2), (0, 4), (13, 4), (1, 11), (0, 13), (11, 13), (14, 2), (12, 14), (8, 1), (1, 4), (0, 6), (1, 13), (0, 15), (11, 15), (15, 15), (14, 4), (12, 16), (10, 0), (1, 6), (0, 8), (12, 0), (14, 6), (0, 1), (11, 1), (0, 10), (2, 7), (15, 1), (12, 2), (1, 1), (0, 3), (0, 12), (11, 12), (13, 6), (13, 15), (7, 8)})
loc: (1, 5)
inobj: frozenset({(0, 1), (4, 4), (2, 4), (2, 1), (0, 0), (4, 3), (0, 2), (4, 5), (1, 0), (3, 2), (1, 3), (3, 5)})
outobj: frozenset({(0, 1), (4, 4), (4, 3), (1, 1), (0, 3), (1, 4), (0, 2), (4, 5), (3, 3), (2, 2), (2, 5), (3, 5)})
fullobj: frozenset({(0, 1), (2, 4), (2, 1), (4, 3), (0, 2), (2, 2), (1, 0), (3, 2), (2, 5), (1, 3), (3, 5), (4, 4), (0, 0), (1, 1), (0, 3), (1, 4), (4, 5), (3, 3)})
tr: 22
oh: 3
ow: 5
cands: frozenset({(12, 1), (14, 4), (14, 1), (17, 0), (3, 7), (12, 13), (8, 0), (0, 2), (10, 0), (0, 5), (1, 0), (13, 2), (1, 6), (0, 14), (11, 14), (1, 3), (13, 5), (16, 1), (1, 9), (1, 12), (13, 14), (0, 11), (11, 11), (6, 8), (12, 0), (14, 0), (14, 6), (14, 3), (9, 1), (0, 1), (0, 7), (11, 1), (1, 2), (0, 4), (13, 4), (13, 1), (1, 5), (16, 0), (0, 13), (11, 13), (1, 8), (7, 0), (1, 14), (1, 11), (2, 7), (7, 9), (15, 1), (12, 2), (0, 10), (14, 2), (14, 5), (12, 14), (0, 8), (9, 0), (17, 1), (0, 0), (11, 0), (8, 1), (1, 1), (0, 3), (0, 9), (10, 1), (13, 0), (1, 4), (0, 6), (13, 3), (15, 0), (1, 7), (2, 6), (1, 13), (1, 10), (0, 12), (11, 12), (13, 6), (7, 8)})
loc: (14, 5)
inobj: frozenset({(0, 1), (2, 4), (0, 4), (2, 1), (0, 0), (1, 5), (0, 3), (2, 3), (0, 2), (2, 2), (1, 0), (2, 5)})
outobj: frozenset({(0, 1), (2, 4), (0, 4), (2, 1), (1, 5), (1, 1), (0, 3), (2, 3), (0, 2), (0, 5), (2, 2), (2, 5)})
fullobj: frozenset({(0, 1), (2, 4), (0, 4), (2, 1), (1, 5), (0, 2), (0, 5), (2, 2), (1, 0), (2, 5), (0, 0), (1, 1), (0, 3), (2, 3)})
tr: 23
oh: 6
ow: 6
cands: frozenset({(12, 1), (14, 4), (14, 1), (3, 7), (12, 13), (8, 0), (0, 2), (10, 0), (0, 5), (1, 0), (13, 2), (1, 6), (0, 8), (13, 5), (1, 3), (1, 9), (0, 11), (11, 11), (1, 12), (6, 8), (12, 0), (14, 0), (14, 6), (14, 3), (9, 1), (0, 1), (0, 7), (11, 1), (1, 2), (0, 4), (13, 4), (13, 1), (1, 5), (1, 11), (0, 13), (11, 13), (1, 8), (7, 0), (0, 10), (2, 7), (7, 9), (12, 2), (14, 2), (14, 5), (9, 0), (0, 0), (11, 0), (8, 1), (1, 1), (0, 3), (0, 9), (10, 1), (13, 0), (1, 4), (0, 6), (13, 3), (1, 7), (1, 13), (2, 6), (0, 12), (1, 10), (11, 12), (13, 6), (7, 8)})
loc: (2, 6)
inobj: frozenset({(0, 1), (0, 4), (2, 1), (2, 7), (4, 3), (4, 9), (5, 4), (5, 7), (0, 2), (0, 5), (1, 0), (1, 6), (3, 2), (3, 8), (5, 5), (0, 0), (5, 8), (0, 3), (5, 6), (5, 9)})
outobj: frozenset({(4, 9), (5, 4), (5, 7), (0, 2), (0, 5), (2, 2), (2, 8), (3, 3), (3, 9), (5, 6), (5, 9), (0, 1), (0, 4), (4, 4), (5, 5), (5, 8), (1, 1), (0, 3), (0, 6), (1, 7)})
fullobj: frozenset({(4, 3), (4, 9), (5, 4), (5, 7), (0, 2), (0, 5), (2, 2), (1, 0), (1, 6), (2, 8), (3, 3), (3, 9), (5, 6), (5, 9), (0, 1), (0, 4), (2, 1), (2, 7), (3, 2), (4, 4), (3, 8), (5, 5), (0, 0), (5, 8), (1, 1), (0, 3), (0, 6), (1, 7)})
tr: 24
oh: 6
ow: 5
cands: frozenset({(12, 1), (14, 4), (14, 1), (3, 7), (12, 13), (8, 0), (0, 2), (10, 0), (0, 5), (1, 0), (13, 2), (1, 6), (0, 14), (13, 5), (11, 14), (1, 3), (1, 9), (0, 11), (1, 12), (13, 14), (11, 11), (6, 8), (12, 0), (14, 0), (14, 6), (14, 3), (9, 1), (0, 1), (0, 7), (11, 1), (1, 2), (0, 4), (13, 4), (13, 1), (1, 5), (1, 11), (0, 13), (11, 13), (1, 8), (7, 0), (1, 14), (0, 10), (2, 7), (7, 9), (12, 2), (14, 2), (14, 5), (12, 14), (0, 8), (9, 0), (0, 0), (11, 0), (8, 1), (1, 1), (0, 3), (0, 9), (10, 1), (13, 0), (1, 4), (0, 6), (13, 3), (1, 7), (1, 13), (2, 6), (0, 12), (1, 10), (11, 12), (13, 6), (7, 8)})
loc: (6, 8)
inobj: frozenset({(0, 1), (5, 5), (0, 4), (2, 1), (0, 0), (4, 3), (3, 7), (1, 5), (0, 3), (5, 8), (5, 4), (5, 7), (0, 2), (2, 6), (5, 6), (4, 8), (1, 0), (3, 2)})
outobj: frozenset({(0, 1), (4, 4), (3, 8), (5, 5), (0, 4), (2, 7), (5, 8), (5, 4), (1, 1), (0, 3), (5, 7), (0, 2), (3, 3), (5, 6), (0, 5), (2, 2), (4, 8), (1, 6)})
fullobj: frozenset({(0, 1), (0, 4), (2, 1), (2, 7), (4, 3), (1, 5), (3, 7), (5, 4), (5, 7), (0, 2), (0, 5), (2, 2), (1, 0), (1, 6), (3, 2), (4, 4), (3, 8), (5, 5), (0, 0), (5, 8), (1, 1), (0, 3), (3, 3), (2, 6), (5, 6), (4, 8)})
tr: 25
oh: 6
ow: 5
cands: frozenset({(12, 1), (14, 4), (14, 1), (3, 7), (12, 13), (8, 0), (0, 2), (10, 0), (0, 5), (1, 0), (13, 2), (1, 6), (0, 14), (13, 5), (11, 14), (1, 3), (1, 9), (0, 11), (1, 12), (13, 14), (11, 11), (6, 8), (12, 0), (14, 0), (14, 6), (14, 3), (9, 1), (0, 1), (0, 7), (11, 1), (1, 2), (0, 4), (13, 4), (13, 1), (1, 5), (1, 11), (0, 13), (11, 13), (1, 8), (7, 0), (1, 14), (0, 10), (2, 7), (7, 9), (12, 2), (14, 2), (14, 5), (12, 14), (0, 8), (9, 0), (0, 0), (11, 0), (8, 1), (1, 1), (0, 3), (0, 9), (10, 1), (13, 0), (1, 4), (0, 6), (13, 3), (1, 7), (1, 13), (2, 6), (0, 12), (1, 10), (11, 12), (13, 6), (7, 8)})
loc: (1, 7)
inobj: frozenset({(0, 1), (5, 5), (0, 4), (2, 1), (0, 0), (4, 3), (3, 7), (1, 5), (0, 3), (5, 8), (5, 4), (5, 7), (0, 2), (2, 6), (5, 6), (4, 8), (1, 0), (3, 2)})
outobj: frozenset({(0, 1), (4, 4), (3, 8), (5, 5), (0, 4), (2, 7), (5, 8), (5, 4), (1, 1), (0, 3), (5, 7), (0, 2), (3, 3), (5, 6), (0, 5), (2, 2), (4, 8), (1, 6)})
fullobj: frozenset({(0, 1), (0, 4), (2, 1), (2, 7), (4, 3), (1, 5), (3, 7), (5, 4), (5, 7), (0, 2), (0, 5), (2, 2), (1, 0), (1, 6), (3, 2), (4, 4), (3, 8), (5, 5), (0, 0), (5, 8), (1, 1), (0, 3), (3, 3), (2, 6), (5, 6), (4, 8)})
tr: 26
oh: 3
ow: 4
cands: frozenset({(8, 0), (0, 5), (0, 14), (11, 14), (1, 15), (9, 1), (14, 15), (0, 7), (13, 1), (1, 8), (16, 15), (0, 0), (11, 0), (0, 9), (13, 3), (15, 0), (1, 10), (14, 1), (17, 0), (12, 13), (0, 2), (1, 3), (13, 5), (16, 1), (1, 12), (13, 14), (14, 3), (12, 15), (1, 5), (7, 0), (1, 14), (7, 9), (14, 5), (9, 0), (10, 1), (13, 0), (1, 7), (2, 6), (12, 1), (3, 7), (1, 0), (13, 2), (1, 9), (0, 11), (11, 11), (6, 8), (14, 0), (1, 2), (0, 4), (13, 4), (16, 0), (1, 11), (0, 13), (11, 13), (14, 2), (12, 14), (8, 1), (1, 4), (0, 6), (1, 13), (0, 15), (11, 15), (15, 15), (14, 4), (10, 0), (17, 15), (1, 6), (0, 8), (12, 0), (14, 6), (0, 1), (11, 1), (0, 10), (2, 7), (15, 1), (12, 2), (17, 1), (1, 1), (0, 3), (0, 12), (11, 12), (13, 6), (13, 15), (7, 8)})
loc: (0, 6)
inobj: frozenset({(0, 1), (2, 4), (2, 1), (0, 0), (0, 3), (1, 4), (2, 3), (0, 2), (2, 2), (1, 0)})
outobj: frozenset({(0, 1), (2, 4), (0, 4), (2, 1), (1, 1), (0, 3), (1, 4), (2, 3), (0, 2), (2, 2)})
fullobj: frozenset({(0, 1), (2, 4), (0, 4), (2, 1), (0, 2), (2, 2), (1, 0), (0, 0), (1, 1), (0, 3), (1, 4), (2, 3)})
tr: 27
oh: 3
ow: 5
cands: frozenset({(12, 1), (14, 4), (14, 1), (17, 0), (3, 7), (12, 13), (8, 0), (0, 2), (10, 0), (0, 5), (1, 0), (13, 2), (1, 6), (0, 14), (11, 14), (1, 3), (13, 5), (16, 1), (1, 9), (1, 12), (13, 14), (0, 11), (11, 11), (6, 8), (12, 0), (14, 0), (14, 6), (14, 3), (9, 1), (0, 1), (0, 7), (11, 1), (1, 2), (0, 4), (13, 4), (13, 1), (1, 5), (16, 0), (0, 13), (11, 13), (1, 8), (7, 0), (1, 14), (1, 11), (2, 7), (7, 9), (15, 1), (12, 2), (0, 10), (14, 2), (14, 5), (12, 14), (0, 8), (9, 0), (17, 1), (0, 0), (11, 0), (8, 1), (1, 1), (0, 3), (0, 9), (10, 1), (13, 0), (1, 4), (0, 6), (13, 3), (15, 0), (1, 7), (2, 6), (1, 13), (1, 10), (0, 12), (11, 12), (13, 6), (7, 8)})
loc: (12, 13)
inobj: frozenset({(0, 1), (2, 4), (0, 4), (2, 1), (0, 0), (1, 5), (0, 3), (2, 3), (0, 2), (2, 2), (1, 0), (2, 5)})
outobj: frozenset({(0, 1), (2, 4), (0, 4), (2, 1), (1, 5), (1, 1), (0, 3), (2, 3), (0, 2), (0, 5), (2, 2), (2, 5)})
fullobj: frozenset({(0, 1), (2, 4), (0, 4), (2, 1), (1, 5), (0, 2), (0, 5), (2, 2), (1, 0), (2, 5), (0, 0), (1, 1), (0, 3), (2, 3)})
tr: 28
oh: 5
ow: 4
cands: frozenset({(8, 0), (0, 5), (0, 14), (11, 14), (1, 15), (9, 1), (14, 15), (0, 7), (13, 1), (1, 8), (0, 0), (11, 0), (0, 9), (13, 3), (15, 0), (1, 10), (14, 1), (12, 13), (0, 2), (1, 3), (13, 5), (1, 12), (13, 14), (14, 3), (12, 15), (1, 5), (7, 0), (1, 14), (7, 9), (14, 5), (9, 0), (10, 1), (13, 0), (1, 7), (2, 6), (12, 1), (3, 7), (1, 0), (13, 2), (1, 9), (0, 11), (11, 11), (6, 8), (14, 0), (1, 2), (0, 4), (13, 4), (1, 11), (0, 13), (11, 13), (14, 2), (12, 14), (8, 1), (1, 4), (0, 6), (1, 13), (0, 15), (11, 15), (15, 15), (14, 4), (10, 0), (1, 6), (0, 8), (12, 0), (14, 6), (0, 1), (11, 1), (0, 10), (2, 7), (15, 1), (12, 2), (1, 1), (0, 3), (11, 12), (0, 12), (13, 6), (13, 15), (7, 8)})
loc: (0, 9)
inobj: frozenset({(0, 1), (4, 4), (2, 1), (0, 0), (4, 3), (0, 3), (4, 6), (1, 4), (0, 2), (4, 5), (3, 6), (1, 0), (3, 2), (2, 5)})
outobj: frozenset({(0, 1), (4, 4), (0, 4), (2, 2), (1, 5), (4, 3), (1, 1), (0, 3), (4, 6), (0, 2), (4, 5), (3, 3), (2, 6), (3, 6)})
fullobj: frozenset({(0, 1), (0, 4), (2, 1), (4, 3), (1, 5), (4, 6), (0, 2), (2, 2), (1, 0), (3, 2), (2, 5), (4, 4), (0, 0), (1, 1), (0, 3), (1, 4), (4, 5), (3, 3), (2, 6), (3, 6)})
tr: 29
oh: 6
ow: 6
cands: frozenset({(12, 1), (14, 4), (14, 1), (3, 7), (12, 13), (8, 0), (0, 2), (10, 0), (0, 5), (1, 0), (13, 2), (1, 6), (0, 8), (13, 5), (1, 3), (1, 9), (0, 11), (11, 11), (1, 12), (6, 8), (12, 0), (14, 0), (14, 6), (14, 3), (9, 1), (0, 1), (0, 7), (11, 1), (1, 2), (0, 4), (13, 4), (13, 1), (1, 5), (1, 11), (0, 13), (11, 13), (1, 8), (7, 0), (0, 10), (2, 7), (7, 9), (12, 2), (14, 2), (14, 5), (9, 0), (0, 0), (11, 0), (8, 1), (1, 1), (0, 3), (0, 9), (10, 1), (13, 0), (1, 4), (0, 6), (13, 3), (1, 7), (1, 13), (2, 6), (0, 12), (1, 10), (11, 12), (13, 6), (7, 8)})
loc: (0, 8)
inobj: frozenset({(0, 1), (0, 4), (2, 1), (2, 7), (4, 3), (4, 9), (5, 4), (5, 7), (0, 2), (0, 5), (1, 0), (1, 6), (3, 2), (3, 8), (5, 5), (0, 0), (5, 8), (0, 3), (5, 6), (5, 9)})
outobj: frozenset({(4, 9), (5, 4), (5, 7), (0, 2), (0, 5), (2, 2), (2, 8), (3, 3), (3, 9), (5, 6), (5, 9), (0, 1), (0, 4), (4, 4), (5, 5), (5, 8), (1, 1), (0, 3), (0, 6), (1, 7)})
fullobj: frozenset({(4, 3), (4, 9), (5, 4), (5, 7), (0, 2), (0, 5), (2, 2), (1, 0), (1, 6), (2, 8), (3, 3), (3, 9), (5, 6), (5, 9), (0, 1), (0, 4), (2, 1), (2, 7), (3, 2), (4, 4), (3, 8), (5, 5), (0, 0), (5, 8), (1, 1), (0, 3), (0, 6), (1, 7)})
tr: 30
oh: 6
ow: 3
cands: frozenset({(8, 0), (0, 5), (0, 14), (11, 14), (1, 15), (9, 1), (14, 15), (0, 7), (0, 16), (11, 16), (13, 1), (1, 8), (0, 0), (11, 0), (0, 9), (13, 3), (1, 10), (14, 1), (12, 13), (0, 2), (1, 3), (13, 5), (1, 12), (13, 14), (14, 3), (12, 15), (1, 5), (7, 0), (1, 14), (13, 16), (7, 9), (14, 5), (9, 0), (10, 1), (13, 0), (1, 7), (2, 6), (1, 16), (12, 1), (3, 7), (14, 16), (1, 0), (13, 2), (1, 9), (0, 11), (11, 11), (6, 8), (14, 0), (1, 2), (0, 4), (13, 4), (1, 11), (0, 13), (11, 13), (14, 2), (12, 14), (8, 1), (1, 4), (0, 6), (1, 13), (0, 15), (11, 15), (14, 4), (12, 16), (10, 0), (1, 6), (0, 8), (12, 0), (14, 6), (0, 1), (11, 1), (0, 10), (2, 7), (12, 2), (1, 1), (0, 3), (0, 12), (11, 12), (13, 6), (13, 15), (7, 8)})
loc: (12, 13)
inobj: frozenset({(0, 1), (2, 4), (5, 5), (2, 1), (4, 3), (0, 0), (5, 4), (4, 6), (0, 2), (5, 6), (1, 0), (3, 2), (1, 3), (3, 5)})
outobj: frozenset({(0, 1), (4, 4), (5, 5), (2, 2), (5, 4), (0, 3), (1, 1), (4, 6), (1, 4), (0, 2), (3, 3), (5, 6), (3, 6), (2, 5)})
fullobj: frozenset({(0, 1), (2, 4), (2, 1), (4, 3), (5, 4), (4, 6), (0, 2), (2, 2), (1, 0), (3, 2), (2, 5), (1, 3), (3, 5), (4, 4), (5, 5), (0, 0), (1, 1), (0, 3), (1, 4), (3, 3), (5, 6), (3, 6)})
tr: 31
oh: 3
ow: 6
cands: frozenset({(12, 1), (14, 4), (14, 1), (17, 0), (3, 7), (12, 13), (8, 0), (0, 2), (10, 0), (0, 5), (1, 0), (13, 2), (1, 6), (0, 8), (13, 5), (1, 3), (1, 9), (16, 1), (0, 11), (1, 12), (11, 11), (6, 8), (12, 0), (14, 0), (14, 6), (14, 3), (9, 1), (0, 1), (0, 7), (11, 1), (1, 2), (0, 4), (13, 4), (13, 1), (1, 5), (16, 0), (0, 13), (11, 13), (1, 8), (7, 0), (1, 11), (0, 10), (2, 7), (7, 9), (15, 1), (12, 2), (14, 2), (14, 5), (9, 0), (17, 1), (0, 0), (11, 0), (8, 1), (1, 1), (0, 3), (0, 9), (10, 1), (13, 0), (1, 4), (0, 6), (13, 3), (15, 0), (1, 7), (2, 6), (1, 13), (1, 10), (0, 12), (11, 12), (13, 6), (7, 8)})
loc: (1, 3)
inobj: frozenset({(0, 1), (2, 4), (0, 4), (2, 1), (0, 0), (0, 3), (2, 3), (0, 2), (2, 6), (0, 5), (2, 2), (1, 0), (1, 6), (2, 5)})
outobj: frozenset({(0, 1), (2, 4), (0, 4), (2, 1), (1, 1), (0, 3), (0, 6), (2, 3), (0, 2), (2, 6), (0, 5), (2, 2), (1, 6), (2, 5)})
fullobj: frozenset({(0, 1), (2, 4), (0, 4), (2, 1), (0, 2), (0, 5), (2, 2), (1, 0), (1, 6), (2, 5), (0, 0), (1, 1), (0, 3), (0, 6), (2, 3), (2, 6)})
tr: 32
oh: 5
ow: 6
cands: frozenset({(12, 1), (14, 4), (14, 1), (3, 7), (12, 13), (8, 0), (0, 2), (10, 0), (0, 5), (1, 0), (13, 2), (1, 6), (0, 8), (13, 5), (1, 3), (1, 9), (0, 11), (11, 11), (1, 12), (6, 8), (12, 0), (14, 0), (14, 6), (14, 3), (9, 1), (0, 1), (0, 7), (11, 1), (1, 2), (0, 4), (13, 4), (13, 1), (1, 5), (1, 11), (0, 13), (11, 13), (1, 8), (7, 0), (0, 10), (2, 7), (15, 1), (7, 9), (12, 2), (14, 2), (14, 5), (9, 0), (0, 0), (11, 0), (8, 1), (1, 1), (0, 3), (0, 9), (10, 1), (13, 0), (1, 4), (0, 6), (13, 3), (15, 0), (1, 7), (2, 6), (1, 13), (1, 10), (0, 12), (11, 12), (13, 6), (7, 8)})
loc: (13, 5)
inobj: frozenset({(0, 1), (4, 4), (3, 8), (0, 4), (2, 1), (2, 7), (0, 0), (4, 3), (0, 3), (4, 6), (0, 2), (4, 5), (0, 5), (4, 8), (1, 0), (1, 6), (3, 2), (4, 7)})
outobj: frozenset({(0, 1), (4, 4), (3, 8), (0, 4), (4, 3), (1, 1), (4, 6), (0, 3), (0, 6), (0, 2), (4, 5), (3, 3), (1, 7), (0, 5), (2, 2), (4, 8), (4, 7), (2, 8)})
fullobj: frozenset({(0, 1), (0, 4), (2, 1), (2, 7), (4, 3), (4, 6), (0, 2), (0, 5), (2, 2), (1, 0), (1, 6), (3, 2), (4, 7), (2, 8), (4, 4), (3, 8), (0, 0), (1, 1), (0, 3), (0, 6), (4, 5), (3, 3), (1, 7), (4, 8)})
tr: 33
oh: 6
ow: 3
cands: frozenset({(8, 0), (0, 5), (0, 14), (11, 14), (1, 15), (9, 1), (14, 15), (0, 7), (0, 16), (11, 16), (13, 1), (1, 8), (0, 0), (11, 0), (0, 9), (13, 3), (1, 10), (14, 1), (12, 13), (0, 2), (1, 3), (13, 5), (1, 12), (13, 14), (14, 3), (12, 15), (1, 5), (7, 0), (1, 14), (13, 16), (7, 9), (14, 5), (9, 0), (10, 1), (13, 0), (1, 7), (2, 6), (1, 16), (12, 1), (3, 7), (14, 16), (1, 0), (13, 2), (1, 9), (0, 11), (11, 11), (6, 8), (14, 0), (1, 2), (0, 4), (13, 4), (1, 11), (0, 13), (11, 13), (14, 2), (12, 14), (8, 1), (1, 4), (0, 6), (1, 13), (0, 15), (11, 15), (14, 4), (12, 16), (10, 0), (1, 6), (0, 8), (12, 0), (14, 6), (0, 1), (11, 1), (0, 10), (2, 7), (12, 2), (1, 1), (0, 3), (0, 12), (11, 12), (13, 6), (13, 15), (7, 8)})
loc: (1, 2)
inobj: frozenset({(0, 1), (2, 4), (5, 5), (2, 1), (4, 3), (0, 0), (5, 4), (4, 6), (0, 2), (5, 6), (1, 0), (3, 2), (1, 3), (3, 5)})
outobj: frozenset({(0, 1), (4, 4), (5, 5), (2, 2), (5, 4), (0, 3), (1, 1), (4, 6), (1, 4), (0, 2), (3, 3), (5, 6), (3, 6), (2, 5)})
fullobj: frozenset({(0, 1), (2, 4), (2, 1), (4, 3), (5, 4), (4, 6), (0, 2), (2, 2), (1, 0), (3, 2), (2, 5), (1, 3), (3, 5), (4, 4), (5, 5), (0, 0), (1, 1), (0, 3), (1, 4), (3, 3), (5, 6), (3, 6)})
tr: 34
oh: 3
ow: 3
cands: frozenset({(8, 0), (0, 5), (0, 14), (11, 14), (1, 15), (9, 1), (14, 15), (0, 7), (0, 16), (11, 16), (13, 1), (1, 8), (15, 16), (16, 15), (0, 0), (11, 0), (17, 16), (0, 9), (13, 3), (15, 0), (1, 10), (14, 1), (17, 0), (12, 13), (0, 2), (1, 3), (13, 5), (16, 1), (1, 12), (13, 14), (14, 3), (12, 15), (1, 5), (7, 0), (1, 14), (13, 16), (7, 9), (14, 5), (9, 0), (10, 1), (13, 0), (1, 7), (2, 6), (1, 16), (12, 1), (3, 7), (14, 16), (1, 0), (13, 2), (1, 9), (0, 11), (11, 11), (16, 16), (6, 8), (14, 0), (1, 2), (0, 4), (13, 4), (16, 0), (1, 11), (0, 13), (11, 13), (14, 2), (12, 14), (8, 1), (1, 4), (0, 6), (1, 13), (0, 15), (11, 15), (15, 15), (14, 4), (12, 16), (10, 0), (17, 15), (1, 6), (0, 8), (12, 0), (14, 6), (0, 1), (11, 1), (0, 10), (2, 7), (15, 1), (12, 2), (17, 1), (1, 1), (0, 3), (0, 12), (11, 12), (13, 6), (13, 15), (7, 8)})
loc: (14, 2)
inobj: frozenset({(0, 1), (2, 3), (0, 2), (2, 2), (2, 1), (0, 0), (1, 0), (1, 3)})
outobj: frozenset({(0, 1), (2, 1), (1, 1), (0, 3), (2, 3), (0, 2), (2, 2), (1, 3)})
fullobj: frozenset({(0, 1), (2, 1), (0, 0), (1, 1), (0, 3), (2, 3), (0, 2), (2, 2), (1, 0), (1, 3)})
tr: 35
oh: 5
ow: 5
cands: frozenset({(12, 1), (14, 4), (14, 1), (3, 7), (12, 13), (8, 0), (0, 2), (10, 0), (0, 5), (1, 0), (13, 2), (1, 6), (0, 14), (13, 5), (11, 14), (1, 3), (1, 9), (0, 11), (1, 12), (13, 14), (11, 11), (6, 8), (12, 0), (14, 0), (14, 6), (14, 3), (9, 1), (0, 1), (0, 7), (11, 1), (1, 2), (0, 4), (13, 4), (13, 1), (1, 5), (1, 11), (0, 13), (11, 13), (1, 8), (7, 0), (1, 14), (0, 10), (2, 7), (7, 9), (15, 1), (12, 2), (14, 2), (14, 5), (12, 14), (0, 8), (9, 0), (0, 0), (11, 0), (8, 1), (1, 1), (0, 3), (0, 9), (10, 1), (13, 0), (1, 4), (0, 6), (13, 3), (15, 0), (1, 7), (2, 6), (1, 13), (1, 10), (0, 12), (11, 12), (13, 6), (7, 8)})
loc: (0, 10)
inobj: frozenset({(0, 1), (4, 4), (0, 4), (2, 1), (0, 0), (1, 5), (3, 7), (4, 3), (0, 3), (4, 6), (0, 2), (4, 5), (2, 6), (1, 0), (3, 2), (4, 7)})
outobj: frozenset({(0, 1), (4, 4), (0, 4), (2, 7), (4, 3), (3, 7), (1, 1), (0, 3), (4, 6), (0, 2), (4, 5), (3, 3), (0, 5), (2, 2), (1, 6), (4, 7)})
fullobj: frozenset({(0, 1), (0, 4), (2, 1), (2, 7), (1, 5), (4, 3), (3, 7), (4, 6), (0, 2), (0, 5), (2, 2), (1, 0), (1, 6), (3, 2), (4, 7), (4, 4), (0, 0), (1, 1), (0, 3), (4, 5), (3, 3), (2, 6)})
tr: 36
oh: 5
ow: 4
cands: frozenset({(8, 0), (0, 5), (0, 14), (11, 14), (1, 15), (9, 1), (14, 15), (0, 7), (13, 1), (1, 8), (0, 0), (11, 0), (0, 9), (13, 3), (15, 0), (1, 10), (14, 1), (12, 13), (0, 2), (1, 3), (13, 5), (1, 12), (13, 14), (14, 3), (12, 15), (1, 5), (7, 0), (1, 14), (7, 9), (14, 5), (9, 0), (10, 1), (13, 0), (1, 7), (2, 6), (12, 1), (3, 7), (1, 0), (13, 2), (1, 9), (0, 11), (11, 11), (6, 8), (14, 0), (1, 2), (0, 4), (13, 4), (1, 11), (0, 13), (11, 13), (14, 2), (12, 14), (8, 1), (1, 4), (0, 6), (1, 13), (0, 15), (11, 15), (15, 15), (14, 4), (10, 0), (1, 6), (0, 8), (12, 0), (14, 6), (0, 1), (11, 1), (0, 10), (2, 7), (15, 1), (12, 2), (1, 1), (0, 3), (11, 12), (0, 12), (13, 6), (13, 15), (7, 8)})
loc: (14, 1)
inobj: frozenset({(0, 1), (4, 4), (2, 1), (0, 0), (4, 3), (0, 3), (4, 6), (1, 4), (0, 2), (4, 5), (3, 6), (1, 0), (3, 2), (2, 5)})
outobj: frozenset({(0, 1), (4, 4), (0, 4), (2, 2), (1, 5), (4, 3), (1, 1), (0, 3), (4, 6), (0, 2), (4, 5), (3, 3), (2, 6), (3, 6)})
fullobj: frozenset({(0, 1), (0, 4), (2, 1), (4, 3), (1, 5), (4, 6), (0, 2), (2, 2), (1, 0), (3, 2), (2, 5), (4, 4), (0, 0), (1, 1), (0, 3), (1, 4), (4, 5), (3, 3), (2, 6), (3, 6)})
tr: 37
oh: 4
ow: 6
cands: frozenset({(12, 1), (14, 4), (14, 1), (3, 7), (12, 13), (8, 0), (0, 2), (10, 0), (0, 5), (1, 0), (13, 2), (1, 6), (0, 8), (13, 5), (1, 3), (1, 9), (16, 1), (0, 11), (1, 12), (11, 11), (6, 8), (12, 0), (14, 0), (14, 6), (14, 3), (9, 1), (0, 1), (0, 7), (11, 1), (1, 2), (0, 4), (13, 4), (13, 1), (1, 5), (16, 0), (0, 13), (11, 13), (1, 8), (7, 0), (1, 11), (0, 10), (2, 7), (7, 9), (15, 1), (12, 2), (14, 2), (14, 5), (9, 0), (0, 0), (11, 0), (8, 1), (1, 1), (0, 3), (0, 9), (10, 1), (13, 0), (1, 4), (0, 6), (13, 3), (15, 0), (1, 7), (2, 6), (1, 13), (1, 10), (0, 12), (11, 12), (13, 6), (7, 8)})
loc: (14, 0)
inobj: frozenset({(0, 1), (0, 4), (2, 1), (2, 7), (0, 0), (3, 4), (3, 7), (0, 3), (0, 2), (3, 3), (0, 5), (3, 6), (1, 0), (1, 6), (3, 2), (3, 5)})
outobj: frozenset({(0, 1), (0, 4), (3, 4), (2, 7), (3, 7), (1, 1), (0, 3), (0, 6), (0, 2), (3, 3), (1, 7), (3, 6), (0, 5), (2, 2), (3, 2), (3, 5)})
fullobj: frozenset({(0, 1), (0, 4), (2, 1), (2, 7), (3, 4), (3, 7), (0, 2), (0, 5), (2, 2), (1, 0), (1, 6), (3, 2), (3, 5), (0, 0), (1, 1), (0, 3), (0, 6), (1, 7), (3, 3), (3, 6)})
tr: 38
oh: 4
ow: 5
cands: frozenset({(12, 1), (14, 4), (14, 1), (3, 7), (12, 13), (8, 0), (0, 2), (10, 0), (0, 5), (1, 0), (13, 2), (1, 6), (0, 14), (13, 5), (11, 14), (1, 3), (16, 1), (1, 9), (1, 12), (13, 14), (0, 11), (11, 11), (6, 8), (12, 0), (14, 0), (14, 6), (14, 3), (9, 1), (0, 1), (0, 7), (11, 1), (1, 2), (0, 4), (13, 4), (13, 1), (1, 5), (16, 0), (0, 13), (11, 13), (1, 8), (7, 0), (1, 14), (1, 11), (2, 7), (7, 9), (15, 1), (12, 2), (0, 10), (14, 2), (14, 5), (12, 14), (0, 8), (9, 0), (0, 0), (11, 0), (8, 1), (1, 1), (0, 3), (0, 9), (10, 1), (13, 0), (1, 4), (0, 6), (13, 3), (15, 0), (1, 7), (2, 6), (1, 13), (1, 10), (0, 12), (11, 12), (13, 6), (7, 8)})
loc: (1, 3)
inobj: frozenset({(0, 1), (0, 4), (2, 1), (3, 4), (0, 0), (1, 5), (0, 3), (0, 2), (3, 3), (2, 6), (3, 6), (1, 0), (3, 2), (3, 5)})
outobj: frozenset({(0, 1), (0, 4), (3, 4), (1, 1), (0, 3), (0, 2), (3, 3), (2, 6), (3, 6), (0, 5), (2, 2), (1, 6), (3, 2), (3, 5)})
fullobj: frozenset({(0, 1), (0, 4), (2, 1), (3, 4), (1, 5), (0, 2), (0, 5), (2, 2), (1, 0), (1, 6), (3, 2), (3, 5), (0, 0), (1, 1), (0, 3), (3, 3), (2, 6), (3, 6)})
tr: 39
oh: 3
ow: 5
cands: frozenset({(12, 1), (14, 4), (14, 1), (17, 0), (3, 7), (12, 13), (8, 0), (0, 2), (10, 0), (0, 5), (1, 0), (13, 2), (1, 6), (0, 14), (11, 14), (1, 3), (13, 5), (16, 1), (1, 9), (1, 12), (13, 14), (0, 11), (11, 11), (6, 8), (12, 0), (14, 0), (14, 6), (14, 3), (9, 1), (0, 1), (0, 7), (11, 1), (1, 2), (0, 4), (13, 4), (13, 1), (1, 5), (16, 0), (0, 13), (11, 13), (1, 8), (7, 0), (1, 14), (1, 11), (2, 7), (7, 9), (15, 1), (12, 2), (0, 10), (14, 2), (14, 5), (12, 14), (0, 8), (9, 0), (17, 1), (0, 0), (11, 0), (8, 1), (1, 1), (0, 3), (0, 9), (10, 1), (13, 0), (1, 4), (0, 6), (13, 3), (15, 0), (1, 7), (2, 6), (1, 13), (1, 10), (0, 12), (11, 12), (13, 6), (7, 8)})
loc: (0, 8)
inobj: frozenset({(0, 1), (2, 4), (0, 4), (2, 1), (0, 0), (1, 5), (0, 3), (2, 3), (0, 2), (2, 2), (1, 0), (2, 5)})
outobj: frozenset({(0, 1), (2, 4), (0, 4), (2, 1), (1, 5), (1, 1), (0, 3), (2, 3), (0, 2), (0, 5), (2, 2), (2, 5)})
fullobj: frozenset({(0, 1), (2, 4), (0, 4), (2, 1), (1, 5), (0, 2), (0, 5), (2, 2), (1, 0), (2, 5), (0, 0), (1, 1), (0, 3), (2, 3)})
tr: 40
oh: 4
ow: 4
cands: frozenset({(8, 0), (0, 5), (0, 14), (11, 14), (1, 15), (9, 1), (14, 15), (0, 7), (13, 1), (1, 8), (16, 15), (0, 0), (11, 0), (0, 9), (13, 3), (15, 0), (1, 10), (14, 1), (12, 13), (0, 2), (1, 3), (13, 5), (16, 1), (1, 12), (13, 14), (14, 3), (12, 15), (1, 5), (7, 0), (1, 14), (7, 9), (14, 5), (9, 0), (10, 1), (13, 0), (1, 7), (2, 6), (12, 1), (3, 7), (1, 0), (13, 2), (1, 9), (0, 11), (11, 11), (6, 8), (14, 0), (1, 2), (0, 4), (13, 4), (16, 0), (1, 11), (0, 13), (11, 13), (14, 2), (12, 14), (8, 1), (1, 4), (0, 6), (1, 13), (0, 15), (11, 15), (15, 15), (14, 4), (10, 0), (1, 6), (0, 8), (12, 0), (14, 6), (0, 1), (11, 1), (0, 10), (2, 7), (15, 1), (12, 2), (1, 1), (0, 3), (0, 12), (11, 12), (13, 6), (13, 15), (7, 8)})
loc: (7, 8)
inobj: frozenset({(0, 1), (2, 1), (3, 4), (0, 0), (0, 3), (1, 4), (0, 2), (3, 3), (1, 0), (3, 2), (2, 5), (3, 5)})
outobj: frozenset({(0, 1), (0, 4), (3, 4), (1, 5), (1, 1), (0, 3), (0, 2), (3, 3), (2, 2), (3, 2), (2, 5), (3, 5)})
fullobj: frozenset({(0, 1), (0, 4), (2, 1), (3, 4), (1, 5), (0, 2), (2, 2), (1, 0), (3, 2), (2, 5), (3, 5), (0, 0), (1, 1), (0, 3), (1, 4), (3, 3)})
tr: 41
oh: 3
ow: 4
cands: frozenset({(8, 0), (0, 5), (0, 14), (11, 14), (1, 15), (9, 1), (14, 15), (0, 7), (13, 1), (1, 8), (16, 15), (0, 0), (11, 0), (0, 9), (13, 3), (15, 0), (1, 10), (14, 1), (17, 0), (12, 13), (0, 2), (1, 3), (13, 5), (16, 1), (1, 12), (13, 14), (14, 3), (12, 15), (1, 5), (7, 0), (1, 14), (7, 9), (14, 5), (9, 0), (10, 1), (13, 0), (1, 7), (2, 6), (12, 1), (3, 7), (1, 0), (13, 2), (1, 9), (0, 11), (11, 11), (6, 8), (14, 0), (1, 2), (0, 4), (13, 4), (16, 0), (1, 11), (0, 13), (11, 13), (14, 2), (12, 14), (8, 1), (1, 4), (0, 6), (1, 13), (0, 15), (11, 15), (15, 15), (14, 4), (10, 0), (17, 15), (1, 6), (0, 8), (12, 0), (14, 6), (0, 1), (11, 1), (0, 10), (2, 7), (15, 1), (12, 2), (17, 1), (1, 1), (0, 3), (0, 12), (11, 12), (13, 6), (13, 15), (7, 8)})
loc: (6, 8)
inobj: frozenset({(0, 1), (2, 4), (2, 1), (0, 0), (0, 3), (1, 4), (2, 3), (0, 2), (2, 2), (1, 0)})
outobj: frozenset({(0, 1), (2, 4), (0, 4), (2, 1), (1, 1), (0, 3), (1, 4), (2, 3), (0, 2), (2, 2)})
fullobj: frozenset({(0, 1), (2, 4), (0, 4), (2, 1), (0, 2), (2, 2), (1, 0), (0, 0), (1, 1), (0, 3), (1, 4), (2, 3)})
tr: 42
oh: 6
ow: 3
cands: frozenset({(8, 0), (0, 5), (0, 14), (11, 14), (1, 15), (9, 1), (14, 15), (0, 7), (0, 16), (11, 16), (13, 1), (1, 8), (0, 0), (11, 0), (0, 9), (13, 3), (1, 10), (14, 1), (12, 13), (0, 2), (1, 3), (13, 5), (1, 12), (13, 14), (14, 3), (12, 15), (1, 5), (7, 0), (1, 14), (13, 16), (7, 9), (14, 5), (9, 0), (10, 1), (13, 0), (1, 7), (2, 6), (1, 16), (12, 1), (3, 7), (14, 16), (1, 0), (13, 2), (1, 9), (0, 11), (11, 11), (6, 8), (14, 0), (1, 2), (0, 4), (13, 4), (1, 11), (0, 13), (11, 13), (14, 2), (12, 14), (8, 1), (1, 4), (0, 6), (1, 13), (0, 15), (11, 15), (14, 4), (12, 16), (10, 0), (1, 6), (0, 8), (12, 0), (14, 6), (0, 1), (11, 1), (0, 10), (2, 7), (12, 2), (1, 1), (0, 3), (0, 12), (11, 12), (13, 6), (13, 15), (7, 8)})
loc: (14, 1)
inobj: frozenset({(0, 1), (2, 4), (5, 5), (2, 1), (4, 3), (0, 0), (5, 4), (4, 6), (0, 2), (5, 6), (1, 0), (3, 2), (1, 3), (3, 5)})
outobj: frozenset({(0, 1), (4, 4), (5, 5), (2, 2), (5, 4), (0, 3), (1, 1), (4, 6), (1, 4), (0, 2), (3, 3), (5, 6), (3, 6), (2, 5)})
fullobj: frozenset({(0, 1), (2, 4), (2, 1), (4, 3), (5, 4), (4, 6), (0, 2), (2, 2), (1, 0), (3, 2), (2, 5), (1, 3), (3, 5), (4, 4), (5, 5), (0, 0), (1, 1), (0, 3), (1, 4), (3, 3), (5, 6), (3, 6)})
tr: 43
oh: 4
ow: 6
cands: frozenset({(12, 1), (14, 4), (14, 1), (3, 7), (12, 13), (8, 0), (0, 2), (10, 0), (0, 5), (1, 0), (13, 2), (1, 6), (0, 8), (13, 5), (1, 3), (1, 9), (16, 1), (0, 11), (1, 12), (11, 11), (6, 8), (12, 0), (14, 0), (14, 6), (14, 3), (9, 1), (0, 1), (0, 7), (11, 1), (1, 2), (0, 4), (13, 4), (13, 1), (1, 5), (16, 0), (0, 13), (11, 13), (1, 8), (7, 0), (1, 11), (0, 10), (2, 7), (7, 9), (15, 1), (12, 2), (14, 2), (14, 5), (9, 0), (0, 0), (11, 0), (8, 1), (1, 1), (0, 3), (0, 9), (10, 1), (13, 0), (1, 4), (0, 6), (13, 3), (15, 0), (1, 7), (2, 6), (1, 13), (1, 10), (0, 12), (11, 12), (13, 6), (7, 8)})
loc: (11, 13)
inobj: frozenset({(0, 1), (0, 4), (2, 1), (2, 7), (0, 0), (3, 4), (3, 7), (0, 3), (0, 2), (3, 3), (0, 5), (3, 6), (1, 0), (1, 6), (3, 2), (3, 5)})
outobj: frozenset({(0, 1), (0, 4), (3, 4), (2, 7), (3, 7), (1, 1), (0, 3), (0, 6), (0, 2), (3, 3), (1, 7), (3, 6), (0, 5), (2, 2), (3, 2), (3, 5)})
fullobj: frozenset({(0, 1), (0, 4), (2, 1), (2, 7), (3, 4), (3, 7), (0, 2), (0, 5), (2, 2), (1, 0), (1, 6), (3, 2), (3, 5), (0, 0), (1, 1), (0, 3), (0, 6), (1, 7), (3, 3), (3, 6)})
tr: 44
oh: 6
ow: 5
cands: frozenset({(12, 1), (14, 4), (14, 1), (3, 7), (12, 13), (8, 0), (0, 2), (10, 0), (0, 5), (1, 0), (13, 2), (1, 6), (0, 14), (13, 5), (11, 14), (1, 3), (1, 9), (0, 11), (1, 12), (13, 14), (11, 11), (6, 8), (12, 0), (14, 0), (14, 6), (14, 3), (9, 1), (0, 1), (0, 7), (11, 1), (1, 2), (0, 4), (13, 4), (13, 1), (1, 5), (1, 11), (0, 13), (11, 13), (1, 8), (7, 0), (1, 14), (0, 10), (2, 7), (7, 9), (12, 2), (14, 2), (14, 5), (12, 14), (0, 8), (9, 0), (0, 0), (11, 0), (8, 1), (1, 1), (0, 3), (0, 9), (10, 1), (13, 0), (1, 4), (0, 6), (13, 3), (1, 7), (1, 13), (2, 6), (0, 12), (1, 10), (11, 12), (13, 6), (7, 8)})
loc: (14, 3)
inobj: frozenset({(0, 1), (5, 5), (0, 4), (2, 1), (0, 0), (4, 3), (3, 7), (1, 5), (0, 3), (5, 8), (5, 4), (5, 7), (0, 2), (2, 6), (5, 6), (4, 8), (1, 0), (3, 2)})
outobj: frozenset({(0, 1), (4, 4), (3, 8), (5, 5), (0, 4), (2, 7), (5, 8), (5, 4), (1, 1), (0, 3), (5, 7), (0, 2), (3, 3), (5, 6), (0, 5), (2, 2), (4, 8), (1, 6)})
fullobj: frozenset({(0, 1), (0, 4), (2, 1), (2, 7), (4, 3), (1, 5), (3, 7), (5, 4), (5, 7), (0, 2), (0, 5), (2, 2), (1, 0), (1, 6), (3, 2), (4, 4), (3, 8), (5, 5), (0, 0), (5, 8), (1, 1), (0, 3), (3, 3), (2, 6), (5, 6), (4, 8)})
tr: 45
oh: 3
ow: 3
cands: frozenset({(8, 0), (0, 5), (0, 14), (11, 14), (1, 15), (9, 1), (14, 15), (0, 7), (0, 16), (11, 16), (13, 1), (1, 8), (15, 16), (16, 15), (0, 0), (11, 0), (17, 16), (0, 9), (13, 3), (15, 0), (1, 10), (14, 1), (17, 0), (12, 13), (0, 2), (1, 3), (13, 5), (16, 1), (1, 12), (13, 14), (14, 3), (12, 15), (1, 5), (7, 0), (1, 14), (13, 16), (7, 9), (14, 5), (9, 0), (10, 1), (13, 0), (1, 7), (2, 6), (1, 16), (12, 1), (3, 7), (14, 16), (1, 0), (13, 2), (1, 9), (0, 11), (11, 11), (16, 16), (6, 8), (14, 0), (1, 2), (0, 4), (13, 4), (16, 0), (1, 11), (0, 13), (11, 13), (14, 2), (12, 14), (8, 1), (1, 4), (0, 6), (1, 13), (0, 15), (11, 15), (15, 15), (14, 4), (12, 16), (10, 0), (17, 15), (1, 6), (0, 8), (12, 0), (14, 6), (0, 1), (11, 1), (0, 10), (2, 7), (15, 1), (12, 2), (17, 1), (1, 1), (0, 3), (0, 12), (11, 12), (13, 6), (13, 15), (7, 8)})
loc: (11, 12)
inobj: frozenset({(0, 1), (2, 3), (0, 2), (2, 2), (2, 1), (0, 0), (1, 0), (1, 3)})
outobj: frozenset({(0, 1), (2, 1), (1, 1), (0, 3), (2, 3), (0, 2), (2, 2), (1, 3)})
fullobj: frozenset({(0, 1), (2, 1), (0, 0), (1, 1), (0, 3), (2, 3), (0, 2), (2, 2), (1, 0), (1, 3)})
tr: 46
oh: 6
ow: 3
cands: frozenset({(8, 0), (0, 5), (0, 14), (11, 14), (1, 15), (9, 1), (14, 15), (0, 7), (0, 16), (11, 16), (13, 1), (1, 8), (0, 0), (11, 0), (0, 9), (13, 3), (1, 10), (14, 1), (12, 13), (0, 2), (1, 3), (13, 5), (1, 12), (13, 14), (14, 3), (12, 15), (1, 5), (7, 0), (1, 14), (13, 16), (7, 9), (14, 5), (9, 0), (10, 1), (13, 0), (1, 7), (2, 6), (1, 16), (12, 1), (3, 7), (14, 16), (1, 0), (13, 2), (1, 9), (0, 11), (11, 11), (6, 8), (14, 0), (1, 2), (0, 4), (13, 4), (1, 11), (0, 13), (11, 13), (14, 2), (12, 14), (8, 1), (1, 4), (0, 6), (1, 13), (0, 15), (11, 15), (14, 4), (12, 16), (10, 0), (1, 6), (0, 8), (12, 0), (14, 6), (0, 1), (11, 1), (0, 10), (2, 7), (12, 2), (1, 1), (0, 3), (0, 12), (11, 12), (13, 6), (13, 15), (7, 8)})
loc: (7, 8)
inobj: frozenset({(0, 1), (2, 4), (5, 5), (2, 1), (4, 3), (0, 0), (5, 4), (4, 6), (0, 2), (5, 6), (1, 0), (3, 2), (1, 3), (3, 5)})
outobj: frozenset({(0, 1), (4, 4), (5, 5), (2, 2), (5, 4), (0, 3), (1, 1), (4, 6), (1, 4), (0, 2), (3, 3), (5, 6), (3, 6), (2, 5)})
fullobj: frozenset({(0, 1), (2, 4), (2, 1), (4, 3), (5, 4), (4, 6), (0, 2), (2, 2), (1, 0), (3, 2), (2, 5), (1, 3), (3, 5), (4, 4), (5, 5), (0, 0), (1, 1), (0, 3), (1, 4), (3, 3), (5, 6), (3, 6)})
tr: 47
oh: 6
ow: 3
cands: frozenset({(8, 0), (0, 5), (0, 14), (11, 14), (1, 15), (9, 1), (14, 15), (0, 7), (0, 16), (11, 16), (13, 1), (1, 8), (0, 0), (11, 0), (0, 9), (13, 3), (1, 10), (14, 1), (12, 13), (0, 2), (1, 3), (13, 5), (1, 12), (13, 14), (14, 3), (12, 15), (1, 5), (7, 0), (1, 14), (13, 16), (7, 9), (14, 5), (9, 0), (10, 1), (13, 0), (1, 7), (2, 6), (1, 16), (12, 1), (3, 7), (14, 16), (1, 0), (13, 2), (1, 9), (0, 11), (11, 11), (6, 8), (14, 0), (1, 2), (0, 4), (13, 4), (1, 11), (0, 13), (11, 13), (14, 2), (12, 14), (8, 1), (1, 4), (0, 6), (1, 13), (0, 15), (11, 15), (14, 4), (12, 16), (10, 0), (1, 6), (0, 8), (12, 0), (14, 6), (0, 1), (11, 1), (0, 10), (2, 7), (12, 2), (1, 1), (0, 3), (0, 12), (11, 12), (13, 6), (13, 15), (7, 8)})
loc: (1, 0)
inobj: frozenset({(0, 1), (2, 4), (5, 5), (2, 1), (4, 3), (0, 0), (5, 4), (4, 6), (0, 2), (5, 6), (1, 0), (3, 2), (1, 3), (3, 5)})
outobj: frozenset({(0, 1), (4, 4), (5, 5), (2, 2), (5, 4), (0, 3), (1, 1), (4, 6), (1, 4), (0, 2), (3, 3), (5, 6), (3, 6), (2, 5)})
fullobj: frozenset({(0, 1), (2, 4), (2, 1), (4, 3), (5, 4), (4, 6), (0, 2), (2, 2), (1, 0), (3, 2), (2, 5), (1, 3), (3, 5), (4, 4), (5, 5), (0, 0), (1, 1), (0, 3), (1, 4), (3, 3), (5, 6), (3, 6)})
tr: 48
oh: 4
ow: 4
cands: frozenset({(8, 0), (0, 5), (0, 14), (11, 14), (1, 15), (9, 1), (14, 15), (0, 7), (13, 1), (1, 8), (16, 15), (0, 0), (11, 0), (0, 9), (13, 3), (15, 0), (1, 10), (14, 1), (12, 13), (0, 2), (1, 3), (13, 5), (16, 1), (1, 12), (13, 14), (14, 3), (12, 15), (1, 5), (7, 0), (1, 14), (7, 9), (14, 5), (9, 0), (10, 1), (13, 0), (1, 7), (2, 6), (12, 1), (3, 7), (1, 0), (13, 2), (1, 9), (0, 11), (11, 11), (6, 8), (14, 0), (1, 2), (0, 4), (13, 4), (16, 0), (1, 11), (0, 13), (11, 13), (14, 2), (12, 14), (8, 1), (1, 4), (0, 6), (1, 13), (0, 15), (11, 15), (15, 15), (14, 4), (10, 0), (1, 6), (0, 8), (12, 0), (14, 6), (0, 1), (11, 1), (0, 10), (2, 7), (15, 1), (12, 2), (1, 1), (0, 3), (0, 12), (11, 12), (13, 6), (13, 15), (7, 8)})
loc: (0, 6)
inobj: frozenset({(0, 1), (2, 1), (3, 4), (0, 0), (0, 3), (1, 4), (0, 2), (3, 3), (1, 0), (3, 2), (2, 5), (3, 5)})
outobj: frozenset({(0, 1), (0, 4), (3, 4), (1, 5), (1, 1), (0, 3), (0, 2), (3, 3), (2, 2), (3, 2), (2, 5), (3, 5)})
fullobj: frozenset({(0, 1), (0, 4), (2, 1), (3, 4), (1, 5), (0, 2), (2, 2), (1, 0), (3, 2), (2, 5), (3, 5), (0, 0), (1, 1), (0, 3), (1, 4), (3, 3)})
tr: 49
oh: 4
ow: 3
cands: frozenset({(8, 0), (0, 5), (0, 14), (11, 14), (1, 15), (9, 1), (14, 15), (0, 7), (0, 16), (11, 16), (13, 1), (1, 8), (15, 16), (16, 15), (0, 0), (11, 0), (0, 9), (13, 3), (15, 0), (1, 10), (14, 1), (12, 13), (0, 2), (1, 3), (13, 5), (16, 1), (1, 12), (13, 14), (14, 3), (12, 15), (1, 5), (7, 0), (1, 14), (13, 16), (7, 9), (14, 5), (9, 0), (10, 1), (13, 0), (1, 7), (2, 6), (1, 16), (12, 1), (3, 7), (14, 16), (1, 0), (13, 2), (1, 9), (0, 11), (11, 11), (16, 16), (6, 8), (14, 0), (1, 2), (0, 4), (13, 4), (16, 0), (1, 11), (0, 13), (11, 13), (14, 2), (12, 14), (8, 1), (1, 4), (0, 6), (1, 13), (0, 15), (11, 15), (15, 15), (14, 4), (12, 16), (10, 0), (1, 6), (0, 8), (12, 0), (14, 6), (0, 1), (11, 1), (0, 10), (2, 7), (15, 1), (12, 2), (1, 1), (0, 3), (0, 12), (11, 12), (13, 6), (13, 15), (7, 8)})
loc: (11, 11)
inobj: frozenset({(0, 1), (2, 4), (2, 1), (3, 4), (0, 0), (0, 2), (3, 3), (1, 0), (3, 2), (1, 3)})
outobj: frozenset({(0, 1), (2, 4), (3, 4), (1, 1), (0, 3), (1, 4), (0, 2), (3, 3), (2, 2), (3, 2)})
fullobj: frozenset({(0, 1), (2, 4), (2, 1), (3, 4), (0, 2), (2, 2), (1, 0), (3, 2), (1, 3), (0, 0), (1, 1), (0, 3), (1, 4), (3, 3)})
tr: 50
oh: 5
ow: 4
cands: frozenset({(8, 0), (0, 5), (0, 14), (11, 14), (1, 15), (9, 1), (14, 15), (0, 7), (13, 1), (1, 8), (0, 0), (11, 0), (0, 9), (13, 3), (15, 0), (1, 10), (14, 1), (12, 13), (0, 2), (1, 3), (13, 5), (1, 12), (13, 14), (14, 3), (12, 15), (1, 5), (7, 0), (1, 14), (7, 9), (14, 5), (9, 0), (10, 1), (13, 0), (1, 7), (2, 6), (12, 1), (3, 7), (1, 0), (13, 2), (1, 9), (0, 11), (11, 11), (6, 8), (14, 0), (1, 2), (0, 4), (13, 4), (1, 11), (0, 13), (11, 13), (14, 2), (12, 14), (8, 1), (1, 4), (0, 6), (1, 13), (0, 15), (11, 15), (15, 15), (14, 4), (10, 0), (1, 6), (0, 8), (12, 0), (14, 6), (0, 1), (11, 1), (0, 10), (2, 7), (15, 1), (12, 2), (1, 1), (0, 3), (11, 12), (0, 12), (13, 6), (13, 15), (7, 8)})
loc: (14, 1)
inobj: frozenset({(0, 1), (4, 4), (2, 1), (0, 0), (4, 3), (0, 3), (4, 6), (1, 4), (0, 2), (4, 5), (3, 6), (1, 0), (3, 2), (2, 5)})
outobj: frozenset({(0, 1), (4, 4), (0, 4), (2, 2), (1, 5), (4, 3), (1, 1), (0, 3), (4, 6), (0, 2), (4, 5), (3, 3), (2, 6), (3, 6)})
fullobj: frozenset({(0, 1), (0, 4), (2, 1), (4, 3), (1, 5), (4, 6), (0, 2), (2, 2), (1, 0), (3, 2), (2, 5), (4, 4), (0, 0), (1, 1), (0, 3), (1, 4), (4, 5), (3, 3), (2, 6), (3, 6)})
