Modified Function Code:
from re_arc.dsl import *
def generate_09629e4f() -> dict:
    diff_lb = 0
    diff_ub = 1
    print(f"diff_lb: {diff_lb}, diff_ub: {diff_ub}")

    cols = interval(0, 10, 1)
    print(f"cols: {cols}")

    h = unifint(diff_lb, diff_ub, (2, 5))
    print(f"h: {h}")

    w = unifint(diff_lb, diff_ub, (2, 5))
    print(f"w: {w}")

    nrows, ncolumns = h, w
    print(f"nrows: {nrows}, ncolumns: {ncolumns}")

    bgc = choice(cols)
    print(f"bgc: {bgc}")

    remcols = remove(bgc, cols)
    print(f"remcols: {remcols}")

    barcol = choice(remcols)
    print(f"barcol: {barcol}")

    remcols = remove(barcol, remcols)
    print(f"remcols after removing barcol: {remcols}")

    ncols = unifint(diff_lb, diff_ub, (2, min(7, (h * w) - 2)))
    print(f"ncols: {ncols}")

    c = canvas(bgc, (h, w))
    print(f"c: {c}")

    inds = totuple(asindices(c))
    print(f"inds: {inds}")

    fullh, fullw = h * nrows + nrows - 1, w * ncolumns + ncolumns - 1
    print(f"fullh: {fullh}, fullw: {fullw}")

    gi = canvas(barcol, (fullh, fullw))
    print(f"gi: {gi}")

    locs = totuple(product(interval(0, fullh, h + 1), interval(0, fullw, w + 1)))
    print(f"locs: {locs}")

    trgloc = choice(locs)
    print(f"trgloc: {trgloc}")

    remlocs = remove(trgloc, locs)
    print(f"remlocs: {remlocs}")

    colssf = sample(remcols, ncols)
    print(f"colssf: {colssf}")

    colsss = remove(choice(colssf), colssf)
    print(f"colsss: {colsss}")

    trgssf = sample(inds, ncols - 1)
    print(f"trgssf: {trgssf}")

    gi = fill(gi, bgc, shift(inds, trgloc))
    print(f"gi after filling with bgc: {gi}")

    for ij, cl in zip(trgssf, colsss):
        gi = fill(gi, cl, {add(trgloc, ij)})
        print(f"gi after filling with {cl}: {gi}")

    for rl in remlocs:
        trgss = sample(inds, ncols)
        tmpg = tuple(e for e in c)
        print(f"tmpg: {tmpg}")

        for ij, cl in zip(trgss, colssf):
            tmpg = fill(tmpg, cl, {ij})
            print(f"tmpg after filling with {cl}: {tmpg}")

        gi = paint(gi, shift(asobject(tmpg), rl))
        print(f"gi after painting: {gi}")

    return {'input': gi}

Printed Outputs:
diff_lb: 0, diff_ub: 1
cols: (0, 1, 2, 3, 4, 5, 6, 7, 8, 9)
h: 3
w: 3
nrows: 3, ncolumns: 3
bgc: 7
remcols: (0, 1, 2, 3, 4, 5, 6, 8, 9)
barcol: 4
remcols after removing barcol: (0, 1, 2, 3, 5, 6, 8, 9)
ncols: 5
c: ((7, 7, 7), (7, 7, 7), (7, 7, 7))
inds: ((0, 1), (1, 2), (2, 1), (0, 0), (1, 1), (2, 0), (0, 2), (2, 2), (1, 0))
fullh: 11, fullw: 11
gi: ((4, 4, 4, 4, 4, 4, 4, 4, 4, 4, 4), (4, 4, 4, 4, 4, 4, 4, 4, 4, 4, 4), (4, 4, 4, 4, 4, 4, 4, 4, 4, 4, 4), (4, 4, 4, 4, 4, 4, 4, 4, 4, 4, 4), (4, 4, 4, 4, 4, 4, 4, 4, 4, 4, 4), (4, 4, 4, 4, 4, 4, 4, 4, 4, 4, 4), (4, 4, 4, 4, 4, 4, 4, 4, 4, 4, 4), (4, 4, 4, 4, 4, 4, 4, 4, 4, 4, 4), (4, 4, 4, 4, 4, 4, 4, 4, 4, 4, 4), (4, 4, 4, 4, 4, 4, 4, 4, 4, 4, 4), (4, 4, 4, 4, 4, 4, 4, 4, 4, 4, 4))
locs: ((4, 4), (8, 8), (4, 0), (0, 4), (8, 4), (0, 0), (8, 0), (4, 8), (0, 8))
trgloc: (8, 0)
remlocs: ((4, 4), (8, 8), (4, 0), (0, 4), (8, 4), (0, 0), (4, 8), (0, 8))
colssf: [1, 0, 3, 6, 8]
colsss: [1, 0, 3, 6]
trgssf: [(0, 1), (1, 1), (2, 0), (1, 2)]
gi after filling with bgc: ((4, 4, 4, 4, 4, 4, 4, 4, 4, 4, 4), (4, 4, 4, 4, 4, 4, 4, 4, 4, 4, 4), (4, 4, 4, 4, 4, 4, 4, 4, 4, 4, 4), (4, 4, 4, 4, 4, 4, 4, 4, 4, 4, 4), (4, 4, 4, 4, 4, 4, 4, 4, 4, 4, 4), (4, 4, 4, 4, 4, 4, 4, 4, 4, 4, 4), (4, 4, 4, 4, 4, 4, 4, 4, 4, 4, 4), (4, 4, 4, 4, 4, 4, 4, 4, 4, 4, 4), (7, 7, 7, 4, 4, 4, 4, 4, 4, 4, 4), (7, 7, 7, 4, 4, 4, 4, 4, 4, 4, 4), (7, 7, 7, 4, 4, 4, 4, 4, 4, 4, 4))
gi after filling with 1: ((4, 4, 4, 4, 4, 4, 4, 4, 4, 4, 4), (4, 4, 4, 4, 4, 4, 4, 4, 4, 4, 4), (4, 4, 4, 4, 4, 4, 4, 4, 4, 4, 4), (4, 4, 4, 4, 4, 4, 4, 4, 4, 4, 4), (4, 4, 4, 4, 4, 4, 4, 4, 4, 4, 4), (4, 4, 4, 4, 4, 4, 4, 4, 4, 4, 4), (4, 4, 4, 4, 4, 4, 4, 4, 4, 4, 4), (4, 4, 4, 4, 4, 4, 4, 4, 4, 4, 4), (7, 1, 7, 4, 4, 4, 4, 4, 4, 4, 4), (7, 7, 7, 4, 4, 4, 4, 4, 4, 4, 4), (7, 7, 7, 4, 4, 4, 4, 4, 4, 4, 4))
gi after filling with 0: ((4, 4, 4, 4, 4, 4, 4, 4, 4, 4, 4), (4, 4, 4, 4, 4, 4, 4, 4, 4, 4, 4), (4, 4, 4, 4, 4, 4, 4, 4, 4, 4, 4), (4, 4, 4, 4, 4, 4, 4, 4, 4, 4, 4), (4, 4, 4, 4, 4, 4, 4, 4, 4, 4, 4), (4, 4, 4, 4, 4, 4, 4, 4, 4, 4, 4), (4, 4, 4, 4, 4, 4, 4, 4, 4, 4, 4), (4, 4, 4, 4, 4, 4, 4, 4, 4, 4, 4), (7, 1, 7, 4, 4, 4, 4, 4, 4, 4, 4), (7, 0, 7, 4, 4, 4, 4, 4, 4, 4, 4), (7, 7, 7, 4, 4, 4, 4, 4, 4, 4, 4))
gi after filling with 3: ((4, 4, 4, 4, 4, 4, 4, 4, 4, 4, 4), (4, 4, 4, 4, 4, 4, 4, 4, 4, 4, 4), (4, 4, 4, 4, 4, 4, 4, 4, 4, 4, 4), (4, 4, 4, 4, 4, 4, 4, 4, 4, 4, 4), (4, 4, 4, 4, 4, 4, 4, 4, 4, 4, 4), (4, 4, 4, 4, 4, 4, 4, 4, 4, 4, 4), (4, 4, 4, 4, 4, 4, 4, 4, 4, 4, 4), (4, 4, 4, 4, 4, 4, 4, 4, 4, 4, 4), (7, 1, 7, 4, 4, 4, 4, 4, 4, 4, 4), (7, 0, 7, 4, 4, 4, 4, 4, 4, 4, 4), (3, 7, 7, 4, 4, 4, 4, 4, 4, 4, 4))
gi after filling with 6: ((4, 4, 4, 4, 4, 4, 4, 4, 4, 4, 4), (4, 4, 4, 4, 4, 4, 4, 4, 4, 4, 4), (4, 4, 4, 4, 4, 4, 4, 4, 4, 4, 4), (4, 4, 4, 4, 4, 4, 4, 4, 4, 4, 4), (4, 4, 4, 4, 4, 4, 4, 4, 4, 4, 4), (4, 4, 4, 4, 4, 4, 4, 4, 4, 4, 4), (4, 4, 4, 4, 4, 4, 4, 4, 4, 4, 4), (4, 4, 4, 4, 4, 4, 4, 4, 4, 4, 4), (7, 1, 7, 4, 4, 4, 4, 4, 4, 4, 4), (7, 0, 6, 4, 4, 4, 4, 4, 4, 4, 4), (3, 7, 7, 4, 4, 4, 4, 4, 4, 4, 4))
tmpg: ((7, 7, 7), (7, 7, 7), (7, 7, 7))
tmpg after filling with 1: ((7, 7, 7), (7, 7, 7), (7, 7, 1))
tmpg after filling with 0: ((7, 7, 7), (7, 7, 7), (7, 0, 1))
tmpg after filling with 3: ((7, 7, 3), (7, 7, 7), (7, 0, 1))
tmpg after filling with 6: ((7, 7, 3), (6, 7, 7), (7, 0, 1))
tmpg after filling with 8: ((8, 7, 3), (6, 7, 7), (7, 0, 1))
gi after painting: ((4, 4, 4, 4, 4, 4, 4, 4, 4, 4, 4), (4, 4, 4, 4, 4, 4, 4, 4, 4, 4, 4), (4, 4, 4, 4, 4, 4, 4, 4, 4, 4, 4), (4, 4, 4, 4, 4, 4, 4, 4, 4, 4, 4), (4, 4, 4, 4, 8, 7, 3, 4, 4, 4, 4), (4, 4, 4, 4, 6, 7, 7, 4, 4, 4, 4), (4, 4, 4, 4, 7, 0, 1, 4, 4, 4, 4), (4, 4, 4, 4, 4, 4, 4, 4, 4, 4, 4), (7, 1, 7, 4, 4, 4, 4, 4, 4, 4, 4), (7, 0, 6, 4, 4, 4, 4, 4, 4, 4, 4), (3, 7, 7, 4, 4, 4, 4, 4, 4, 4, 4))
tmpg: ((7, 7, 7), (7, 7, 7), (7, 7, 7))
tmpg after filling with 1: ((1, 7, 7), (7, 7, 7), (7, 7, 7))
tmpg after filling with 0: ((1, 7, 7), (7, 0, 7), (7, 7, 7))
tmpg after filling with 3: ((1, 7, 7), (3, 0, 7), (7, 7, 7))
tmpg after filling with 6: ((1, 7, 6), (3, 0, 7), (7, 7, 7))
tmpg after filling with 8: ((1, 7, 6), (3, 0, 7), (8, 7, 7))
gi after painting: ((4, 4, 4, 4, 4, 4, 4, 4, 4, 4, 4), (4, 4, 4, 4, 4, 4, 4, 4, 4, 4, 4), (4, 4, 4, 4, 4, 4, 4, 4, 4, 4, 4), (4, 4, 4, 4, 4, 4, 4, 4, 4, 4, 4), (4, 4, 4, 4, 8, 7, 3, 4, 4, 4, 4), (4, 4, 4, 4, 6, 7, 7, 4, 4, 4, 4), (4, 4, 4, 4, 7, 0, 1, 4, 4, 4, 4), (4, 4, 4, 4, 4, 4, 4, 4, 4, 4, 4), (7, 1, 7, 4, 4, 4, 4, 4, 1, 7, 6), (7, 0, 6, 4, 4, 4, 4, 4, 3, 0, 7), (3, 7, 7, 4, 4, 4, 4, 4, 8, 7, 7))
tmpg: ((7, 7, 7), (7, 7, 7), (7, 7, 7))
tmpg after filling with 1: ((7, 7, 7), (7, 7, 7), (7, 7, 1))
tmpg after filling with 0: ((7, 7, 7), (7, 7, 0), (7, 7, 1))
tmpg after filling with 3: ((7, 7, 7), (3, 7, 0), (7, 7, 1))
tmpg after filling with 6: ((7, 6, 7), (3, 7, 0), (7, 7, 1))
tmpg after filling with 8: ((7, 6, 7), (3, 7, 0), (7, 8, 1))
gi after painting: ((4, 4, 4, 4, 4, 4, 4, 4, 4, 4, 4), (4, 4, 4, 4, 4, 4, 4, 4, 4, 4, 4), (4, 4, 4, 4, 4, 4, 4, 4, 4, 4, 4), (4, 4, 4, 4, 4, 4, 4, 4, 4, 4, 4), (7, 6, 7, 4, 8, 7, 3, 4, 4, 4, 4), (3, 7, 0, 4, 6, 7, 7, 4, 4, 4, 4), (7, 8, 1, 4, 7, 0, 1, 4, 4, 4, 4), (4, 4, 4, 4, 4, 4, 4, 4, 4, 4, 4), (7, 1, 7, 4, 4, 4, 4, 4, 1, 7, 6), (7, 0, 6, 4, 4, 4, 4, 4, 3, 0, 7), (3, 7, 7, 4, 4, 4, 4, 4, 8, 7, 7))
tmpg: ((7, 7, 7), (7, 7, 7), (7, 7, 7))
tmpg after filling with 1: ((7, 7, 7), (7, 7, 7), (7, 1, 7))
tmpg after filling with 0: ((7, 7, 7), (7, 0, 7), (7, 1, 7))
tmpg after filling with 3: ((7, 7, 7), (3, 0, 7), (7, 1, 7))
tmpg after filling with 6: ((7, 6, 7), (3, 0, 7), (7, 1, 7))
tmpg after filling with 8: ((7, 6, 7), (3, 0, 7), (7, 1, 8))
gi after painting: ((4, 4, 4, 4, 7, 6, 7, 4, 4, 4, 4), (4, 4, 4, 4, 3, 0, 7, 4, 4, 4, 4), (4, 4, 4, 4, 7, 1, 8, 4, 4, 4, 4), (4, 4, 4, 4, 4, 4, 4, 4, 4, 4, 4), (7, 6, 7, 4, 8, 7, 3, 4, 4, 4, 4), (3, 7, 0, 4, 6, 7, 7, 4, 4, 4, 4), (7, 8, 1, 4, 7, 0, 1, 4, 4, 4, 4), (4, 4, 4, 4, 4, 4, 4, 4, 4, 4, 4), (7, 1, 7, 4, 4, 4, 4, 4, 1, 7, 6), (7, 0, 6, 4, 4, 4, 4, 4, 3, 0, 7), (3, 7, 7, 4, 4, 4, 4, 4, 8, 7, 7))
tmpg: ((7, 7, 7), (7, 7, 7), (7, 7, 7))
tmpg after filling with 1: ((7, 7, 7), (7, 7, 7), (7, 7, 1))
tmpg after filling with 0: ((7, 7, 7), (7, 0, 7), (7, 7, 1))
tmpg after filling with 3: ((3, 7, 7), (7, 0, 7), (7, 7, 1))
tmpg after filling with 6: ((3, 7, 7), (7, 0, 6), (7, 7, 1))
tmpg after filling with 8: ((3, 7, 7), (7, 0, 6), (7, 8, 1))
gi after painting: ((4, 4, 4, 4, 7, 6, 7, 4, 4, 4, 4), (4, 4, 4, 4, 3, 0, 7, 4, 4, 4, 4), (4, 4, 4, 4, 7, 1, 8, 4, 4, 4, 4), (4, 4, 4, 4, 4, 4, 4, 4, 4, 4, 4), (7, 6, 7, 4, 8, 7, 3, 4, 4, 4, 4), (3, 7, 0, 4, 6, 7, 7, 4, 4, 4, 4), (7, 8, 1, 4, 7, 0, 1, 4, 4, 4, 4), (4, 4, 4, 4, 4, 4, 4, 4, 4, 4, 4), (7, 1, 7, 4, 3, 7, 7, 4, 1, 7, 6), (7, 0, 6, 4, 7, 0, 6, 4, 3, 0, 7), (3, 7, 7, 4, 7, 8, 1, 4, 8, 7, 7))
tmpg: ((7, 7, 7), (7, 7, 7), (7, 7, 7))
tmpg after filling with 1: ((7, 7, 7), (7, 7, 7), (7, 7, 1))
tmpg after filling with 0: ((7, 7, 7), (7, 0, 7), (7, 7, 1))
tmpg after filling with 3: ((7, 7, 7), (3, 0, 7), (7, 7, 1))
tmpg after filling with 6: ((7, 6, 7), (3, 0, 7), (7, 7, 1))
tmpg after filling with 8: ((7, 6, 7), (3, 0, 7), (8, 7, 1))
gi after painting: ((7, 6, 7, 4, 7, 6, 7, 4, 4, 4, 4), (3, 0, 7, 4, 3, 0, 7, 4, 4, 4, 4), (8, 7, 1, 4, 7, 1, 8, 4, 4, 4, 4), (4, 4, 4, 4, 4, 4, 4, 4, 4, 4, 4), (7, 6, 7, 4, 8, 7, 3, 4, 4, 4, 4), (3, 7, 0, 4, 6, 7, 7, 4, 4, 4, 4), (7, 8, 1, 4, 7, 0, 1, 4, 4, 4, 4), (4, 4, 4, 4, 4, 4, 4, 4, 4, 4, 4), (7, 1, 7, 4, 3, 7, 7, 4, 1, 7, 6), (7, 0, 6, 4, 7, 0, 6, 4, 3, 0, 7), (3, 7, 7, 4, 7, 8, 1, 4, 8, 7, 7))
tmpg: ((7, 7, 7), (7, 7, 7), (7, 7, 7))
tmpg after filling with 1: ((1, 7, 7), (7, 7, 7), (7, 7, 7))
tmpg after filling with 0: ((1, 0, 7), (7, 7, 7), (7, 7, 7))
tmpg after filling with 3: ((1, 0, 3), (7, 7, 7), (7, 7, 7))
tmpg after filling with 6: ((1, 0, 3), (7, 7, 7), (7, 6, 7))
tmpg after filling with 8: ((1, 0, 3), (7, 7, 8), (7, 6, 7))
gi after painting: ((7, 6, 7, 4, 7, 6, 7, 4, 4, 4, 4), (3, 0, 7, 4, 3, 0, 7, 4, 4, 4, 4), (8, 7, 1, 4, 7, 1, 8, 4, 4, 4, 4), (4, 4, 4, 4, 4, 4, 4, 4, 4, 4, 4), (7, 6, 7, 4, 8, 7, 3, 4, 1, 0, 3), (3, 7, 0, 4, 6, 7, 7, 4, 7, 7, 8), (7, 8, 1, 4, 7, 0, 1, 4, 7, 6, 7), (4, 4, 4, 4, 4, 4, 4, 4, 4, 4, 4), (7, 1, 7, 4, 3, 7, 7, 4, 1, 7, 6), (7, 0, 6, 4, 7, 0, 6, 4, 3, 0, 7), (3, 7, 7, 4, 7, 8, 1, 4, 8, 7, 7))
tmpg: ((7, 7, 7), (7, 7, 7), (7, 7, 7))
tmpg after filling with 1: ((7, 7, 1), (7, 7, 7), (7, 7, 7))
tmpg after filling with 0: ((7, 7, 1), (7, 7, 7), (7, 7, 0))
tmpg after filling with 3: ((7, 3, 1), (7, 7, 7), (7, 7, 0))
tmpg after filling with 6: ((7, 3, 1), (7, 7, 7), (6, 7, 0))
tmpg after filling with 8: ((7, 3, 1), (8, 7, 7), (6, 7, 0))
gi after painting: ((7, 6, 7, 4, 7, 6, 7, 4, 7, 3, 1), (3, 0, 7, 4, 3, 0, 7, 4, 8, 7, 7), (8, 7, 1, 4, 7, 1, 8, 4, 6, 7, 0), (4, 4, 4, 4, 4, 4, 4, 4, 4, 4, 4), (7, 6, 7, 4, 8, 7, 3, 4, 1, 0, 3), (3, 7, 0, 4, 6, 7, 7, 4, 7, 7, 8), (7, 8, 1, 4, 7, 0, 1, 4, 7, 6, 7), (4, 4, 4, 4, 4, 4, 4, 4, 4, 4, 4), (7, 1, 7, 4, 3, 7, 7, 4, 1, 7, 6), (7, 0, 6, 4, 7, 0, 6, 4, 3, 0, 7), (3, 7, 7, 4, 7, 8, 1, 4, 8, 7, 7))
