Modified Function Code:
from re_arc.dsl import *
def generate_0962bcdd() -> dict:
    diff_lb = 0
    diff_ub = 1
    print(f"diff_lb: {diff_lb}")
    print(f"diff_ub: {diff_ub}")

    cols = difference(interval(0, 10, 1), (3, 4))    
    print(f"cols: {cols}")

    h = unifint(diff_lb, diff_ub, (10, 30))
    print(f"h: {h}")

    w = unifint(diff_lb, diff_ub, (10, 30))
    print(f"w: {w}")

    bgc = choice(cols)
    print(f"bgc: {bgc}")

    remcols = remove(bgc, cols)
    print(f"remcols: {remcols}")

    numc = unifint(diff_lb, diff_ub, (2, 7))
    print(f"numc: {numc}")

    ccols = sample(remcols, numc)
    print(f"ccols: {ccols}")

    gi = canvas(bgc, (h, w))
    print(f"gi: {gi}")

    num = unifint(diff_lb, diff_ub, (1, (h * w) // 25))
    print(f"num: {num}")

    indss = asindices(gi)
    print(f"indss: {indss}")

    maxtrials = 4 * num
    print(f"maxtrials: {maxtrials}")

    tr = 0
    succ = 0
    oh, ow = 5, 5
    subs = totuple(sfilter(indss, lambda ij: ij[0] < h - oh and ij[1] < w - ow))
    print(f"subs: {subs}")

    while succ < num and tr <= maxtrials:
        if len(indss) == 0:
            break
        if len(subs) == 0:
            tr += 1
            continue
        loci, locj = choice(subs)
        print(f"loci: {loci}, locj: {locj}")

        obj = frozenset({(loci, locj), (loci + 4, locj + 4)})
        bd = backdrop(obj)
        print(f"bd: {bd}")

        col = choice(ccols)
        print(f"col: {col}")

        if bd.issubset(indss):
            ca, cb = sample(ccols, 2)
            print(f"ca: {ca}, cb: {cb}")

            cp = (loci + 2, locj + 2)
            print(f"cp: {cp}")

            lins1 = connect((loci, locj), (loci + 4, locj + 4))
            lins2 = connect((loci + 4, locj), (loci, locj + 4))
            lins12 = lins1 | lins2
            print(f"lins12: {lins12}")

            lins3 = connect((loci + 2, locj), (loci + 2, locj + 4))
            lins4 = connect((loci, locj + 2), (loci + 4, locj + 2))
            lins34 = lins3 | lins4
            print(f"lins34: {lins34}")

            gi = fill(gi, ca, {cp})
            print(f"gi after filling ca: {gi}")

            gi = fill(gi, cb, dneighbors(cp))
            print(f"gi after filling cb: {gi}")

            succ += 1
            indss = indss - bd
        tr += 1

    return {'input': gi}

Printed Outputs:
diff_lb: 0
diff_ub: 1
cols: (0, 1, 2, 5, 6, 7, 8, 9)
h: 22
w: 17
bgc: 0
remcols: (1, 2, 5, 6, 7, 8, 9)
numc: 5
ccols: [1, 2, 5, 6, 9]
gi: ((0, 0, 0, 0, 0, 0, 0, 0, 0, 0, 0, 0, 0, 0, 0, 0, 0), (0, 0, 0, 0, 0, 0, 0, 0, 0, 0, 0, 0, 0, 0, 0, 0, 0), (0, 0, 0, 0, 0, 0, 0, 0, 0, 0, 0, 0, 0, 0, 0, 0, 0), (0, 0, 0, 0, 0, 0, 0, 0, 0, 0, 0, 0, 0, 0, 0, 0, 0), (0, 0, 0, 0, 0, 0, 0, 0, 0, 0, 0, 0, 0, 0, 0, 0, 0), (0, 0, 0, 0, 0, 0, 0, 0, 0, 0, 0, 0, 0, 0, 0, 0, 0), (0, 0, 0, 0, 0, 0, 0, 0, 0, 0, 0, 0, 0, 0, 0, 0, 0), (0, 0, 0, 0, 0, 0, 0, 0, 0, 0, 0, 0, 0, 0, 0, 0, 0), (0, 0, 0, 0, 0, 0, 0, 0, 0, 0, 0, 0, 0, 0, 0, 0, 0), (0, 0, 0, 0, 0, 0, 0, 0, 0, 0, 0, 0, 0, 0, 0, 0, 0), (0, 0, 0, 0, 0, 0, 0, 0, 0, 0, 0, 0, 0, 0, 0, 0, 0), (0, 0, 0, 0, 0, 0, 0, 0, 0, 0, 0, 0, 0, 0, 0, 0, 0), (0, 0, 0, 0, 0, 0, 0, 0, 0, 0, 0, 0, 0, 0, 0, 0, 0), (0, 0, 0, 0, 0, 0, 0, 0, 0, 0, 0, 0, 0, 0, 0, 0, 0), (0, 0, 0, 0, 0, 0, 0, 0, 0, 0, 0, 0, 0, 0, 0, 0, 0), (0, 0, 0, 0, 0, 0, 0, 0, 0, 0, 0, 0, 0, 0, 0, 0, 0), (0, 0, 0, 0, 0, 0, 0, 0, 0, 0, 0, 0, 0, 0, 0, 0, 0), (0, 0, 0, 0, 0, 0, 0, 0, 0, 0, 0, 0, 0, 0, 0, 0, 0), (0, 0, 0, 0, 0, 0, 0, 0, 0, 0, 0, 0, 0, 0, 0, 0, 0), (0, 0, 0, 0, 0, 0, 0, 0, 0, 0, 0, 0, 0, 0, 0, 0, 0), (0, 0, 0, 0, 0, 0, 0, 0, 0, 0, 0, 0, 0, 0, 0, 0, 0), (0, 0, 0, 0, 0, 0, 0, 0, 0, 0, 0, 0, 0, 0, 0, 0, 0))
num: 12
indss: frozenset({(8, 0), (19, 0), (8, 9), (19, 9), (0, 5), (11, 5), (0, 14), (11, 14), (4, 2), (3, 6), (3, 15), (14, 15), (15, 7), (7, 3), (18, 3), (15, 16), (7, 12), (18, 12), (8, 4), (19, 4), (0, 0), (11, 0), (0, 9), (11, 9), (3, 1), (14, 1), (3, 10), (14, 10), (15, 2), (15, 11), (7, 7), (18, 7), (7, 16), (18, 16), (11, 4), (10, 8), (2, 13), (3, 5), (14, 5), (3, 14), (14, 14), (15, 6), (7, 2), (18, 2), (7, 11), (18, 11), (6, 15), (21, 13), (10, 3), (10, 12), (2, 8), (3, 0), (14, 0), (3, 9), (14, 9), (6, 10), (21, 8), (10, 7), (2, 3), (10, 16), (2, 12), (3, 4), (14, 4), (17, 6), (17, 15), (9, 11), (6, 5), (21, 3), (6, 14), (21, 12), (10, 2), (10, 11), (2, 7), (2, 16), (13, 13), (17, 1), (17, 10), (5, 8), (9, 6), (9, 15), (6, 0), (6, 9), (21, 7), (21, 16), (10, 6), (2, 2), (2, 11), (13, 8), (1, 15), (16, 13), (5, 3), (17, 5), (9, 1), (5, 12), (17, 14), (9, 10), (6, 4), (21, 2), (6, 13), (20, 15), (13, 3), (1, 10), (13, 12), (16, 8), (17, 0), (5, 7), (17, 9), (9, 5), (5, 16), (9, 14), (20, 1), (20, 10), (12, 6), (12, 15), (4, 11), (1, 5), (13, 7), (16, 3), (1, 14), (13, 16), (16, 12), (5, 2), (17, 4), (9, 0), (5, 11), (9, 9), (8, 13), (19, 13), (20, 5), (12, 1), (20, 14), (12, 10), (4, 6), (4, 15), (1, 0), (13, 2), (1, 9), (13, 11), (16, 7), (16, 16), (5, 6), (18, 8), (8, 8), (19, 8), (0, 4), (0, 13), (11, 13), (20, 0), (20, 9), (12, 5), (4, 1), (12, 14), (4, 10), (1, 4), (16, 2), (1, 13), (15, 15), (8, 3), (19, 3), (8, 12), (19, 12), (0, 8), (11, 8), (20, 4), (12, 0), (20, 13), (12, 9), (4, 5), (4, 14), (15, 1), (15, 10), (7, 6), (18, 6), (7, 15), (18, 15), (8, 7), (19, 7), (0, 3), (11, 3), (8, 16), (19, 16), (0, 12), (11, 12), (12, 4), (4, 0), (4, 9), (3, 13), (14, 13), (15, 5), (7, 1), (18, 1), (15, 14), (7, 10), (18, 10), (8, 2), (19, 2), (8, 11), (19, 11), (0, 7), (11, 7), (0, 16), (11, 16), (3, 8), (14, 8), (15, 0), (15, 9), (7, 5), (18, 5), (7, 14), (18, 14), (19, 6), (0, 2), (11, 2), (10, 15), (3, 3), (14, 3), (3, 12), (14, 12), (15, 4), (7, 0), (18, 0), (15, 13), (7, 9), (18, 9), (21, 11), (10, 1), (10, 10), (2, 6), (2, 15), (3, 7), (14, 7), (3, 16), (14, 16), (7, 4), (18, 4), (6, 8), (21, 6), (21, 15), (10, 5), (2, 1), (10, 14), (2, 10), (3, 2), (14, 2), (3, 11), (14, 11), (17, 13), (6, 3), (21, 1), (6, 12), (21, 10), (10, 0), (10, 9), (2, 5), (2, 14), (14, 6), (17, 8), (9, 4), (5, 15), (9, 13), (6, 7), (21, 5), (6, 16), (21, 14), (10, 4), (2, 0), (10, 13), (2, 9), (13, 6), (13, 15), (16, 11), (5, 1), (17, 3), (5, 10), (17, 12), (9, 8), (6, 2), (21, 0), (6, 11), (21, 9), (2, 4), (13, 1), (1, 8), (13, 10), (16, 6), (16, 15), (5, 5), (17, 7), (9, 3), (5, 14), (17, 16), (9, 12), (6, 6), (21, 4), (20, 8), (12, 13), (1, 3), (13, 5), (16, 1), (1, 12), (13, 14), (16, 10), (5, 0), (17, 2), (5, 9), (17, 11), (9, 7), (9, 16), (6, 1), (20, 3), (20, 12), (12, 8), (4, 4), (4, 13), (13, 0), (1, 7), (13, 9), (16, 5), (1, 16), (16, 14), (5, 4), (9, 2), (5, 13), (8, 6), (8, 15), (19, 15), (0, 11), (11, 11), (20, 7), (12, 3), (20, 16), (12, 12), (4, 8), (1, 2), (13, 4), (16, 0), (1, 11), (16, 9), (8, 1), (19, 1), (8, 10), (19, 10), (0, 6), (11, 6), (0, 15), (11, 15), (20, 2), (20, 11), (12, 7), (4, 3), (12, 16), (4, 12), (1, 6), (16, 4), (15, 8), (7, 13), (18, 13), (8, 5), (19, 5), (0, 1), (11, 1), (8, 14), (19, 14), (0, 10), (11, 10), (20, 6), (12, 2), (12, 11), (4, 7), (4, 16), (1, 1), (15, 3), (15, 12), (7, 8)})
maxtrials: 48
subs: ((12, 4), (4, 0), (4, 9), (5, 1), (8, 0), (5, 10), (8, 9), (10, 6), (9, 8), (11, 5), (0, 5), (2, 2), (2, 11), (13, 8), (15, 5), (6, 2), (7, 1), (6, 11), (7, 10), (4, 2), (3, 6), (5, 3), (8, 2), (9, 1), (8, 11), (9, 10), (0, 7), (11, 7), (2, 4), (13, 1), (1, 8), (15, 7), (6, 4), (13, 10), (7, 3), (16, 6), (3, 8), (14, 8), (8, 4), (5, 5), (9, 3), (0, 0), (11, 0), (0, 9), (11, 9), (13, 3), (15, 0), (1, 10), (15, 9), (6, 6), (16, 8), (7, 5), (3, 1), (14, 1), (3, 10), (14, 10), (5, 7), (9, 5), (0, 2), (11, 2), (1, 3), (15, 2), (13, 5), (16, 1), (15, 11), (16, 10), (7, 7), (12, 6), (3, 3), (14, 3), (5, 0), (5, 9), (4, 11), (9, 7), (11, 4), (10, 8), (1, 5), (13, 7), (15, 4), (16, 3), (7, 0), (6, 1), (7, 9), (12, 8), (3, 5), (14, 5), (5, 2), (4, 4), (9, 0), (5, 11), (9, 9), (10, 1), (13, 0), (10, 10), (1, 7), (15, 6), (2, 6), (13, 9), (7, 2), (16, 5), (7, 11), (12, 1), (12, 10), (3, 7), (14, 7), (4, 6), (5, 4), (9, 2), (8, 6), (10, 3), (1, 0), (13, 2), (1, 9), (13, 11), (2, 8), (16, 7), (7, 4), (0, 11), (11, 11), (6, 8), (12, 3), (3, 0), (14, 0), (3, 9), (14, 9), (5, 6), (4, 8), (8, 8), (10, 5), (1, 2), (0, 4), (2, 1), (13, 4), (16, 0), (1, 11), (2, 10), (16, 9), (6, 10), (12, 5), (3, 2), (14, 2), (4, 1), (3, 11), (14, 11), (4, 10), (8, 1), (8, 10), (10, 7), (1, 4), (0, 6), (2, 3), (16, 2), (11, 6), (6, 3), (12, 7), (3, 4), (14, 4), (4, 3), (8, 3), (10, 0), (10, 9), (9, 11), (0, 8), (11, 8), (2, 5), (1, 6), (16, 4), (15, 8), (6, 5), (12, 0), (12, 9), (14, 6), (4, 5), (8, 5), (10, 2), (9, 4), (0, 1), (11, 1), (10, 11), (0, 10), (2, 7), (11, 10), (15, 1), (15, 10), (6, 7), (7, 6), (12, 2), (12, 11), (4, 7), (5, 8), (8, 7), (10, 4), (9, 6), (0, 3), (11, 3), (2, 0), (1, 1), (2, 9), (13, 6), (15, 3), (6, 0), (6, 9), (16, 11), (7, 8))
loci: 11, locj: 8
bd: frozenset({(12, 10), (14, 10), (11, 8), (13, 11), (11, 11), (13, 8), (15, 11), (15, 8), (12, 9), (12, 12), (14, 9), (14, 12), (11, 10), (13, 10), (15, 10), (12, 11), (12, 8), (14, 11), (14, 8), (11, 9), (11, 12), (13, 9), (13, 12), (15, 9), (15, 12)})
col: 1
ca: 6, cb: 9
cp: (13, 10)
lins12: frozenset({(12, 11), (15, 8), (13, 10), (12, 9), (11, 12), (14, 9), (11, 8), (15, 12), (14, 11)})
lins34: frozenset({(13, 8), (11, 10), (12, 10), (13, 10), (14, 10), (15, 10), (13, 9), (13, 12), (13, 11)})
gi after filling ca: ((0, 0, 0, 0, 0, 0, 0, 0, 0, 0, 0, 0, 0, 0, 0, 0, 0), (0, 0, 0, 0, 0, 0, 0, 0, 0, 0, 0, 0, 0, 0, 0, 0, 0), (0, 0, 0, 0, 0, 0, 0, 0, 0, 0, 0, 0, 0, 0, 0, 0, 0), (0, 0, 0, 0, 0, 0, 0, 0, 0, 0, 0, 0, 0, 0, 0, 0, 0), (0, 0, 0, 0, 0, 0, 0, 0, 0, 0, 0, 0, 0, 0, 0, 0, 0), (0, 0, 0, 0, 0, 0, 0, 0, 0, 0, 0, 0, 0, 0, 0, 0, 0), (0, 0, 0, 0, 0, 0, 0, 0, 0, 0, 0, 0, 0, 0, 0, 0, 0), (0, 0, 0, 0, 0, 0, 0, 0, 0, 0, 0, 0, 0, 0, 0, 0, 0), (0, 0, 0, 0, 0, 0, 0, 0, 0, 0, 0, 0, 0, 0, 0, 0, 0), (0, 0, 0, 0, 0, 0, 0, 0, 0, 0, 0, 0, 0, 0, 0, 0, 0), (0, 0, 0, 0, 0, 0, 0, 0, 0, 0, 0, 0, 0, 0, 0, 0, 0), (0, 0, 0, 0, 0, 0, 0, 0, 0, 0, 0, 0, 0, 0, 0, 0, 0), (0, 0, 0, 0, 0, 0, 0, 0, 0, 0, 0, 0, 0, 0, 0, 0, 0), (0, 0, 0, 0, 0, 0, 0, 0, 0, 0, 6, 0, 0, 0, 0, 0, 0), (0, 0, 0, 0, 0, 0, 0, 0, 0, 0, 0, 0, 0, 0, 0, 0, 0), (0, 0, 0, 0, 0, 0, 0, 0, 0, 0, 0, 0, 0, 0, 0, 0, 0), (0, 0, 0, 0, 0, 0, 0, 0, 0, 0, 0, 0, 0, 0, 0, 0, 0), (0, 0, 0, 0, 0, 0, 0, 0, 0, 0, 0, 0, 0, 0, 0, 0, 0), (0, 0, 0, 0, 0, 0, 0, 0, 0, 0, 0, 0, 0, 0, 0, 0, 0), (0, 0, 0, 0, 0, 0, 0, 0, 0, 0, 0, 0, 0, 0, 0, 0, 0), (0, 0, 0, 0, 0, 0, 0, 0, 0, 0, 0, 0, 0, 0, 0, 0, 0), (0, 0, 0, 0, 0, 0, 0, 0, 0, 0, 0, 0, 0, 0, 0, 0, 0))
gi after filling cb: ((0, 0, 0, 0, 0, 0, 0, 0, 0, 0, 0, 0, 0, 0, 0, 0, 0), (0, 0, 0, 0, 0, 0, 0, 0, 0, 0, 0, 0, 0, 0, 0, 0, 0), (0, 0, 0, 0, 0, 0, 0, 0, 0, 0, 0, 0, 0, 0, 0, 0, 0), (0, 0, 0, 0, 0, 0, 0, 0, 0, 0, 0, 0, 0, 0, 0, 0, 0), (0, 0, 0, 0, 0, 0, 0, 0, 0, 0, 0, 0, 0, 0, 0, 0, 0), (0, 0, 0, 0, 0, 0, 0, 0, 0, 0, 0, 0, 0, 0, 0, 0, 0), (0, 0, 0, 0, 0, 0, 0, 0, 0, 0, 0, 0, 0, 0, 0, 0, 0), (0, 0, 0, 0, 0, 0, 0, 0, 0, 0, 0, 0, 0, 0, 0, 0, 0), (0, 0, 0, 0, 0, 0, 0, 0, 0, 0, 0, 0, 0, 0, 0, 0, 0), (0, 0, 0, 0, 0, 0, 0, 0, 0, 0, 0, 0, 0, 0, 0, 0, 0), (0, 0, 0, 0, 0, 0, 0, 0, 0, 0, 0, 0, 0, 0, 0, 0, 0), (0, 0, 0, 0, 0, 0, 0, 0, 0, 0, 0, 0, 0, 0, 0, 0, 0), (0, 0, 0, 0, 0, 0, 0, 0, 0, 0, 9, 0, 0, 0, 0, 0, 0), (0, 0, 0, 0, 0, 0, 0, 0, 0, 9, 6, 9, 0, 0, 0, 0, 0), (0, 0, 0, 0, 0, 0, 0, 0, 0, 0, 9, 0, 0, 0, 0, 0, 0), (0, 0, 0, 0, 0, 0, 0, 0, 0, 0, 0, 0, 0, 0, 0, 0, 0), (0, 0, 0, 0, 0, 0, 0, 0, 0, 0, 0, 0, 0, 0, 0, 0, 0), (0, 0, 0, 0, 0, 0, 0, 0, 0, 0, 0, 0, 0, 0, 0, 0, 0), (0, 0, 0, 0, 0, 0, 0, 0, 0, 0, 0, 0, 0, 0, 0, 0, 0), (0, 0, 0, 0, 0, 0, 0, 0, 0, 0, 0, 0, 0, 0, 0, 0, 0), (0, 0, 0, 0, 0, 0, 0, 0, 0, 0, 0, 0, 0, 0, 0, 0, 0), (0, 0, 0, 0, 0, 0, 0, 0, 0, 0, 0, 0, 0, 0, 0, 0, 0))
loci: 2, locj: 2
bd: frozenset({(3, 4), (4, 3), (5, 4), (4, 6), (2, 2), (2, 5), (6, 2), (6, 5), (4, 2), (4, 5), (3, 3), (5, 6), (3, 6), (5, 3), (2, 4), (6, 4), (3, 2), (3, 5), (5, 2), (4, 4), (5, 5), (2, 3), (2, 6), (6, 6), (6, 3)})
col: 2
ca: 9, cb: 5
cp: (4, 4)
lins12: frozenset({(4, 4), (6, 2), (5, 5), (5, 3), (3, 3), (2, 6), (2, 2), (6, 6), (3, 5)})
lins34: frozenset({(4, 4), (2, 4), (3, 4), (4, 3), (5, 4), (4, 6), (6, 4), (4, 2), (4, 5)})
gi after filling ca: ((0, 0, 0, 0, 0, 0, 0, 0, 0, 0, 0, 0, 0, 0, 0, 0, 0), (0, 0, 0, 0, 0, 0, 0, 0, 0, 0, 0, 0, 0, 0, 0, 0, 0), (0, 0, 0, 0, 0, 0, 0, 0, 0, 0, 0, 0, 0, 0, 0, 0, 0), (0, 0, 0, 0, 0, 0, 0, 0, 0, 0, 0, 0, 0, 0, 0, 0, 0), (0, 0, 0, 0, 9, 0, 0, 0, 0, 0, 0, 0, 0, 0, 0, 0, 0), (0, 0, 0, 0, 0, 0, 0, 0, 0, 0, 0, 0, 0, 0, 0, 0, 0), (0, 0, 0, 0, 0, 0, 0, 0, 0, 0, 0, 0, 0, 0, 0, 0, 0), (0, 0, 0, 0, 0, 0, 0, 0, 0, 0, 0, 0, 0, 0, 0, 0, 0), (0, 0, 0, 0, 0, 0, 0, 0, 0, 0, 0, 0, 0, 0, 0, 0, 0), (0, 0, 0, 0, 0, 0, 0, 0, 0, 0, 0, 0, 0, 0, 0, 0, 0), (0, 0, 0, 0, 0, 0, 0, 0, 0, 0, 0, 0, 0, 0, 0, 0, 0), (0, 0, 0, 0, 0, 0, 0, 0, 0, 0, 0, 0, 0, 0, 0, 0, 0), (0, 0, 0, 0, 0, 0, 0, 0, 0, 0, 9, 0, 0, 0, 0, 0, 0), (0, 0, 0, 0, 0, 0, 0, 0, 0, 9, 6, 9, 0, 0, 0, 0, 0), (0, 0, 0, 0, 0, 0, 0, 0, 0, 0, 9, 0, 0, 0, 0, 0, 0), (0, 0, 0, 0, 0, 0, 0, 0, 0, 0, 0, 0, 0, 0, 0, 0, 0), (0, 0, 0, 0, 0, 0, 0, 0, 0, 0, 0, 0, 0, 0, 0, 0, 0), (0, 0, 0, 0, 0, 0, 0, 0, 0, 0, 0, 0, 0, 0, 0, 0, 0), (0, 0, 0, 0, 0, 0, 0, 0, 0, 0, 0, 0, 0, 0, 0, 0, 0), (0, 0, 0, 0, 0, 0, 0, 0, 0, 0, 0, 0, 0, 0, 0, 0, 0), (0, 0, 0, 0, 0, 0, 0, 0, 0, 0, 0, 0, 0, 0, 0, 0, 0), (0, 0, 0, 0, 0, 0, 0, 0, 0, 0, 0, 0, 0, 0, 0, 0, 0))
gi after filling cb: ((0, 0, 0, 0, 0, 0, 0, 0, 0, 0, 0, 0, 0, 0, 0, 0, 0), (0, 0, 0, 0, 0, 0, 0, 0, 0, 0, 0, 0, 0, 0, 0, 0, 0), (0, 0, 0, 0, 0, 0, 0, 0, 0, 0, 0, 0, 0, 0, 0, 0, 0), (0, 0, 0, 0, 5, 0, 0, 0, 0, 0, 0, 0, 0, 0, 0, 0, 0), (0, 0, 0, 5, 9, 5, 0, 0, 0, 0, 0, 0, 0, 0, 0, 0, 0), (0, 0, 0, 0, 5, 0, 0, 0, 0, 0, 0, 0, 0, 0, 0, 0, 0), (0, 0, 0, 0, 0, 0, 0, 0, 0, 0, 0, 0, 0, 0, 0, 0, 0), (0, 0, 0, 0, 0, 0, 0, 0, 0, 0, 0, 0, 0, 0, 0, 0, 0), (0, 0, 0, 0, 0, 0, 0, 0, 0, 0, 0, 0, 0, 0, 0, 0, 0), (0, 0, 0, 0, 0, 0, 0, 0, 0, 0, 0, 0, 0, 0, 0, 0, 0), (0, 0, 0, 0, 0, 0, 0, 0, 0, 0, 0, 0, 0, 0, 0, 0, 0), (0, 0, 0, 0, 0, 0, 0, 0, 0, 0, 0, 0, 0, 0, 0, 0, 0), (0, 0, 0, 0, 0, 0, 0, 0, 0, 0, 9, 0, 0, 0, 0, 0, 0), (0, 0, 0, 0, 0, 0, 0, 0, 0, 9, 6, 9, 0, 0, 0, 0, 0), (0, 0, 0, 0, 0, 0, 0, 0, 0, 0, 9, 0, 0, 0, 0, 0, 0), (0, 0, 0, 0, 0, 0, 0, 0, 0, 0, 0, 0, 0, 0, 0, 0, 0), (0, 0, 0, 0, 0, 0, 0, 0, 0, 0, 0, 0, 0, 0, 0, 0, 0), (0, 0, 0, 0, 0, 0, 0, 0, 0, 0, 0, 0, 0, 0, 0, 0, 0), (0, 0, 0, 0, 0, 0, 0, 0, 0, 0, 0, 0, 0, 0, 0, 0, 0), (0, 0, 0, 0, 0, 0, 0, 0, 0, 0, 0, 0, 0, 0, 0, 0, 0), (0, 0, 0, 0, 0, 0, 0, 0, 0, 0, 0, 0, 0, 0, 0, 0, 0), (0, 0, 0, 0, 0, 0, 0, 0, 0, 0, 0, 0, 0, 0, 0, 0, 0))
loci: 3, locj: 2
bd: frozenset({(3, 4), (4, 3), (5, 4), (4, 6), (7, 4), (6, 2), (6, 5), (4, 2), (4, 5), (3, 3), (5, 6), (3, 6), (5, 3), (6, 4), (7, 3), (7, 6), (3, 2), (3, 5), (5, 2), (4, 4), (5, 5), (7, 2), (6, 6), (7, 5), (6, 3)})
col: 6
loci: 9, locj: 8
bd: frozenset({(12, 10), (9, 8), (10, 9), (9, 11), (11, 8), (10, 12), (13, 11), (11, 11), (13, 8), (12, 9), (12, 12), (9, 10), (10, 11), (11, 10), (10, 8), (13, 10), (12, 11), (12, 8), (9, 9), (9, 12), (11, 9), (11, 12), (10, 10), (13, 9), (13, 12)})
col: 2
loci: 15, locj: 3
bd: frozenset({(17, 3), (19, 6), (17, 6), (19, 3), (16, 4), (16, 7), (15, 5), (18, 4), (18, 7), (17, 5), (19, 5), (15, 4), (16, 3), (15, 7), (16, 6), (18, 3), (18, 6), (17, 4), (17, 7), (19, 4), (19, 7), (15, 6), (16, 5), (15, 3), (18, 5)})
col: 9
ca: 5, cb: 6
cp: (17, 5)
lins12: frozenset({(18, 4), (19, 7), (15, 7), (16, 6), (19, 3), (18, 6), (15, 3), (17, 5), (16, 4)})
lins34: frozenset({(15, 5), (17, 7), (17, 3), (17, 6), (16, 5), (17, 5), (18, 5), (19, 5), (17, 4)})
gi after filling ca: ((0, 0, 0, 0, 0, 0, 0, 0, 0, 0, 0, 0, 0, 0, 0, 0, 0), (0, 0, 0, 0, 0, 0, 0, 0, 0, 0, 0, 0, 0, 0, 0, 0, 0), (0, 0, 0, 0, 0, 0, 0, 0, 0, 0, 0, 0, 0, 0, 0, 0, 0), (0, 0, 0, 0, 5, 0, 0, 0, 0, 0, 0, 0, 0, 0, 0, 0, 0), (0, 0, 0, 5, 9, 5, 0, 0, 0, 0, 0, 0, 0, 0, 0, 0, 0), (0, 0, 0, 0, 5, 0, 0, 0, 0, 0, 0, 0, 0, 0, 0, 0, 0), (0, 0, 0, 0, 0, 0, 0, 0, 0, 0, 0, 0, 0, 0, 0, 0, 0), (0, 0, 0, 0, 0, 0, 0, 0, 0, 0, 0, 0, 0, 0, 0, 0, 0), (0, 0, 0, 0, 0, 0, 0, 0, 0, 0, 0, 0, 0, 0, 0, 0, 0), (0, 0, 0, 0, 0, 0, 0, 0, 0, 0, 0, 0, 0, 0, 0, 0, 0), (0, 0, 0, 0, 0, 0, 0, 0, 0, 0, 0, 0, 0, 0, 0, 0, 0), (0, 0, 0, 0, 0, 0, 0, 0, 0, 0, 0, 0, 0, 0, 0, 0, 0), (0, 0, 0, 0, 0, 0, 0, 0, 0, 0, 9, 0, 0, 0, 0, 0, 0), (0, 0, 0, 0, 0, 0, 0, 0, 0, 9, 6, 9, 0, 0, 0, 0, 0), (0, 0, 0, 0, 0, 0, 0, 0, 0, 0, 9, 0, 0, 0, 0, 0, 0), (0, 0, 0, 0, 0, 0, 0, 0, 0, 0, 0, 0, 0, 0, 0, 0, 0), (0, 0, 0, 0, 0, 0, 0, 0, 0, 0, 0, 0, 0, 0, 0, 0, 0), (0, 0, 0, 0, 0, 5, 0, 0, 0, 0, 0, 0, 0, 0, 0, 0, 0), (0, 0, 0, 0, 0, 0, 0, 0, 0, 0, 0, 0, 0, 0, 0, 0, 0), (0, 0, 0, 0, 0, 0, 0, 0, 0, 0, 0, 0, 0, 0, 0, 0, 0), (0, 0, 0, 0, 0, 0, 0, 0, 0, 0, 0, 0, 0, 0, 0, 0, 0), (0, 0, 0, 0, 0, 0, 0, 0, 0, 0, 0, 0, 0, 0, 0, 0, 0))
gi after filling cb: ((0, 0, 0, 0, 0, 0, 0, 0, 0, 0, 0, 0, 0, 0, 0, 0, 0), (0, 0, 0, 0, 0, 0, 0, 0, 0, 0, 0, 0, 0, 0, 0, 0, 0), (0, 0, 0, 0, 0, 0, 0, 0, 0, 0, 0, 0, 0, 0, 0, 0, 0), (0, 0, 0, 0, 5, 0, 0, 0, 0, 0, 0, 0, 0, 0, 0, 0, 0), (0, 0, 0, 5, 9, 5, 0, 0, 0, 0, 0, 0, 0, 0, 0, 0, 0), (0, 0, 0, 0, 5, 0, 0, 0, 0, 0, 0, 0, 0, 0, 0, 0, 0), (0, 0, 0, 0, 0, 0, 0, 0, 0, 0, 0, 0, 0, 0, 0, 0, 0), (0, 0, 0, 0, 0, 0, 0, 0, 0, 0, 0, 0, 0, 0, 0, 0, 0), (0, 0, 0, 0, 0, 0, 0, 0, 0, 0, 0, 0, 0, 0, 0, 0, 0), (0, 0, 0, 0, 0, 0, 0, 0, 0, 0, 0, 0, 0, 0, 0, 0, 0), (0, 0, 0, 0, 0, 0, 0, 0, 0, 0, 0, 0, 0, 0, 0, 0, 0), (0, 0, 0, 0, 0, 0, 0, 0, 0, 0, 0, 0, 0, 0, 0, 0, 0), (0, 0, 0, 0, 0, 0, 0, 0, 0, 0, 9, 0, 0, 0, 0, 0, 0), (0, 0, 0, 0, 0, 0, 0, 0, 0, 9, 6, 9, 0, 0, 0, 0, 0), (0, 0, 0, 0, 0, 0, 0, 0, 0, 0, 9, 0, 0, 0, 0, 0, 0), (0, 0, 0, 0, 0, 0, 0, 0, 0, 0, 0, 0, 0, 0, 0, 0, 0), (0, 0, 0, 0, 0, 6, 0, 0, 0, 0, 0, 0, 0, 0, 0, 0, 0), (0, 0, 0, 0, 6, 5, 6, 0, 0, 0, 0, 0, 0, 0, 0, 0, 0), (0, 0, 0, 0, 0, 6, 0, 0, 0, 0, 0, 0, 0, 0, 0, 0, 0), (0, 0, 0, 0, 0, 0, 0, 0, 0, 0, 0, 0, 0, 0, 0, 0, 0), (0, 0, 0, 0, 0, 0, 0, 0, 0, 0, 0, 0, 0, 0, 0, 0, 0), (0, 0, 0, 0, 0, 0, 0, 0, 0, 0, 0, 0, 0, 0, 0, 0, 0))
loci: 15, locj: 3
bd: frozenset({(17, 3), (19, 6), (17, 6), (19, 3), (16, 4), (16, 7), (15, 5), (18, 4), (18, 7), (17, 5), (19, 5), (15, 4), (16, 3), (15, 7), (16, 6), (18, 3), (18, 6), (17, 4), (17, 7), (19, 4), (19, 7), (15, 6), (16, 5), (15, 3), (18, 5)})
col: 9
loci: 12, locj: 8
bd: frozenset({(12, 10), (14, 10), (13, 11), (13, 8), (15, 11), (16, 10), (15, 8), (12, 9), (12, 12), (14, 9), (14, 12), (13, 10), (16, 9), (16, 12), (15, 10), (12, 11), (12, 8), (14, 11), (14, 8), (13, 9), (13, 12), (15, 9), (16, 8), (15, 12), (16, 11)})
col: 5
loci: 5, locj: 6
bd: frozenset({(5, 7), (5, 10), (8, 9), (9, 8), (8, 6), (7, 7), (7, 10), (6, 8), (5, 6), (5, 9), (9, 7), (9, 10), (8, 8), (7, 9), (6, 7), (7, 6), (6, 10), (5, 8), (8, 7), (9, 9), (9, 6), (8, 10), (6, 6), (6, 9), (7, 8)})
col: 1
loci: 8, locj: 10
bd: frozenset({(12, 10), (12, 13), (9, 14), (8, 12), (9, 11), (11, 14), (10, 12), (11, 11), (12, 12), (8, 11), (9, 10), (8, 14), (10, 11), (9, 13), (11, 10), (10, 14), (11, 13), (12, 11), (12, 14), (9, 12), (8, 10), (10, 13), (8, 13), (10, 10), (11, 12)})
col: 1
loci: 12, locj: 0
bd: frozenset({(12, 4), (12, 1), (14, 4), (14, 1), (13, 2), (16, 4), (15, 2), (16, 1), (12, 0), (12, 3), (14, 0), (14, 3), (13, 4), (13, 1), (16, 0), (15, 4), (16, 3), (15, 1), (12, 2), (14, 2), (13, 0), (13, 3), (15, 0), (16, 2), (15, 3)})
col: 1
loci: 2, locj: 3
bd: frozenset({(3, 4), (4, 3), (3, 7), (5, 4), (4, 6), (5, 7), (2, 5), (6, 5), (4, 5), (3, 3), (5, 6), (3, 6), (5, 3), (2, 4), (2, 7), (6, 4), (6, 7), (4, 7), (3, 5), (4, 4), (5, 5), (2, 3), (2, 6), (6, 6), (6, 3)})
col: 2
loci: 0, locj: 7
bd: frozenset({(4, 9), (3, 7), (3, 10), (0, 8), (2, 11), (1, 9), (0, 11), (2, 8), (3, 9), (4, 8), (4, 11), (0, 7), (0, 10), (2, 7), (1, 11), (2, 10), (1, 8), (4, 7), (3, 11), (4, 10), (3, 8), (0, 9), (2, 9), (1, 7), (1, 10)})
col: 9
ca: 2, cb: 5
cp: (2, 9)
lins12: frozenset({(0, 7), (3, 8), (1, 8), (3, 10), (2, 9), (1, 10), (4, 11), (4, 7), (0, 11)})
lins34: frozenset({(2, 7), (4, 9), (2, 10), (0, 9), (2, 9), (3, 9), (2, 11), (1, 9), (2, 8)})
gi after filling ca: ((0, 0, 0, 0, 0, 0, 0, 0, 0, 0, 0, 0, 0, 0, 0, 0, 0), (0, 0, 0, 0, 0, 0, 0, 0, 0, 0, 0, 0, 0, 0, 0, 0, 0), (0, 0, 0, 0, 0, 0, 0, 0, 0, 2, 0, 0, 0, 0, 0, 0, 0), (0, 0, 0, 0, 5, 0, 0, 0, 0, 0, 0, 0, 0, 0, 0, 0, 0), (0, 0, 0, 5, 9, 5, 0, 0, 0, 0, 0, 0, 0, 0, 0, 0, 0), (0, 0, 0, 0, 5, 0, 0, 0, 0, 0, 0, 0, 0, 0, 0, 0, 0), (0, 0, 0, 0, 0, 0, 0, 0, 0, 0, 0, 0, 0, 0, 0, 0, 0), (0, 0, 0, 0, 0, 0, 0, 0, 0, 0, 0, 0, 0, 0, 0, 0, 0), (0, 0, 0, 0, 0, 0, 0, 0, 0, 0, 0, 0, 0, 0, 0, 0, 0), (0, 0, 0, 0, 0, 0, 0, 0, 0, 0, 0, 0, 0, 0, 0, 0, 0), (0, 0, 0, 0, 0, 0, 0, 0, 0, 0, 0, 0, 0, 0, 0, 0, 0), (0, 0, 0, 0, 0, 0, 0, 0, 0, 0, 0, 0, 0, 0, 0, 0, 0), (0, 0, 0, 0, 0, 0, 0, 0, 0, 0, 9, 0, 0, 0, 0, 0, 0), (0, 0, 0, 0, 0, 0, 0, 0, 0, 9, 6, 9, 0, 0, 0, 0, 0), (0, 0, 0, 0, 0, 0, 0, 0, 0, 0, 9, 0, 0, 0, 0, 0, 0), (0, 0, 0, 0, 0, 0, 0, 0, 0, 0, 0, 0, 0, 0, 0, 0, 0), (0, 0, 0, 0, 0, 6, 0, 0, 0, 0, 0, 0, 0, 0, 0, 0, 0), (0, 0, 0, 0, 6, 5, 6, 0, 0, 0, 0, 0, 0, 0, 0, 0, 0), (0, 0, 0, 0, 0, 6, 0, 0, 0, 0, 0, 0, 0, 0, 0, 0, 0), (0, 0, 0, 0, 0, 0, 0, 0, 0, 0, 0, 0, 0, 0, 0, 0, 0), (0, 0, 0, 0, 0, 0, 0, 0, 0, 0, 0, 0, 0, 0, 0, 0, 0), (0, 0, 0, 0, 0, 0, 0, 0, 0, 0, 0, 0, 0, 0, 0, 0, 0))
gi after filling cb: ((0, 0, 0, 0, 0, 0, 0, 0, 0, 0, 0, 0, 0, 0, 0, 0, 0), (0, 0, 0, 0, 0, 0, 0, 0, 0, 5, 0, 0, 0, 0, 0, 0, 0), (0, 0, 0, 0, 0, 0, 0, 0, 5, 2, 5, 0, 0, 0, 0, 0, 0), (0, 0, 0, 0, 5, 0, 0, 0, 0, 5, 0, 0, 0, 0, 0, 0, 0), (0, 0, 0, 5, 9, 5, 0, 0, 0, 0, 0, 0, 0, 0, 0, 0, 0), (0, 0, 0, 0, 5, 0, 0, 0, 0, 0, 0, 0, 0, 0, 0, 0, 0), (0, 0, 0, 0, 0, 0, 0, 0, 0, 0, 0, 0, 0, 0, 0, 0, 0), (0, 0, 0, 0, 0, 0, 0, 0, 0, 0, 0, 0, 0, 0, 0, 0, 0), (0, 0, 0, 0, 0, 0, 0, 0, 0, 0, 0, 0, 0, 0, 0, 0, 0), (0, 0, 0, 0, 0, 0, 0, 0, 0, 0, 0, 0, 0, 0, 0, 0, 0), (0, 0, 0, 0, 0, 0, 0, 0, 0, 0, 0, 0, 0, 0, 0, 0, 0), (0, 0, 0, 0, 0, 0, 0, 0, 0, 0, 0, 0, 0, 0, 0, 0, 0), (0, 0, 0, 0, 0, 0, 0, 0, 0, 0, 9, 0, 0, 0, 0, 0, 0), (0, 0, 0, 0, 0, 0, 0, 0, 0, 9, 6, 9, 0, 0, 0, 0, 0), (0, 0, 0, 0, 0, 0, 0, 0, 0, 0, 9, 0, 0, 0, 0, 0, 0), (0, 0, 0, 0, 0, 0, 0, 0, 0, 0, 0, 0, 0, 0, 0, 0, 0), (0, 0, 0, 0, 0, 6, 0, 0, 0, 0, 0, 0, 0, 0, 0, 0, 0), (0, 0, 0, 0, 6, 5, 6, 0, 0, 0, 0, 0, 0, 0, 0, 0, 0), (0, 0, 0, 0, 0, 6, 0, 0, 0, 0, 0, 0, 0, 0, 0, 0, 0), (0, 0, 0, 0, 0, 0, 0, 0, 0, 0, 0, 0, 0, 0, 0, 0, 0), (0, 0, 0, 0, 0, 0, 0, 0, 0, 0, 0, 0, 0, 0, 0, 0, 0), (0, 0, 0, 0, 0, 0, 0, 0, 0, 0, 0, 0, 0, 0, 0, 0, 0))
loci: 7, locj: 9
bd: frozenset({(8, 9), (8, 12), (10, 9), (9, 11), (10, 12), (11, 11), (7, 10), (7, 13), (8, 11), (9, 10), (10, 11), (9, 13), (11, 10), (11, 13), (7, 9), (7, 12), (9, 9), (9, 12), (8, 10), (11, 9), (10, 13), (8, 13), (10, 10), (11, 12), (7, 11)})
col: 9
loci: 15, locj: 6
bd: frozenset({(17, 9), (19, 6), (17, 6), (19, 9), (16, 7), (16, 10), (15, 8), (18, 7), (18, 10), (17, 8), (19, 8), (16, 9), (15, 7), (16, 6), (15, 10), (18, 9), (18, 6), (17, 7), (17, 10), (19, 7), (19, 10), (15, 6), (15, 9), (16, 8), (18, 8)})
col: 5
loci: 11, locj: 2
bd: frozenset({(12, 4), (14, 4), (11, 2), (11, 5), (13, 2), (13, 5), (15, 2), (15, 5), (12, 3), (14, 6), (12, 6), (14, 3), (11, 4), (13, 4), (15, 4), (12, 2), (12, 5), (14, 2), (14, 5), (11, 3), (11, 6), (13, 3), (15, 6), (13, 6), (15, 3)})
col: 5
loci: 7, locj: 11
bd: frozenset({(9, 14), (8, 12), (9, 11), (8, 15), (10, 12), (11, 14), (11, 11), (10, 15), (7, 13), (8, 11), (8, 14), (10, 11), (9, 13), (10, 14), (11, 13), (7, 12), (7, 15), (9, 12), (10, 13), (9, 15), (8, 13), (11, 12), (11, 15), (7, 11), (7, 14)})
col: 1
loci: 1, locj: 4
bd: frozenset({(3, 4), (3, 7), (5, 4), (4, 6), (5, 7), (1, 6), (2, 5), (2, 8), (4, 5), (5, 6), (4, 8), (3, 6), (2, 4), (2, 7), (1, 5), (1, 8), (4, 7), (3, 5), (4, 4), (3, 8), (5, 5), (5, 8), (1, 4), (1, 7), (2, 6)})
col: 1
loci: 15, locj: 8
bd: frozenset({(17, 9), (17, 12), (19, 9), (19, 12), (15, 11), (16, 10), (15, 8), (18, 10), (17, 11), (17, 8), (19, 11), (19, 8), (16, 9), (16, 12), (15, 10), (18, 9), (18, 12), (17, 10), (15, 12), (19, 10), (15, 9), (16, 8), (18, 11), (16, 11), (18, 8)})
col: 5
loci: 11, locj: 10
bd: frozenset({(12, 10), (12, 13), (14, 10), (14, 13), (11, 14), (13, 11), (11, 11), (13, 14), (15, 11), (15, 14), (12, 12), (14, 12), (11, 10), (11, 13), (13, 10), (15, 13), (13, 13), (15, 10), (12, 11), (12, 14), (14, 11), (14, 14), (11, 12), (13, 12), (15, 12)})
col: 5
loci: 16, locj: 6
bd: frozenset({(20, 8), (17, 9), (19, 6), (17, 6), (19, 9), (16, 7), (16, 10), (18, 7), (18, 10), (20, 7), (20, 10), (17, 8), (19, 8), (16, 9), (16, 6), (18, 9), (20, 6), (18, 6), (20, 9), (17, 7), (17, 10), (19, 7), (19, 10), (16, 8), (18, 8)})
col: 2
loci: 16, locj: 11
bd: frozenset({(20, 11), (20, 14), (17, 12), (17, 15), (19, 12), (19, 15), (16, 13), (20, 13), (18, 13), (17, 11), (17, 14), (19, 11), (19, 14), (16, 12), (16, 15), (18, 12), (18, 15), (20, 12), (20, 15), (17, 13), (19, 13), (16, 14), (18, 11), (16, 11), (18, 14)})
col: 5
ca: 2, cb: 9
cp: (18, 13)
lins12: frozenset({(20, 11), (19, 14), (17, 14), (18, 13), (17, 12), (16, 15), (19, 12), (16, 11), (20, 15)})
lins34: frozenset({(16, 13), (17, 13), (20, 13), (18, 13), (19, 13), (18, 12), (18, 15), (18, 11), (18, 14)})
gi after filling ca: ((0, 0, 0, 0, 0, 0, 0, 0, 0, 0, 0, 0, 0, 0, 0, 0, 0), (0, 0, 0, 0, 0, 0, 0, 0, 0, 5, 0, 0, 0, 0, 0, 0, 0), (0, 0, 0, 0, 0, 0, 0, 0, 5, 2, 5, 0, 0, 0, 0, 0, 0), (0, 0, 0, 0, 5, 0, 0, 0, 0, 5, 0, 0, 0, 0, 0, 0, 0), (0, 0, 0, 5, 9, 5, 0, 0, 0, 0, 0, 0, 0, 0, 0, 0, 0), (0, 0, 0, 0, 5, 0, 0, 0, 0, 0, 0, 0, 0, 0, 0, 0, 0), (0, 0, 0, 0, 0, 0, 0, 0, 0, 0, 0, 0, 0, 0, 0, 0, 0), (0, 0, 0, 0, 0, 0, 0, 0, 0, 0, 0, 0, 0, 0, 0, 0, 0), (0, 0, 0, 0, 0, 0, 0, 0, 0, 0, 0, 0, 0, 0, 0, 0, 0), (0, 0, 0, 0, 0, 0, 0, 0, 0, 0, 0, 0, 0, 0, 0, 0, 0), (0, 0, 0, 0, 0, 0, 0, 0, 0, 0, 0, 0, 0, 0, 0, 0, 0), (0, 0, 0, 0, 0, 0, 0, 0, 0, 0, 0, 0, 0, 0, 0, 0, 0), (0, 0, 0, 0, 0, 0, 0, 0, 0, 0, 9, 0, 0, 0, 0, 0, 0), (0, 0, 0, 0, 0, 0, 0, 0, 0, 9, 6, 9, 0, 0, 0, 0, 0), (0, 0, 0, 0, 0, 0, 0, 0, 0, 0, 9, 0, 0, 0, 0, 0, 0), (0, 0, 0, 0, 0, 0, 0, 0, 0, 0, 0, 0, 0, 0, 0, 0, 0), (0, 0, 0, 0, 0, 6, 0, 0, 0, 0, 0, 0, 0, 0, 0, 0, 0), (0, 0, 0, 0, 6, 5, 6, 0, 0, 0, 0, 0, 0, 0, 0, 0, 0), (0, 0, 0, 0, 0, 6, 0, 0, 0, 0, 0, 0, 0, 2, 0, 0, 0), (0, 0, 0, 0, 0, 0, 0, 0, 0, 0, 0, 0, 0, 0, 0, 0, 0), (0, 0, 0, 0, 0, 0, 0, 0, 0, 0, 0, 0, 0, 0, 0, 0, 0), (0, 0, 0, 0, 0, 0, 0, 0, 0, 0, 0, 0, 0, 0, 0, 0, 0))
gi after filling cb: ((0, 0, 0, 0, 0, 0, 0, 0, 0, 0, 0, 0, 0, 0, 0, 0, 0), (0, 0, 0, 0, 0, 0, 0, 0, 0, 5, 0, 0, 0, 0, 0, 0, 0), (0, 0, 0, 0, 0, 0, 0, 0, 5, 2, 5, 0, 0, 0, 0, 0, 0), (0, 0, 0, 0, 5, 0, 0, 0, 0, 5, 0, 0, 0, 0, 0, 0, 0), (0, 0, 0, 5, 9, 5, 0, 0, 0, 0, 0, 0, 0, 0, 0, 0, 0), (0, 0, 0, 0, 5, 0, 0, 0, 0, 0, 0, 0, 0, 0, 0, 0, 0), (0, 0, 0, 0, 0, 0, 0, 0, 0, 0, 0, 0, 0, 0, 0, 0, 0), (0, 0, 0, 0, 0, 0, 0, 0, 0, 0, 0, 0, 0, 0, 0, 0, 0), (0, 0, 0, 0, 0, 0, 0, 0, 0, 0, 0, 0, 0, 0, 0, 0, 0), (0, 0, 0, 0, 0, 0, 0, 0, 0, 0, 0, 0, 0, 0, 0, 0, 0), (0, 0, 0, 0, 0, 0, 0, 0, 0, 0, 0, 0, 0, 0, 0, 0, 0), (0, 0, 0, 0, 0, 0, 0, 0, 0, 0, 0, 0, 0, 0, 0, 0, 0), (0, 0, 0, 0, 0, 0, 0, 0, 0, 0, 9, 0, 0, 0, 0, 0, 0), (0, 0, 0, 0, 0, 0, 0, 0, 0, 9, 6, 9, 0, 0, 0, 0, 0), (0, 0, 0, 0, 0, 0, 0, 0, 0, 0, 9, 0, 0, 0, 0, 0, 0), (0, 0, 0, 0, 0, 0, 0, 0, 0, 0, 0, 0, 0, 0, 0, 0, 0), (0, 0, 0, 0, 0, 6, 0, 0, 0, 0, 0, 0, 0, 0, 0, 0, 0), (0, 0, 0, 0, 6, 5, 6, 0, 0, 0, 0, 0, 0, 9, 0, 0, 0), (0, 0, 0, 0, 0, 6, 0, 0, 0, 0, 0, 0, 9, 2, 9, 0, 0), (0, 0, 0, 0, 0, 0, 0, 0, 0, 0, 0, 0, 0, 9, 0, 0, 0), (0, 0, 0, 0, 0, 0, 0, 0, 0, 0, 0, 0, 0, 0, 0, 0, 0), (0, 0, 0, 0, 0, 0, 0, 0, 0, 0, 0, 0, 0, 0, 0, 0, 0))
loci: 7, locj: 7
bd: frozenset({(8, 9), (9, 8), (10, 9), (9, 11), (11, 8), (11, 11), (7, 7), (7, 10), (9, 7), (8, 11), (9, 10), (8, 8), (11, 7), (10, 11), (11, 10), (10, 8), (7, 9), (9, 9), (8, 7), (8, 10), (10, 7), (11, 9), (10, 10), (7, 11), (7, 8)})
col: 1
loci: 5, locj: 5
bd: frozenset({(5, 7), (9, 5), (8, 9), (9, 8), (8, 6), (7, 7), (6, 5), (6, 8), (5, 6), (5, 9), (9, 7), (8, 5), (8, 8), (7, 9), (6, 7), (7, 6), (5, 5), (5, 8), (8, 7), (9, 9), (9, 6), (6, 6), (7, 5), (6, 9), (7, 8)})
col: 1
loci: 6, locj: 6
bd: frozenset({(8, 9), (10, 6), (9, 8), (8, 6), (10, 9), (7, 7), (7, 10), (6, 8), (9, 7), (9, 10), (8, 8), (10, 8), (7, 9), (6, 7), (7, 6), (6, 10), (9, 9), (8, 7), (9, 6), (8, 10), (10, 7), (10, 10), (6, 6), (6, 9), (7, 8)})
col: 6
loci: 16, locj: 7
bd: frozenset({(20, 11), (20, 8), (17, 9), (19, 9), (16, 7), (16, 10), (18, 7), (18, 10), (20, 7), (20, 10), (17, 11), (17, 8), (19, 11), (19, 8), (16, 9), (18, 9), (20, 9), (17, 7), (17, 10), (19, 7), (19, 10), (16, 8), (18, 11), (16, 11), (18, 8)})
col: 1
loci: 6, locj: 9
bd: frozenset({(6, 12), (8, 9), (8, 12), (10, 9), (9, 11), (10, 12), (6, 11), (7, 10), (7, 13), (8, 11), (9, 10), (10, 11), (9, 13), (7, 9), (6, 13), (7, 12), (6, 10), (9, 9), (9, 12), (8, 10), (10, 13), (8, 13), (10, 10), (7, 11), (6, 9)})
col: 9
ca: 9, cb: 1
cp: (8, 11)
lins12: frozenset({(9, 10), (7, 10), (9, 12), (10, 13), (6, 13), (7, 12), (10, 9), (6, 9), (8, 11)})
lins34: frozenset({(10, 11), (6, 11), (8, 10), (8, 13), (8, 9), (8, 12), (9, 11), (7, 11), (8, 11)})
gi after filling ca: ((0, 0, 0, 0, 0, 0, 0, 0, 0, 0, 0, 0, 0, 0, 0, 0, 0), (0, 0, 0, 0, 0, 0, 0, 0, 0, 5, 0, 0, 0, 0, 0, 0, 0), (0, 0, 0, 0, 0, 0, 0, 0, 5, 2, 5, 0, 0, 0, 0, 0, 0), (0, 0, 0, 0, 5, 0, 0, 0, 0, 5, 0, 0, 0, 0, 0, 0, 0), (0, 0, 0, 5, 9, 5, 0, 0, 0, 0, 0, 0, 0, 0, 0, 0, 0), (0, 0, 0, 0, 5, 0, 0, 0, 0, 0, 0, 0, 0, 0, 0, 0, 0), (0, 0, 0, 0, 0, 0, 0, 0, 0, 0, 0, 0, 0, 0, 0, 0, 0), (0, 0, 0, 0, 0, 0, 0, 0, 0, 0, 0, 0, 0, 0, 0, 0, 0), (0, 0, 0, 0, 0, 0, 0, 0, 0, 0, 0, 9, 0, 0, 0, 0, 0), (0, 0, 0, 0, 0, 0, 0, 0, 0, 0, 0, 0, 0, 0, 0, 0, 0), (0, 0, 0, 0, 0, 0, 0, 0, 0, 0, 0, 0, 0, 0, 0, 0, 0), (0, 0, 0, 0, 0, 0, 0, 0, 0, 0, 0, 0, 0, 0, 0, 0, 0), (0, 0, 0, 0, 0, 0, 0, 0, 0, 0, 9, 0, 0, 0, 0, 0, 0), (0, 0, 0, 0, 0, 0, 0, 0, 0, 9, 6, 9, 0, 0, 0, 0, 0), (0, 0, 0, 0, 0, 0, 0, 0, 0, 0, 9, 0, 0, 0, 0, 0, 0), (0, 0, 0, 0, 0, 0, 0, 0, 0, 0, 0, 0, 0, 0, 0, 0, 0), (0, 0, 0, 0, 0, 6, 0, 0, 0, 0, 0, 0, 0, 0, 0, 0, 0), (0, 0, 0, 0, 6, 5, 6, 0, 0, 0, 0, 0, 0, 9, 0, 0, 0), (0, 0, 0, 0, 0, 6, 0, 0, 0, 0, 0, 0, 9, 2, 9, 0, 0), (0, 0, 0, 0, 0, 0, 0, 0, 0, 0, 0, 0, 0, 9, 0, 0, 0), (0, 0, 0, 0, 0, 0, 0, 0, 0, 0, 0, 0, 0, 0, 0, 0, 0), (0, 0, 0, 0, 0, 0, 0, 0, 0, 0, 0, 0, 0, 0, 0, 0, 0))
gi after filling cb: ((0, 0, 0, 0, 0, 0, 0, 0, 0, 0, 0, 0, 0, 0, 0, 0, 0), (0, 0, 0, 0, 0, 0, 0, 0, 0, 5, 0, 0, 0, 0, 0, 0, 0), (0, 0, 0, 0, 0, 0, 0, 0, 5, 2, 5, 0, 0, 0, 0, 0, 0), (0, 0, 0, 0, 5, 0, 0, 0, 0, 5, 0, 0, 0, 0, 0, 0, 0), (0, 0, 0, 5, 9, 5, 0, 0, 0, 0, 0, 0, 0, 0, 0, 0, 0), (0, 0, 0, 0, 5, 0, 0, 0, 0, 0, 0, 0, 0, 0, 0, 0, 0), (0, 0, 0, 0, 0, 0, 0, 0, 0, 0, 0, 0, 0, 0, 0, 0, 0), (0, 0, 0, 0, 0, 0, 0, 0, 0, 0, 0, 1, 0, 0, 0, 0, 0), (0, 0, 0, 0, 0, 0, 0, 0, 0, 0, 1, 9, 1, 0, 0, 0, 0), (0, 0, 0, 0, 0, 0, 0, 0, 0, 0, 0, 1, 0, 0, 0, 0, 0), (0, 0, 0, 0, 0, 0, 0, 0, 0, 0, 0, 0, 0, 0, 0, 0, 0), (0, 0, 0, 0, 0, 0, 0, 0, 0, 0, 0, 0, 0, 0, 0, 0, 0), (0, 0, 0, 0, 0, 0, 0, 0, 0, 0, 9, 0, 0, 0, 0, 0, 0), (0, 0, 0, 0, 0, 0, 0, 0, 0, 9, 6, 9, 0, 0, 0, 0, 0), (0, 0, 0, 0, 0, 0, 0, 0, 0, 0, 9, 0, 0, 0, 0, 0, 0), (0, 0, 0, 0, 0, 0, 0, 0, 0, 0, 0, 0, 0, 0, 0, 0, 0), (0, 0, 0, 0, 0, 6, 0, 0, 0, 0, 0, 0, 0, 0, 0, 0, 0), (0, 0, 0, 0, 6, 5, 6, 0, 0, 0, 0, 0, 0, 9, 0, 0, 0), (0, 0, 0, 0, 0, 6, 0, 0, 0, 0, 0, 0, 9, 2, 9, 0, 0), (0, 0, 0, 0, 0, 0, 0, 0, 0, 0, 0, 0, 0, 9, 0, 0, 0), (0, 0, 0, 0, 0, 0, 0, 0, 0, 0, 0, 0, 0, 0, 0, 0, 0), (0, 0, 0, 0, 0, 0, 0, 0, 0, 0, 0, 0, 0, 0, 0, 0, 0))
loci: 15, locj: 2
bd: frozenset({(17, 3), (19, 6), (17, 6), (19, 3), (16, 4), (15, 2), (15, 5), (18, 4), (17, 2), (17, 5), (19, 2), (19, 5), (15, 4), (16, 3), (16, 6), (18, 3), (18, 6), (17, 4), (19, 4), (16, 2), (15, 6), (16, 5), (15, 3), (18, 2), (18, 5)})
col: 1
loci: 9, locj: 9
bd: frozenset({(12, 10), (12, 13), (10, 9), (9, 11), (10, 12), (13, 11), (11, 11), (12, 9), (12, 12), (9, 10), (10, 11), (9, 13), (11, 10), (11, 13), (13, 10), (13, 13), (12, 11), (9, 9), (9, 12), (11, 9), (10, 13), (11, 12), (10, 10), (13, 9), (13, 12)})
col: 9
loci: 9, locj: 7
bd: frozenset({(12, 7), (12, 10), (9, 8), (10, 9), (9, 11), (11, 8), (13, 11), (11, 11), (13, 8), (12, 9), (9, 7), (9, 10), (11, 7), (10, 11), (11, 10), (10, 8), (13, 7), (13, 10), (12, 11), (12, 8), (9, 9), (11, 9), (10, 7), (10, 10), (13, 9)})
col: 2
loci: 16, locj: 5
bd: frozenset({(20, 5), (20, 8), (17, 9), (19, 6), (17, 6), (19, 9), (16, 7), (18, 7), (20, 7), (17, 5), (17, 8), (19, 5), (19, 8), (16, 9), (16, 6), (18, 9), (20, 6), (18, 6), (20, 9), (17, 7), (19, 7), (16, 5), (16, 8), (18, 5), (18, 8)})
col: 5
loci: 7, locj: 11
bd: frozenset({(9, 14), (8, 12), (9, 11), (8, 15), (10, 12), (11, 14), (11, 11), (10, 15), (7, 13), (8, 11), (8, 14), (10, 11), (9, 13), (10, 14), (11, 13), (7, 12), (7, 15), (9, 12), (10, 13), (9, 15), (8, 13), (11, 12), (11, 15), (7, 11), (7, 14)})
col: 9
loci: 4, locj: 9
bd: frozenset({(6, 12), (4, 9), (4, 12), (5, 13), (5, 10), (8, 9), (8, 12), (6, 11), (7, 10), (7, 13), (5, 9), (4, 11), (5, 12), (8, 11), (7, 9), (6, 13), (7, 12), (6, 10), (4, 10), (5, 11), (4, 13), (8, 10), (8, 13), (7, 11), (6, 9)})
col: 5
loci: 11, locj: 11
bd: frozenset({(12, 13), (14, 13), (11, 14), (13, 11), (11, 11), (13, 14), (15, 11), (15, 14), (12, 12), (12, 15), (14, 12), (14, 15), (11, 13), (15, 13), (13, 13), (12, 11), (12, 14), (14, 11), (14, 14), (11, 12), (11, 15), (13, 12), (13, 15), (15, 12), (15, 15)})
col: 1
loci: 14, locj: 4
bd: frozenset({(14, 4), (14, 7), (17, 6), (16, 4), (16, 7), (15, 5), (18, 4), (15, 8), (18, 7), (14, 6), (17, 5), (17, 8), (15, 4), (15, 7), (16, 6), (18, 6), (14, 5), (17, 4), (14, 8), (17, 7), (15, 6), (16, 5), (16, 8), (18, 5), (18, 8)})
col: 5
loci: 1, locj: 8
bd: frozenset({(4, 9), (4, 12), (3, 10), (5, 10), (2, 11), (1, 9), (2, 8), (1, 12), (3, 9), (4, 8), (3, 12), (5, 9), (4, 11), (5, 12), (1, 11), (2, 10), (1, 8), (3, 11), (4, 10), (3, 8), (5, 11), (5, 8), (2, 9), (2, 12), (1, 10)})
col: 2
loci: 1, locj: 10
bd: frozenset({(4, 12), (3, 10), (5, 13), (3, 13), (5, 10), (2, 11), (2, 14), (1, 12), (4, 14), (3, 12), (4, 11), (5, 12), (1, 11), (2, 10), (1, 14), (2, 13), (3, 11), (4, 10), (3, 14), (5, 11), (4, 13), (5, 14), (1, 13), (2, 12), (1, 10)})
col: 9
loci: 12, locj: 9
bd: frozenset({(12, 10), (12, 13), (14, 10), (14, 13), (13, 11), (15, 11), (16, 10), (16, 13), (12, 9), (12, 12), (14, 9), (14, 12), (13, 10), (16, 9), (15, 13), (13, 13), (15, 10), (16, 12), (12, 11), (14, 11), (13, 9), (13, 12), (15, 9), (15, 12), (16, 11)})
col: 9
loci: 15, locj: 0
bd: frozenset({(17, 0), (17, 3), (19, 0), (19, 3), (16, 4), (15, 2), (16, 1), (18, 4), (18, 1), (17, 2), (19, 2), (16, 0), (15, 4), (16, 3), (15, 1), (18, 0), (18, 3), (17, 4), (17, 1), (19, 4), (19, 1), (16, 2), (15, 0), (15, 3), (18, 2)})
col: 9
loci: 5, locj: 0
bd: frozenset({(5, 4), (5, 1), (8, 0), (9, 2), (8, 3), (7, 4), (6, 2), (7, 1), (5, 0), (5, 3), (8, 2), (9, 1), (9, 4), (6, 1), (7, 0), (6, 4), (7, 3), (5, 2), (9, 0), (8, 4), (9, 3), (8, 1), (7, 2), (6, 0), (6, 3)})
col: 6
loci: 14, locj: 3
bd: frozenset({(14, 4), (14, 7), (17, 3), (17, 6), (16, 4), (16, 7), (15, 5), (18, 4), (18, 7), (14, 6), (14, 3), (17, 5), (15, 4), (16, 3), (15, 7), (16, 6), (18, 3), (18, 6), (14, 5), (17, 4), (17, 7), (15, 6), (16, 5), (15, 3), (18, 5)})
col: 2
loci: 9, locj: 2
bd: frozenset({(12, 4), (9, 2), (9, 5), (11, 2), (10, 6), (11, 5), (10, 3), (13, 2), (13, 5), (12, 3), (12, 6), (11, 4), (10, 2), (9, 4), (10, 5), (13, 4), (12, 2), (12, 5), (9, 3), (10, 4), (9, 6), (11, 3), (11, 6), (13, 3), (13, 6)})
col: 6
ca: 5, cb: 9
cp: (11, 4)
lins12: frozenset({(10, 5), (9, 6), (9, 2), (12, 3), (13, 6), (10, 3), (13, 2), (12, 5), (11, 4)})
lins34: frozenset({(12, 4), (13, 4), (10, 4), (11, 3), (11, 6), (11, 2), (11, 5), (11, 4), (9, 4)})
gi after filling ca: ((0, 0, 0, 0, 0, 0, 0, 0, 0, 0, 0, 0, 0, 0, 0, 0, 0), (0, 0, 0, 0, 0, 0, 0, 0, 0, 5, 0, 0, 0, 0, 0, 0, 0), (0, 0, 0, 0, 0, 0, 0, 0, 5, 2, 5, 0, 0, 0, 0, 0, 0), (0, 0, 0, 0, 5, 0, 0, 0, 0, 5, 0, 0, 0, 0, 0, 0, 0), (0, 0, 0, 5, 9, 5, 0, 0, 0, 0, 0, 0, 0, 0, 0, 0, 0), (0, 0, 0, 0, 5, 0, 0, 0, 0, 0, 0, 0, 0, 0, 0, 0, 0), (0, 0, 0, 0, 0, 0, 0, 0, 0, 0, 0, 0, 0, 0, 0, 0, 0), (0, 0, 0, 0, 0, 0, 0, 0, 0, 0, 0, 1, 0, 0, 0, 0, 0), (0, 0, 0, 0, 0, 0, 0, 0, 0, 0, 1, 9, 1, 0, 0, 0, 0), (0, 0, 0, 0, 0, 0, 0, 0, 0, 0, 0, 1, 0, 0, 0, 0, 0), (0, 0, 0, 0, 0, 0, 0, 0, 0, 0, 0, 0, 0, 0, 0, 0, 0), (0, 0, 0, 0, 5, 0, 0, 0, 0, 0, 0, 0, 0, 0, 0, 0, 0), (0, 0, 0, 0, 0, 0, 0, 0, 0, 0, 9, 0, 0, 0, 0, 0, 0), (0, 0, 0, 0, 0, 0, 0, 0, 0, 9, 6, 9, 0, 0, 0, 0, 0), (0, 0, 0, 0, 0, 0, 0, 0, 0, 0, 9, 0, 0, 0, 0, 0, 0), (0, 0, 0, 0, 0, 0, 0, 0, 0, 0, 0, 0, 0, 0, 0, 0, 0), (0, 0, 0, 0, 0, 6, 0, 0, 0, 0, 0, 0, 0, 0, 0, 0, 0), (0, 0, 0, 0, 6, 5, 6, 0, 0, 0, 0, 0, 0, 9, 0, 0, 0), (0, 0, 0, 0, 0, 6, 0, 0, 0, 0, 0, 0, 9, 2, 9, 0, 0), (0, 0, 0, 0, 0, 0, 0, 0, 0, 0, 0, 0, 0, 9, 0, 0, 0), (0, 0, 0, 0, 0, 0, 0, 0, 0, 0, 0, 0, 0, 0, 0, 0, 0), (0, 0, 0, 0, 0, 0, 0, 0, 0, 0, 0, 0, 0, 0, 0, 0, 0))
gi after filling cb: ((0, 0, 0, 0, 0, 0, 0, 0, 0, 0, 0, 0, 0, 0, 0, 0, 0), (0, 0, 0, 0, 0, 0, 0, 0, 0, 5, 0, 0, 0, 0, 0, 0, 0), (0, 0, 0, 0, 0, 0, 0, 0, 5, 2, 5, 0, 0, 0, 0, 0, 0), (0, 0, 0, 0, 5, 0, 0, 0, 0, 5, 0, 0, 0, 0, 0, 0, 0), (0, 0, 0, 5, 9, 5, 0, 0, 0, 0, 0, 0, 0, 0, 0, 0, 0), (0, 0, 0, 0, 5, 0, 0, 0, 0, 0, 0, 0, 0, 0, 0, 0, 0), (0, 0, 0, 0, 0, 0, 0, 0, 0, 0, 0, 0, 0, 0, 0, 0, 0), (0, 0, 0, 0, 0, 0, 0, 0, 0, 0, 0, 1, 0, 0, 0, 0, 0), (0, 0, 0, 0, 0, 0, 0, 0, 0, 0, 1, 9, 1, 0, 0, 0, 0), (0, 0, 0, 0, 0, 0, 0, 0, 0, 0, 0, 1, 0, 0, 0, 0, 0), (0, 0, 0, 0, 9, 0, 0, 0, 0, 0, 0, 0, 0, 0, 0, 0, 0), (0, 0, 0, 9, 5, 9, 0, 0, 0, 0, 0, 0, 0, 0, 0, 0, 0), (0, 0, 0, 0, 9, 0, 0, 0, 0, 0, 9, 0, 0, 0, 0, 0, 0), (0, 0, 0, 0, 0, 0, 0, 0, 0, 9, 6, 9, 0, 0, 0, 0, 0), (0, 0, 0, 0, 0, 0, 0, 0, 0, 0, 9, 0, 0, 0, 0, 0, 0), (0, 0, 0, 0, 0, 0, 0, 0, 0, 0, 0, 0, 0, 0, 0, 0, 0), (0, 0, 0, 0, 0, 6, 0, 0, 0, 0, 0, 0, 0, 0, 0, 0, 0), (0, 0, 0, 0, 6, 5, 6, 0, 0, 0, 0, 0, 0, 9, 0, 0, 0), (0, 0, 0, 0, 0, 6, 0, 0, 0, 0, 0, 0, 9, 2, 9, 0, 0), (0, 0, 0, 0, 0, 0, 0, 0, 0, 0, 0, 0, 0, 9, 0, 0, 0), (0, 0, 0, 0, 0, 0, 0, 0, 0, 0, 0, 0, 0, 0, 0, 0, 0), (0, 0, 0, 0, 0, 0, 0, 0, 0, 0, 0, 0, 0, 0, 0, 0, 0))
loci: 15, locj: 10
bd: frozenset({(17, 12), (19, 12), (15, 11), (16, 10), (15, 14), (16, 13), (18, 10), (18, 13), (17, 11), (17, 14), (19, 11), (19, 14), (15, 13), (16, 12), (15, 10), (18, 12), (17, 10), (15, 12), (17, 13), (19, 10), (19, 13), (16, 14), (18, 11), (16, 11), (18, 14)})
col: 5
loci: 16, locj: 11
bd: frozenset({(20, 11), (20, 14), (17, 12), (17, 15), (19, 12), (19, 15), (16, 13), (20, 13), (18, 13), (17, 11), (17, 14), (19, 11), (19, 14), (16, 12), (16, 15), (18, 12), (18, 15), (20, 12), (20, 15), (17, 13), (19, 13), (16, 14), (18, 11), (16, 11), (18, 14)})
col: 9
loci: 10, locj: 9
bd: frozenset({(12, 10), (12, 13), (14, 10), (14, 13), (10, 9), (10, 12), (13, 11), (11, 11), (12, 9), (12, 12), (14, 9), (14, 12), (10, 11), (11, 10), (11, 13), (13, 10), (13, 13), (12, 11), (14, 11), (11, 9), (10, 13), (11, 12), (10, 10), (13, 9), (13, 12)})
col: 1
loci: 11, locj: 0
bd: frozenset({(12, 4), (12, 1), (14, 4), (14, 1), (11, 2), (13, 2), (15, 2), (12, 0), (12, 3), (14, 0), (14, 3), (11, 4), (11, 1), (13, 4), (13, 1), (15, 4), (15, 1), (12, 2), (14, 2), (11, 0), (11, 3), (13, 0), (13, 3), (15, 0), (15, 3)})
col: 5
loci: 11, locj: 10
bd: frozenset({(12, 10), (12, 13), (14, 10), (14, 13), (11, 14), (13, 11), (11, 11), (13, 14), (15, 11), (15, 14), (12, 12), (14, 12), (11, 10), (11, 13), (13, 10), (15, 13), (13, 13), (15, 10), (12, 11), (12, 14), (14, 11), (14, 14), (11, 12), (13, 12), (15, 12)})
col: 9
loci: 14, locj: 1
bd: frozenset({(14, 4), (14, 1), (17, 3), (16, 4), (15, 2), (16, 1), (15, 5), (18, 4), (18, 1), (14, 3), (17, 2), (17, 5), (15, 4), (16, 3), (15, 1), (18, 3), (14, 2), (14, 5), (17, 4), (17, 1), (16, 2), (16, 5), (15, 3), (18, 2), (18, 5)})
col: 1
loci: 4, locj: 4
bd: frozenset({(5, 4), (4, 6), (5, 7), (8, 6), (7, 4), (7, 7), (6, 5), (6, 8), (4, 5), (5, 6), (4, 8), (8, 5), (8, 8), (6, 4), (6, 7), (7, 6), (4, 7), (4, 4), (5, 5), (8, 4), (5, 8), (8, 7), (6, 6), (7, 5), (7, 8)})
col: 2
loci: 15, locj: 9
bd: frozenset({(17, 9), (17, 12), (19, 9), (19, 12), (15, 11), (16, 10), (16, 13), (18, 10), (18, 13), (17, 11), (19, 11), (16, 9), (15, 13), (16, 12), (15, 10), (18, 9), (18, 12), (17, 10), (15, 12), (17, 13), (19, 10), (19, 13), (15, 9), (18, 11), (16, 11)})
col: 9
