Modified Function Code:
from re_arc.dsl import *
def generate_0b148d64() -> dict:
    diff_lb = 0
    print(f"diff_lb: {diff_lb}")
    diff_ub = 1
    print(f"diff_ub: {diff_ub}")
    
    itv = interval(0, 10, 1)
    print(f"itv: {itv}")
    
    h = unifint(diff_lb, diff_ub, (7, 30))
    print(f"h: {h}")
    
    w = unifint(diff_lb, diff_ub, (7, 30))
    print(f"w: {w}")
    
    bgc = choice(itv)
    print(f"bgc: {bgc}")
    
    remitv = remove(bgc, itv)
    print(f"remitv: {remitv}")
    
    g = canvas(bgc, (h, w))
    print(f"g: {g}")
    
    x = randint(3, h - 3)
    print(f"x: {x}")
    
    y = randint(3, w - 3)
    print(f"y: {y}")
    
    di = randint(2, h - x - 1)
    print(f"di: {di}")
    
    dj = randint(2, w - y - 1)
    print(f"dj: {dj}")
    
    A = backdrop(frozenset({(0, 0), (x, y)}))
    print(f"A: {A}")
    
    B = backdrop(frozenset({(x + di, 0), (h - 1, y)}))
    print(f"B: {B}")
    
    C = backdrop(frozenset({(0, y + dj), (x, w - 1)}))
    print(f"C: {C}")
    
    D = backdrop(frozenset({(x + di, y + dj), (h - 1, w - 1)}))
    print(f"D: {D}")
    
    cola = choice(remitv)
    print(f"cola: {cola}")
    
    colb = choice(remove(cola, remitv))
    print(f"colb: {colb}")
    
    trg = choice((A, B, C, D))
    print(f"trg: {trg}")
    
    rem = remove(trg, (A, B, C, D))
    print(f"rem: {rem}")
    
    subf = lambda bx: {
        choice(totuple(connect(ulcorner(bx), urcorner(bx)))),
        choice(totuple(connect(ulcorner(bx), llcorner(bx)))),
        choice(totuple(connect(urcorner(bx), lrcorner(bx)))),
        choice(totuple(connect(llcorner(bx), lrcorner(bx)))),
    }
    
    sampler = lambda bx: set(sample(
        totuple(bx),
        len(bx) - unifint(diff_lb, diff_ub, (0, len(bx) - 1))
    ))
    
    gi = fill(g, cola, sampler(trg) | subf(trg))
    print(f"gi after first fill: {gi}")
    
    for r in rem:
        gi = fill(gi, colb, sampler(r) | subf(r))
        print(f"gi after filling with {r}: {gi}")
    
    return {'input': gi}

Printed Outputs:
diff_lb: 0
diff_ub: 1
itv: (0, 1, 2, 3, 4, 5, 6, 7, 8, 9)
h: 16
w: 19
bgc: 2
remitv: (0, 1, 3, 4, 5, 6, 7, 8, 9)
g: ((2, 2, 2, 2, 2, 2, 2, 2, 2, 2, 2, 2, 2, 2, 2, 2, 2, 2, 2), (2, 2, 2, 2, 2, 2, 2, 2, 2, 2, 2, 2, 2, 2, 2, 2, 2, 2, 2), (2, 2, 2, 2, 2, 2, 2, 2, 2, 2, 2, 2, 2, 2, 2, 2, 2, 2, 2), (2, 2, 2, 2, 2, 2, 2, 2, 2, 2, 2, 2, 2, 2, 2, 2, 2, 2, 2), (2, 2, 2, 2, 2, 2, 2, 2, 2, 2, 2, 2, 2, 2, 2, 2, 2, 2, 2), (2, 2, 2, 2, 2, 2, 2, 2, 2, 2, 2, 2, 2, 2, 2, 2, 2, 2, 2), (2, 2, 2, 2, 2, 2, 2, 2, 2, 2, 2, 2, 2, 2, 2, 2, 2, 2, 2), (2, 2, 2, 2, 2, 2, 2, 2, 2, 2, 2, 2, 2, 2, 2, 2, 2, 2, 2), (2, 2, 2, 2, 2, 2, 2, 2, 2, 2, 2, 2, 2, 2, 2, 2, 2, 2, 2), (2, 2, 2, 2, 2, 2, 2, 2, 2, 2, 2, 2, 2, 2, 2, 2, 2, 2, 2), (2, 2, 2, 2, 2, 2, 2, 2, 2, 2, 2, 2, 2, 2, 2, 2, 2, 2, 2), (2, 2, 2, 2, 2, 2, 2, 2, 2, 2, 2, 2, 2, 2, 2, 2, 2, 2, 2), (2, 2, 2, 2, 2, 2, 2, 2, 2, 2, 2, 2, 2, 2, 2, 2, 2, 2, 2), (2, 2, 2, 2, 2, 2, 2, 2, 2, 2, 2, 2, 2, 2, 2, 2, 2, 2, 2), (2, 2, 2, 2, 2, 2, 2, 2, 2, 2, 2, 2, 2, 2, 2, 2, 2, 2, 2), (2, 2, 2, 2, 2, 2, 2, 2, 2, 2, 2, 2, 2, 2, 2, 2, 2, 2, 2))
x: 8
y: 6
di: 2
dj: 6
A: frozenset({(4, 0), (3, 4), (4, 3), (3, 1), (5, 4), (4, 6), (5, 1), (8, 0), (0, 2), (8, 3), (0, 5), (2, 2), (1, 0), (1, 6), (8, 6), (2, 5), (1, 3), (7, 4), (6, 2), (7, 1), (6, 5), (4, 2), (3, 0), (4, 5), (3, 3), (5, 0), (5, 6), (3, 6), (5, 3), (8, 2), (8, 5), (0, 1), (2, 4), (1, 2), (0, 4), (2, 1), (1, 5), (6, 1), (7, 0), (6, 4), (7, 3), (7, 6), (3, 2), (4, 1), (3, 5), (5, 2), (4, 4), (5, 5), (8, 4), (0, 0), (8, 1), (1, 1), (0, 3), (2, 0), (1, 4), (0, 6), (2, 3), (2, 6), (7, 2), (6, 0), (6, 6), (7, 5), (6, 3)})
B: frozenset({(12, 4), (12, 1), (14, 4), (14, 1), (11, 2), (10, 0), (10, 6), (11, 5), (10, 3), (13, 2), (13, 5), (15, 2), (15, 5), (12, 0), (12, 3), (14, 0), (14, 6), (12, 6), (14, 3), (11, 4), (10, 2), (11, 1), (10, 5), (13, 4), (13, 1), (15, 4), (15, 1), (12, 2), (12, 5), (14, 2), (14, 5), (11, 0), (10, 4), (11, 3), (10, 1), (13, 0), (11, 6), (13, 3), (15, 0), (15, 6), (13, 6), (15, 3)})
C: frozenset({(6, 12), (6, 18), (7, 17), (6, 15), (4, 12), (3, 16), (5, 13), (4, 15), (3, 13), (5, 16), (4, 18), (8, 12), (8, 18), (0, 14), (8, 15), (0, 17), (2, 14), (1, 12), (1, 18), (2, 17), (1, 15), (7, 16), (6, 14), (7, 13), (6, 17), (4, 14), (3, 12), (3, 18), (4, 17), (3, 15), (5, 12), (5, 18), (5, 15), (8, 14), (0, 16), (8, 17), (0, 13), (2, 16), (1, 14), (2, 13), (1, 17), (6, 13), (7, 12), (6, 16), (7, 15), (7, 18), (4, 16), (3, 14), (4, 13), (3, 17), (5, 14), (5, 17), (8, 16), (0, 12), (8, 13), (1, 13), (0, 15), (2, 12), (2, 18), (1, 16), (0, 18), (2, 15), (7, 14)})
D: frozenset({(12, 16), (12, 13), (14, 16), (14, 13), (11, 14), (10, 12), (10, 18), (11, 17), (10, 15), (13, 14), (13, 17), (15, 14), (15, 17), (12, 12), (12, 15), (14, 12), (14, 18), (12, 18), (14, 15), (11, 16), (10, 14), (11, 13), (10, 17), (13, 16), (15, 13), (13, 13), (15, 16), (12, 14), (12, 17), (14, 14), (14, 17), (10, 13), (11, 12), (10, 16), (11, 15), (13, 12), (13, 18), (11, 18), (13, 15), (15, 12), (15, 18), (15, 15)})
cola: 1
colb: 6
trg: frozenset({(12, 16), (12, 13), (14, 16), (14, 13), (11, 14), (10, 12), (10, 18), (11, 17), (10, 15), (13, 14), (13, 17), (15, 14), (15, 17), (12, 12), (12, 15), (14, 12), (14, 18), (12, 18), (14, 15), (11, 16), (10, 14), (11, 13), (10, 17), (13, 16), (15, 13), (13, 13), (15, 16), (12, 14), (12, 17), (14, 14), (14, 17), (10, 13), (11, 12), (10, 16), (11, 15), (13, 12), (13, 18), (11, 18), (13, 15), (15, 12), (15, 18), (15, 15)})
rem: (frozenset({(4, 0), (3, 4), (4, 3), (3, 1), (5, 4), (4, 6), (5, 1), (8, 0), (0, 2), (8, 3), (0, 5), (2, 2), (1, 0), (1, 6), (8, 6), (2, 5), (1, 3), (7, 4), (6, 2), (7, 1), (6, 5), (4, 2), (3, 0), (4, 5), (3, 3), (5, 0), (5, 6), (3, 6), (5, 3), (8, 2), (8, 5), (0, 1), (2, 4), (1, 2), (0, 4), (2, 1), (1, 5), (6, 1), (7, 0), (6, 4), (7, 3), (7, 6), (3, 2), (4, 1), (3, 5), (5, 2), (4, 4), (5, 5), (8, 4), (0, 0), (8, 1), (1, 1), (0, 3), (2, 0), (1, 4), (0, 6), (2, 3), (2, 6), (7, 2), (6, 0), (6, 6), (7, 5), (6, 3)}), frozenset({(12, 4), (12, 1), (14, 4), (14, 1), (11, 2), (10, 0), (10, 6), (11, 5), (10, 3), (13, 2), (13, 5), (15, 2), (15, 5), (12, 0), (12, 3), (14, 0), (14, 6), (12, 6), (14, 3), (11, 4), (10, 2), (11, 1), (10, 5), (13, 4), (13, 1), (15, 4), (15, 1), (12, 2), (12, 5), (14, 2), (14, 5), (11, 0), (10, 4), (11, 3), (10, 1), (13, 0), (11, 6), (13, 3), (15, 0), (15, 6), (13, 6), (15, 3)}), frozenset({(6, 12), (6, 18), (7, 17), (6, 15), (4, 12), (3, 16), (5, 13), (4, 15), (3, 13), (5, 16), (4, 18), (8, 12), (8, 18), (0, 14), (8, 15), (0, 17), (2, 14), (1, 12), (1, 18), (2, 17), (1, 15), (7, 16), (6, 14), (7, 13), (6, 17), (4, 14), (3, 12), (3, 18), (4, 17), (3, 15), (5, 12), (5, 18), (5, 15), (8, 14), (0, 16), (8, 17), (0, 13), (2, 16), (1, 14), (2, 13), (1, 17), (6, 13), (7, 12), (6, 16), (7, 15), (7, 18), (4, 16), (3, 14), (4, 13), (3, 17), (5, 14), (5, 17), (8, 16), (0, 12), (8, 13), (1, 13), (0, 15), (2, 12), (2, 18), (1, 16), (0, 18), (2, 15), (7, 14)}))
gi after first fill: ((2, 2, 2, 2, 2, 2, 2, 2, 2, 2, 2, 2, 2, 2, 2, 2, 2, 2, 2), (2, 2, 2, 2, 2, 2, 2, 2, 2, 2, 2, 2, 2, 2, 2, 2, 2, 2, 2), (2, 2, 2, 2, 2, 2, 2, 2, 2, 2, 2, 2, 2, 2, 2, 2, 2, 2, 2), (2, 2, 2, 2, 2, 2, 2, 2, 2, 2, 2, 2, 2, 2, 2, 2, 2, 2, 2), (2, 2, 2, 2, 2, 2, 2, 2, 2, 2, 2, 2, 2, 2, 2, 2, 2, 2, 2), (2, 2, 2, 2, 2, 2, 2, 2, 2, 2, 2, 2, 2, 2, 2, 2, 2, 2, 2), (2, 2, 2, 2, 2, 2, 2, 2, 2, 2, 2, 2, 2, 2, 2, 2, 2, 2, 2), (2, 2, 2, 2, 2, 2, 2, 2, 2, 2, 2, 2, 2, 2, 2, 2, 2, 2, 2), (2, 2, 2, 2, 2, 2, 2, 2, 2, 2, 2, 2, 2, 2, 2, 2, 2, 2, 2), (2, 2, 2, 2, 2, 2, 2, 2, 2, 2, 2, 2, 2, 2, 2, 2, 2, 2, 2), (2, 2, 2, 2, 2, 2, 2, 2, 2, 2, 2, 2, 2, 2, 2, 2, 1, 2, 2), (2, 2, 2, 2, 2, 2, 2, 2, 2, 2, 2, 2, 2, 2, 2, 2, 2, 2, 2), (2, 2, 2, 2, 2, 2, 2, 2, 2, 2, 2, 2, 2, 2, 2, 2, 2, 2, 1), (2, 2, 2, 2, 2, 2, 2, 2, 2, 2, 2, 2, 2, 2, 2, 2, 2, 2, 1), (2, 2, 2, 2, 2, 2, 2, 2, 2, 2, 2, 2, 2, 2, 2, 2, 2, 2, 2), (2, 2, 2, 2, 2, 2, 2, 2, 2, 2, 2, 2, 1, 1, 2, 2, 2, 2, 2))
gi after filling with frozenset({(4, 0), (3, 4), (4, 3), (3, 1), (5, 4), (4, 6), (5, 1), (8, 0), (0, 2), (8, 3), (0, 5), (2, 2), (1, 0), (1, 6), (8, 6), (2, 5), (1, 3), (7, 4), (6, 2), (7, 1), (6, 5), (4, 2), (3, 0), (4, 5), (3, 3), (5, 0), (5, 6), (3, 6), (5, 3), (8, 2), (8, 5), (0, 1), (2, 4), (1, 2), (0, 4), (2, 1), (1, 5), (6, 1), (7, 0), (6, 4), (7, 3), (7, 6), (3, 2), (4, 1), (3, 5), (5, 2), (4, 4), (5, 5), (8, 4), (0, 0), (8, 1), (1, 1), (0, 3), (2, 0), (1, 4), (0, 6), (2, 3), (2, 6), (7, 2), (6, 0), (6, 6), (7, 5), (6, 3)}): ((6, 2, 6, 6, 6, 6, 6, 2, 2, 2, 2, 2, 2, 2, 2, 2, 2, 2, 2), (6, 2, 6, 6, 2, 2, 6, 2, 2, 2, 2, 2, 2, 2, 2, 2, 2, 2, 2), (6, 6, 6, 6, 2, 6, 6, 2, 2, 2, 2, 2, 2, 2, 2, 2, 2, 2, 2), (6, 6, 6, 6, 6, 6, 6, 2, 2, 2, 2, 2, 2, 2, 2, 2, 2, 2, 2), (6, 6, 6, 2, 6, 6, 6, 2, 2, 2, 2, 2, 2, 2, 2, 2, 2, 2, 2), (6, 6, 6, 2, 6, 6, 6, 2, 2, 2, 2, 2, 2, 2, 2, 2, 2, 2, 2), (6, 6, 6, 6, 2, 6, 6, 2, 2, 2, 2, 2, 2, 2, 2, 2, 2, 2, 2), (6, 6, 6, 2, 6, 2, 6, 2, 2, 2, 2, 2, 2, 2, 2, 2, 2, 2, 2), (6, 6, 6, 2, 6, 6, 6, 2, 2, 2, 2, 2, 2, 2, 2, 2, 2, 2, 2), (2, 2, 2, 2, 2, 2, 2, 2, 2, 2, 2, 2, 2, 2, 2, 2, 2, 2, 2), (2, 2, 2, 2, 2, 2, 2, 2, 2, 2, 2, 2, 2, 2, 2, 2, 1, 2, 2), (2, 2, 2, 2, 2, 2, 2, 2, 2, 2, 2, 2, 2, 2, 2, 2, 2, 2, 2), (2, 2, 2, 2, 2, 2, 2, 2, 2, 2, 2, 2, 2, 2, 2, 2, 2, 2, 1), (2, 2, 2, 2, 2, 2, 2, 2, 2, 2, 2, 2, 2, 2, 2, 2, 2, 2, 1), (2, 2, 2, 2, 2, 2, 2, 2, 2, 2, 2, 2, 2, 2, 2, 2, 2, 2, 2), (2, 2, 2, 2, 2, 2, 2, 2, 2, 2, 2, 2, 1, 1, 2, 2, 2, 2, 2))
gi after filling with frozenset({(12, 4), (12, 1), (14, 4), (14, 1), (11, 2), (10, 0), (10, 6), (11, 5), (10, 3), (13, 2), (13, 5), (15, 2), (15, 5), (12, 0), (12, 3), (14, 0), (14, 6), (12, 6), (14, 3), (11, 4), (10, 2), (11, 1), (10, 5), (13, 4), (13, 1), (15, 4), (15, 1), (12, 2), (12, 5), (14, 2), (14, 5), (11, 0), (10, 4), (11, 3), (10, 1), (13, 0), (11, 6), (13, 3), (15, 0), (15, 6), (13, 6), (15, 3)}): ((6, 2, 6, 6, 6, 6, 6, 2, 2, 2, 2, 2, 2, 2, 2, 2, 2, 2, 2), (6, 2, 6, 6, 2, 2, 6, 2, 2, 2, 2, 2, 2, 2, 2, 2, 2, 2, 2), (6, 6, 6, 6, 2, 6, 6, 2, 2, 2, 2, 2, 2, 2, 2, 2, 2, 2, 2), (6, 6, 6, 6, 6, 6, 6, 2, 2, 2, 2, 2, 2, 2, 2, 2, 2, 2, 2), (6, 6, 6, 2, 6, 6, 6, 2, 2, 2, 2, 2, 2, 2, 2, 2, 2, 2, 2), (6, 6, 6, 2, 6, 6, 6, 2, 2, 2, 2, 2, 2, 2, 2, 2, 2, 2, 2), (6, 6, 6, 6, 2, 6, 6, 2, 2, 2, 2, 2, 2, 2, 2, 2, 2, 2, 2), (6, 6, 6, 2, 6, 2, 6, 2, 2, 2, 2, 2, 2, 2, 2, 2, 2, 2, 2), (6, 6, 6, 2, 6, 6, 6, 2, 2, 2, 2, 2, 2, 2, 2, 2, 2, 2, 2), (2, 2, 2, 2, 2, 2, 2, 2, 2, 2, 2, 2, 2, 2, 2, 2, 2, 2, 2), (6, 6, 2, 6, 2, 2, 6, 2, 2, 2, 2, 2, 2, 2, 2, 2, 1, 2, 2), (6, 2, 6, 6, 2, 6, 6, 2, 2, 2, 2, 2, 2, 2, 2, 2, 2, 2, 2), (2, 6, 6, 6, 2, 2, 2, 2, 2, 2, 2, 2, 2, 2, 2, 2, 2, 2, 1), (6, 2, 6, 6, 2, 6, 2, 2, 2, 2, 2, 2, 2, 2, 2, 2, 2, 2, 1), (2, 2, 6, 2, 6, 6, 2, 2, 2, 2, 2, 2, 2, 2, 2, 2, 2, 2, 2), (2, 2, 6, 2, 6, 2, 6, 2, 2, 2, 2, 2, 1, 1, 2, 2, 2, 2, 2))
gi after filling with frozenset({(6, 12), (6, 18), (7, 17), (6, 15), (4, 12), (3, 16), (5, 13), (4, 15), (3, 13), (5, 16), (4, 18), (8, 12), (8, 18), (0, 14), (8, 15), (0, 17), (2, 14), (1, 12), (1, 18), (2, 17), (1, 15), (7, 16), (6, 14), (7, 13), (6, 17), (4, 14), (3, 12), (3, 18), (4, 17), (3, 15), (5, 12), (5, 18), (5, 15), (8, 14), (0, 16), (8, 17), (0, 13), (2, 16), (1, 14), (2, 13), (1, 17), (6, 13), (7, 12), (6, 16), (7, 15), (7, 18), (4, 16), (3, 14), (4, 13), (3, 17), (5, 14), (5, 17), (8, 16), (0, 12), (8, 13), (1, 13), (0, 15), (2, 12), (2, 18), (1, 16), (0, 18), (2, 15), (7, 14)}): ((6, 2, 6, 6, 6, 6, 6, 2, 2, 2, 2, 2, 2, 6, 2, 2, 6, 6, 2), (6, 2, 6, 6, 2, 2, 6, 2, 2, 2, 2, 2, 6, 6, 2, 2, 2, 2, 6), (6, 6, 6, 6, 2, 6, 6, 2, 2, 2, 2, 2, 6, 6, 6, 2, 2, 2, 2), (6, 6, 6, 6, 6, 6, 6, 2, 2, 2, 2, 2, 2, 2, 6, 2, 2, 2, 2), (6, 6, 6, 2, 6, 6, 6, 2, 2, 2, 2, 2, 2, 6, 2, 2, 6, 2, 2), (6, 6, 6, 2, 6, 6, 6, 2, 2, 2, 2, 2, 2, 2, 2, 2, 6, 2, 2), (6, 6, 6, 6, 2, 6, 6, 2, 2, 2, 2, 2, 2, 2, 2, 6, 6, 6, 2), (6, 6, 6, 2, 6, 2, 6, 2, 2, 2, 2, 2, 6, 2, 2, 6, 2, 2, 6), (6, 6, 6, 2, 6, 6, 6, 2, 2, 2, 2, 2, 2, 2, 2, 2, 2, 2, 6), (2, 2, 2, 2, 2, 2, 2, 2, 2, 2, 2, 2, 2, 2, 2, 2, 2, 2, 2), (6, 6, 2, 6, 2, 2, 6, 2, 2, 2, 2, 2, 2, 2, 2, 2, 1, 2, 2), (6, 2, 6, 6, 2, 6, 6, 2, 2, 2, 2, 2, 2, 2, 2, 2, 2, 2, 2), (2, 6, 6, 6, 2, 2, 2, 2, 2, 2, 2, 2, 2, 2, 2, 2, 2, 2, 1), (6, 2, 6, 6, 2, 6, 2, 2, 2, 2, 2, 2, 2, 2, 2, 2, 2, 2, 1), (2, 2, 6, 2, 6, 6, 2, 2, 2, 2, 2, 2, 2, 2, 2, 2, 2, 2, 2), (2, 2, 6, 2, 6, 2, 6, 2, 2, 2, 2, 2, 1, 1, 2, 2, 2, 2, 2))
