Modified Function Code:
from re_arc.dsl import *
def generate_0dfd9992() -> dict:
    diff_lb = 0
    diff_ub = 1
    print(f"diff_lb: {diff_lb}")
    print(f"diff_ub: {diff_ub}")

    cols = interval(0, 10, 1)
    print(f"cols: {cols}")

    h = unifint(diff_lb, diff_ub, (10, 30))
    print(f"h: {h}")

    w = unifint(diff_lb, diff_ub, (10, 30))
    print(f"w: {w}")

    hp = unifint(diff_lb, diff_ub, (2, h//2-1))
    print(f"hp: {hp}")

    wp = unifint(diff_lb, diff_ub, (2, w//2-1))
    print(f"wp: {wp}")

    pinds = asindices(canvas(-1, (hp, wp)))
    print(f"pinds: {pinds}")

    bgc, noisec = sample(cols, 2)
    print(f"bgc: {bgc}, noisec: {noisec}")

    remcols = remove(noisec, cols)
    print(f"remcols: {remcols}")

    numc = unifint(diff_lb, diff_ub, (2, 9))
    print(f"numc: {numc}")

    ccols = sample(remcols, numc)
    print(f"ccols: {ccols}")

    pobj = frozenset({(choice(ccols), ij) for ij in pinds})
    print(f"pobj: {pobj}")

    go = canvas(bgc, (h, w))
    print(f"go: {go}")

    locs = set()
    for a in range(h//hp+1):
        for b in range(w//wp+1):
            loci = hp * a
            locj = wp * b
            locs.add((loci, locj))
            print(f"loci: {loci}, locj: {locj}")

            mf1 = identity if a % 2 == 0 else hmirror
            mf2 = identity if b % 2 == 0 else vmirror
            mf = compose(mf1, mf2)

            go = paint(go, shift(mf(pobj), (loci, locj)))
            print(f"Updated go after painting: {go}")

    numpatches = unifint(diff_lb, diff_ub, (1, int((h * w) ** 0.5 // 2)))
    print(f"numpatches: {numpatches}")

    gi = tuple(e for e in go)
    print(f"gi: {gi}")

    places = apply(lbind(shift, pinds), locs)
    print(f"places: {places}")

    succ = 0
    tr = 0
    maxtr = 5 * numpatches
    while succ < numpatches and tr < maxtr:
        tr += 1
        ph = randint(2, 6)
        pw = randint(2, 6)
        loci = randint(0, h - ph)
        locj = randint(0, w - pw)
        ptch = backdrop(frozenset({(loci, locj), (loci + ph - 1, locj + pw - 1)}))
        gi2 = fill(gi, noisec, ptch)
        candset = apply(normalize, apply(rbind(toobject, gi2), places))

        if len(sfilter(gi2, lambda r: noisec not in r)) >= 2 and len(sfilter(dmirror(gi2), lambda r: noisec not in r)) >= 2 and (pobj in candset or hmirror(pobj) in candset or vmirror(pobj) in candset or hmirror(vmirror(pobj)) in candset):
            succ += 1
            gi = gi2
            print(f"Updated gi after success: {gi}")

    rotf = choice((identity, rot90, rot180, rot270))
    gi = rotf(gi)
    print(f"Final gi after rotation: {gi}")

    return {'input': gi}

Printed Outputs:
diff_lb: 0
diff_ub: 1
cols: (0, 1, 2, 3, 4, 5, 6, 7, 8, 9)
h: 27
w: 20
hp: 12
wp: 6
pinds: frozenset({(4, 0), (3, 4), (4, 3), (3, 1), (5, 4), (5, 1), (8, 0), (9, 2), (9, 5), (0, 2), (8, 3), (10, 0), (11, 2), (0, 5), (2, 2), (1, 0), (10, 3), (11, 5), (2, 5), (1, 3), (7, 4), (6, 2), (7, 1), (6, 5), (4, 2), (3, 0), (4, 5), (3, 3), (5, 0), (11, 4), (5, 3), (8, 2), (9, 1), (8, 5), (10, 2), (9, 4), (0, 1), (11, 1), (2, 4), (1, 2), (0, 4), (2, 1), (10, 5), (1, 5), (6, 1), (7, 0), (6, 4), (7, 3), (3, 2), (4, 1), (3, 5), (5, 2), (4, 4), (9, 0), (5, 5), (8, 4), (9, 3), (0, 0), (8, 1), (10, 4), (1, 1), (0, 3), (2, 0), (10, 1), (1, 4), (11, 0), (2, 3), (11, 3), (7, 2), (6, 0), (7, 5), (6, 3)})
bgc: 8, noisec: 4
remcols: (0, 1, 2, 3, 5, 6, 7, 8, 9)
numc: 9
ccols: [9, 1, 8, 5, 3, 0, 6, 2, 7]
pobj: frozenset({(8, (10, 2)), (7, (4, 0)), (2, (1, 3)), (1, (9, 0)), (8, (5, 4)), (7, (0, 4)), (5, (3, 5)), (2, (10, 3)), (7, (10, 5)), (7, (1, 1)), (2, (8, 1)), (3, (0, 1)), (6, (4, 5)), (8, (11, 5)), (9, (8, 2)), (2, (7, 5)), (7, (5, 2)), (5, (6, 0)), (1, (5, 0)), (7, (6, 5)), (1, (8, 0)), (6, (9, 3)), (3, (6, 2)), (9, (10, 1)), (6, (8, 3)), (6, (9, 4)), (6, (7, 1)), (1, (1, 0)), (5, (11, 0)), (2, (3, 0)), (5, (10, 4)), (8, (6, 4)), (7, (0, 2)), (1, (0, 0)), (3, (4, 1)), (9, (5, 5)), (6, (6, 1)), (3, (3, 4)), (9, (7, 3)), (5, (0, 5)), (2, (8, 5)), (9, (1, 4)), (3, (1, 2)), (9, (6, 3)), (8, (11, 4)), (9, (0, 3)), (0, (7, 4)), (3, (5, 3)), (1, (4, 3)), (8, (4, 4)), (2, (3, 3)), (7, (7, 2)), (3, (2, 5)), (7, (11, 2)), (7, (2, 3)), (0, (2, 2)), (6, (2, 1)), (5, (8, 4)), (5, (2, 0)), (8, (1, 5)), (7, (4, 2)), (8, (7, 0)), (3, (11, 1)), (3, (5, 1)), (0, (2, 4)), (8, (10, 0)), (9, (3, 1)), (2, (11, 3)), (8, (9, 5)), (0, (9, 2)), (6, (9, 1)), (6, (3, 2))})
go: ((8, 8, 8, 8, 8, 8, 8, 8, 8, 8, 8, 8, 8, 8, 8, 8, 8, 8, 8, 8), (8, 8, 8, 8, 8, 8, 8, 8, 8, 8, 8, 8, 8, 8, 8, 8, 8, 8, 8, 8), (8, 8, 8, 8, 8, 8, 8, 8, 8, 8, 8, 8, 8, 8, 8, 8, 8, 8, 8, 8), (8, 8, 8, 8, 8, 8, 8, 8, 8, 8, 8, 8, 8, 8, 8, 8, 8, 8, 8, 8), (8, 8, 8, 8, 8, 8, 8, 8, 8, 8, 8, 8, 8, 8, 8, 8, 8, 8, 8, 8), (8, 8, 8, 8, 8, 8, 8, 8, 8, 8, 8, 8, 8, 8, 8, 8, 8, 8, 8, 8), (8, 8, 8, 8, 8, 8, 8, 8, 8, 8, 8, 8, 8, 8, 8, 8, 8, 8, 8, 8), (8, 8, 8, 8, 8, 8, 8, 8, 8, 8, 8, 8, 8, 8, 8, 8, 8, 8, 8, 8), (8, 8, 8, 8, 8, 8, 8, 8, 8, 8, 8, 8, 8, 8, 8, 8, 8, 8, 8, 8), (8, 8, 8, 8, 8, 8, 8, 8, 8, 8, 8, 8, 8, 8, 8, 8, 8, 8, 8, 8), (8, 8, 8, 8, 8, 8, 8, 8, 8, 8, 8, 8, 8, 8, 8, 8, 8, 8, 8, 8), (8, 8, 8, 8, 8, 8, 8, 8, 8, 8, 8, 8, 8, 8, 8, 8, 8, 8, 8, 8), (8, 8, 8, 8, 8, 8, 8, 8, 8, 8, 8, 8, 8, 8, 8, 8, 8, 8, 8, 8), (8, 8, 8, 8, 8, 8, 8, 8, 8, 8, 8, 8, 8, 8, 8, 8, 8, 8, 8, 8), (8, 8, 8, 8, 8, 8, 8, 8, 8, 8, 8, 8, 8, 8, 8, 8, 8, 8, 8, 8), (8, 8, 8, 8, 8, 8, 8, 8, 8, 8, 8, 8, 8, 8, 8, 8, 8, 8, 8, 8), (8, 8, 8, 8, 8, 8, 8, 8, 8, 8, 8, 8, 8, 8, 8, 8, 8, 8, 8, 8), (8, 8, 8, 8, 8, 8, 8, 8, 8, 8, 8, 8, 8, 8, 8, 8, 8, 8, 8, 8), (8, 8, 8, 8, 8, 8, 8, 8, 8, 8, 8, 8, 8, 8, 8, 8, 8, 8, 8, 8), (8, 8, 8, 8, 8, 8, 8, 8, 8, 8, 8, 8, 8, 8, 8, 8, 8, 8, 8, 8), (8, 8, 8, 8, 8, 8, 8, 8, 8, 8, 8, 8, 8, 8, 8, 8, 8, 8, 8, 8), (8, 8, 8, 8, 8, 8, 8, 8, 8, 8, 8, 8, 8, 8, 8, 8, 8, 8, 8, 8), (8, 8, 8, 8, 8, 8, 8, 8, 8, 8, 8, 8, 8, 8, 8, 8, 8, 8, 8, 8), (8, 8, 8, 8, 8, 8, 8, 8, 8, 8, 8, 8, 8, 8, 8, 8, 8, 8, 8, 8), (8, 8, 8, 8, 8, 8, 8, 8, 8, 8, 8, 8, 8, 8, 8, 8, 8, 8, 8, 8), (8, 8, 8, 8, 8, 8, 8, 8, 8, 8, 8, 8, 8, 8, 8, 8, 8, 8, 8, 8), (8, 8, 8, 8, 8, 8, 8, 8, 8, 8, 8, 8, 8, 8, 8, 8, 8, 8, 8, 8))
loci: 0, locj: 0
Updated go after painting: ((1, 3, 7, 9, 7, 5, 8, 8, 8, 8, 8, 8, 8, 8, 8, 8, 8, 8, 8, 8), (1, 7, 3, 2, 9, 8, 8, 8, 8, 8, 8, 8, 8, 8, 8, 8, 8, 8, 8, 8), (5, 6, 0, 7, 0, 3, 8, 8, 8, 8, 8, 8, 8, 8, 8, 8, 8, 8, 8, 8), (2, 9, 6, 2, 3, 5, 8, 8, 8, 8, 8, 8, 8, 8, 8, 8, 8, 8, 8, 8), (7, 3, 7, 1, 8, 6, 8, 8, 8, 8, 8, 8, 8, 8, 8, 8, 8, 8, 8, 8), (1, 3, 7, 3, 8, 9, 8, 8, 8, 8, 8, 8, 8, 8, 8, 8, 8, 8, 8, 8), (5, 6, 3, 9, 8, 7, 8, 8, 8, 8, 8, 8, 8, 8, 8, 8, 8, 8, 8, 8), (8, 6, 7, 9, 0, 2, 8, 8, 8, 8, 8, 8, 8, 8, 8, 8, 8, 8, 8, 8), (1, 2, 9, 6, 5, 2, 8, 8, 8, 8, 8, 8, 8, 8, 8, 8, 8, 8, 8, 8), (1, 6, 0, 6, 6, 8, 8, 8, 8, 8, 8, 8, 8, 8, 8, 8, 8, 8, 8, 8), (8, 9, 8, 2, 5, 7, 8, 8, 8, 8, 8, 8, 8, 8, 8, 8, 8, 8, 8, 8), (5, 3, 7, 2, 8, 8, 8, 8, 8, 8, 8, 8, 8, 8, 8, 8, 8, 8, 8, 8), (8, 8, 8, 8, 8, 8, 8, 8, 8, 8, 8, 8, 8, 8, 8, 8, 8, 8, 8, 8), (8, 8, 8, 8, 8, 8, 8, 8, 8, 8, 8, 8, 8, 8, 8, 8, 8, 8, 8, 8), (8, 8, 8, 8, 8, 8, 8, 8, 8, 8, 8, 8, 8, 8, 8, 8, 8, 8, 8, 8), (8, 8, 8, 8, 8, 8, 8, 8, 8, 8, 8, 8, 8, 8, 8, 8, 8, 8, 8, 8), (8, 8, 8, 8, 8, 8, 8, 8, 8, 8, 8, 8, 8, 8, 8, 8, 8, 8, 8, 8), (8, 8, 8, 8, 8, 8, 8, 8, 8, 8, 8, 8, 8, 8, 8, 8, 8, 8, 8, 8), (8, 8, 8, 8, 8, 8, 8, 8, 8, 8, 8, 8, 8, 8, 8, 8, 8, 8, 8, 8), (8, 8, 8, 8, 8, 8, 8, 8, 8, 8, 8, 8, 8, 8, 8, 8, 8, 8, 8, 8), (8, 8, 8, 8, 8, 8, 8, 8, 8, 8, 8, 8, 8, 8, 8, 8, 8, 8, 8, 8), (8, 8, 8, 8, 8, 8, 8, 8, 8, 8, 8, 8, 8, 8, 8, 8, 8, 8, 8, 8), (8, 8, 8, 8, 8, 8, 8, 8, 8, 8, 8, 8, 8, 8, 8, 8, 8, 8, 8, 8), (8, 8, 8, 8, 8, 8, 8, 8, 8, 8, 8, 8, 8, 8, 8, 8, 8, 8, 8, 8), (8, 8, 8, 8, 8, 8, 8, 8, 8, 8, 8, 8, 8, 8, 8, 8, 8, 8, 8, 8), (8, 8, 8, 8, 8, 8, 8, 8, 8, 8, 8, 8, 8, 8, 8, 8, 8, 8, 8, 8), (8, 8, 8, 8, 8, 8, 8, 8, 8, 8, 8, 8, 8, 8, 8, 8, 8, 8, 8, 8))
loci: 0, locj: 6
Updated go after painting: ((1, 3, 7, 9, 7, 5, 5, 7, 9, 7, 3, 1, 8, 8, 8, 8, 8, 8, 8, 8), (1, 7, 3, 2, 9, 8, 8, 9, 2, 3, 7, 1, 8, 8, 8, 8, 8, 8, 8, 8), (5, 6, 0, 7, 0, 3, 3, 0, 7, 0, 6, 5, 8, 8, 8, 8, 8, 8, 8, 8), (2, 9, 6, 2, 3, 5, 5, 3, 2, 6, 9, 2, 8, 8, 8, 8, 8, 8, 8, 8), (7, 3, 7, 1, 8, 6, 6, 8, 1, 7, 3, 7, 8, 8, 8, 8, 8, 8, 8, 8), (1, 3, 7, 3, 8, 9, 9, 8, 3, 7, 3, 1, 8, 8, 8, 8, 8, 8, 8, 8), (5, 6, 3, 9, 8, 7, 7, 8, 9, 3, 6, 5, 8, 8, 8, 8, 8, 8, 8, 8), (8, 6, 7, 9, 0, 2, 2, 0, 9, 7, 6, 8, 8, 8, 8, 8, 8, 8, 8, 8), (1, 2, 9, 6, 5, 2, 2, 5, 6, 9, 2, 1, 8, 8, 8, 8, 8, 8, 8, 8), (1, 6, 0, 6, 6, 8, 8, 6, 6, 0, 6, 1, 8, 8, 8, 8, 8, 8, 8, 8), (8, 9, 8, 2, 5, 7, 7, 5, 2, 8, 9, 8, 8, 8, 8, 8, 8, 8, 8, 8), (5, 3, 7, 2, 8, 8, 8, 8, 2, 7, 3, 5, 8, 8, 8, 8, 8, 8, 8, 8), (8, 8, 8, 8, 8, 8, 8, 8, 8, 8, 8, 8, 8, 8, 8, 8, 8, 8, 8, 8), (8, 8, 8, 8, 8, 8, 8, 8, 8, 8, 8, 8, 8, 8, 8, 8, 8, 8, 8, 8), (8, 8, 8, 8, 8, 8, 8, 8, 8, 8, 8, 8, 8, 8, 8, 8, 8, 8, 8, 8), (8, 8, 8, 8, 8, 8, 8, 8, 8, 8, 8, 8, 8, 8, 8, 8, 8, 8, 8, 8), (8, 8, 8, 8, 8, 8, 8, 8, 8, 8, 8, 8, 8, 8, 8, 8, 8, 8, 8, 8), (8, 8, 8, 8, 8, 8, 8, 8, 8, 8, 8, 8, 8, 8, 8, 8, 8, 8, 8, 8), (8, 8, 8, 8, 8, 8, 8, 8, 8, 8, 8, 8, 8, 8, 8, 8, 8, 8, 8, 8), (8, 8, 8, 8, 8, 8, 8, 8, 8, 8, 8, 8, 8, 8, 8, 8, 8, 8, 8, 8), (8, 8, 8, 8, 8, 8, 8, 8, 8, 8, 8, 8, 8, 8, 8, 8, 8, 8, 8, 8), (8, 8, 8, 8, 8, 8, 8, 8, 8, 8, 8, 8, 8, 8, 8, 8, 8, 8, 8, 8), (8, 8, 8, 8, 8, 8, 8, 8, 8, 8, 8, 8, 8, 8, 8, 8, 8, 8, 8, 8), (8, 8, 8, 8, 8, 8, 8, 8, 8, 8, 8, 8, 8, 8, 8, 8, 8, 8, 8, 8), (8, 8, 8, 8, 8, 8, 8, 8, 8, 8, 8, 8, 8, 8, 8, 8, 8, 8, 8, 8), (8, 8, 8, 8, 8, 8, 8, 8, 8, 8, 8, 8, 8, 8, 8, 8, 8, 8, 8, 8), (8, 8, 8, 8, 8, 8, 8, 8, 8, 8, 8, 8, 8, 8, 8, 8, 8, 8, 8, 8))
loci: 0, locj: 12
Updated go after painting: ((1, 3, 7, 9, 7, 5, 5, 7, 9, 7, 3, 1, 1, 3, 7, 9, 7, 5, 8, 8), (1, 7, 3, 2, 9, 8, 8, 9, 2, 3, 7, 1, 1, 7, 3, 2, 9, 8, 8, 8), (5, 6, 0, 7, 0, 3, 3, 0, 7, 0, 6, 5, 5, 6, 0, 7, 0, 3, 8, 8), (2, 9, 6, 2, 3, 5, 5, 3, 2, 6, 9, 2, 2, 9, 6, 2, 3, 5, 8, 8), (7, 3, 7, 1, 8, 6, 6, 8, 1, 7, 3, 7, 7, 3, 7, 1, 8, 6, 8, 8), (1, 3, 7, 3, 8, 9, 9, 8, 3, 7, 3, 1, 1, 3, 7, 3, 8, 9, 8, 8), (5, 6, 3, 9, 8, 7, 7, 8, 9, 3, 6, 5, 5, 6, 3, 9, 8, 7, 8, 8), (8, 6, 7, 9, 0, 2, 2, 0, 9, 7, 6, 8, 8, 6, 7, 9, 0, 2, 8, 8), (1, 2, 9, 6, 5, 2, 2, 5, 6, 9, 2, 1, 1, 2, 9, 6, 5, 2, 8, 8), (1, 6, 0, 6, 6, 8, 8, 6, 6, 0, 6, 1, 1, 6, 0, 6, 6, 8, 8, 8), (8, 9, 8, 2, 5, 7, 7, 5, 2, 8, 9, 8, 8, 9, 8, 2, 5, 7, 8, 8), (5, 3, 7, 2, 8, 8, 8, 8, 2, 7, 3, 5, 5, 3, 7, 2, 8, 8, 8, 8), (8, 8, 8, 8, 8, 8, 8, 8, 8, 8, 8, 8, 8, 8, 8, 8, 8, 8, 8, 8), (8, 8, 8, 8, 8, 8, 8, 8, 8, 8, 8, 8, 8, 8, 8, 8, 8, 8, 8, 8), (8, 8, 8, 8, 8, 8, 8, 8, 8, 8, 8, 8, 8, 8, 8, 8, 8, 8, 8, 8), (8, 8, 8, 8, 8, 8, 8, 8, 8, 8, 8, 8, 8, 8, 8, 8, 8, 8, 8, 8), (8, 8, 8, 8, 8, 8, 8, 8, 8, 8, 8, 8, 8, 8, 8, 8, 8, 8, 8, 8), (8, 8, 8, 8, 8, 8, 8, 8, 8, 8, 8, 8, 8, 8, 8, 8, 8, 8, 8, 8), (8, 8, 8, 8, 8, 8, 8, 8, 8, 8, 8, 8, 8, 8, 8, 8, 8, 8, 8, 8), (8, 8, 8, 8, 8, 8, 8, 8, 8, 8, 8, 8, 8, 8, 8, 8, 8, 8, 8, 8), (8, 8, 8, 8, 8, 8, 8, 8, 8, 8, 8, 8, 8, 8, 8, 8, 8, 8, 8, 8), (8, 8, 8, 8, 8, 8, 8, 8, 8, 8, 8, 8, 8, 8, 8, 8, 8, 8, 8, 8), (8, 8, 8, 8, 8, 8, 8, 8, 8, 8, 8, 8, 8, 8, 8, 8, 8, 8, 8, 8), (8, 8, 8, 8, 8, 8, 8, 8, 8, 8, 8, 8, 8, 8, 8, 8, 8, 8, 8, 8), (8, 8, 8, 8, 8, 8, 8, 8, 8, 8, 8, 8, 8, 8, 8, 8, 8, 8, 8, 8), (8, 8, 8, 8, 8, 8, 8, 8, 8, 8, 8, 8, 8, 8, 8, 8, 8, 8, 8, 8), (8, 8, 8, 8, 8, 8, 8, 8, 8, 8, 8, 8, 8, 8, 8, 8, 8, 8, 8, 8))
loci: 0, locj: 18
Updated go after painting: ((1, 3, 7, 9, 7, 5, 5, 7, 9, 7, 3, 1, 1, 3, 7, 9, 7, 5, 5, 7), (1, 7, 3, 2, 9, 8, 8, 9, 2, 3, 7, 1, 1, 7, 3, 2, 9, 8, 8, 9), (5, 6, 0, 7, 0, 3, 3, 0, 7, 0, 6, 5, 5, 6, 0, 7, 0, 3, 3, 0), (2, 9, 6, 2, 3, 5, 5, 3, 2, 6, 9, 2, 2, 9, 6, 2, 3, 5, 5, 3), (7, 3, 7, 1, 8, 6, 6, 8, 1, 7, 3, 7, 7, 3, 7, 1, 8, 6, 6, 8), (1, 3, 7, 3, 8, 9, 9, 8, 3, 7, 3, 1, 1, 3, 7, 3, 8, 9, 9, 8), (5, 6, 3, 9, 8, 7, 7, 8, 9, 3, 6, 5, 5, 6, 3, 9, 8, 7, 7, 8), (8, 6, 7, 9, 0, 2, 2, 0, 9, 7, 6, 8, 8, 6, 7, 9, 0, 2, 2, 0), (1, 2, 9, 6, 5, 2, 2, 5, 6, 9, 2, 1, 1, 2, 9, 6, 5, 2, 2, 5), (1, 6, 0, 6, 6, 8, 8, 6, 6, 0, 6, 1, 1, 6, 0, 6, 6, 8, 8, 6), (8, 9, 8, 2, 5, 7, 7, 5, 2, 8, 9, 8, 8, 9, 8, 2, 5, 7, 7, 5), (5, 3, 7, 2, 8, 8, 8, 8, 2, 7, 3, 5, 5, 3, 7, 2, 8, 8, 8, 8), (8, 8, 8, 8, 8, 8, 8, 8, 8, 8, 8, 8, 8, 8, 8, 8, 8, 8, 8, 8), (8, 8, 8, 8, 8, 8, 8, 8, 8, 8, 8, 8, 8, 8, 8, 8, 8, 8, 8, 8), (8, 8, 8, 8, 8, 8, 8, 8, 8, 8, 8, 8, 8, 8, 8, 8, 8, 8, 8, 8), (8, 8, 8, 8, 8, 8, 8, 8, 8, 8, 8, 8, 8, 8, 8, 8, 8, 8, 8, 8), (8, 8, 8, 8, 8, 8, 8, 8, 8, 8, 8, 8, 8, 8, 8, 8, 8, 8, 8, 8), (8, 8, 8, 8, 8, 8, 8, 8, 8, 8, 8, 8, 8, 8, 8, 8, 8, 8, 8, 8), (8, 8, 8, 8, 8, 8, 8, 8, 8, 8, 8, 8, 8, 8, 8, 8, 8, 8, 8, 8), (8, 8, 8, 8, 8, 8, 8, 8, 8, 8, 8, 8, 8, 8, 8, 8, 8, 8, 8, 8), (8, 8, 8, 8, 8, 8, 8, 8, 8, 8, 8, 8, 8, 8, 8, 8, 8, 8, 8, 8), (8, 8, 8, 8, 8, 8, 8, 8, 8, 8, 8, 8, 8, 8, 8, 8, 8, 8, 8, 8), (8, 8, 8, 8, 8, 8, 8, 8, 8, 8, 8, 8, 8, 8, 8, 8, 8, 8, 8, 8), (8, 8, 8, 8, 8, 8, 8, 8, 8, 8, 8, 8, 8, 8, 8, 8, 8, 8, 8, 8), (8, 8, 8, 8, 8, 8, 8, 8, 8, 8, 8, 8, 8, 8, 8, 8, 8, 8, 8, 8), (8, 8, 8, 8, 8, 8, 8, 8, 8, 8, 8, 8, 8, 8, 8, 8, 8, 8, 8, 8), (8, 8, 8, 8, 8, 8, 8, 8, 8, 8, 8, 8, 8, 8, 8, 8, 8, 8, 8, 8))
loci: 12, locj: 0
Updated go after painting: ((1, 3, 7, 9, 7, 5, 5, 7, 9, 7, 3, 1, 1, 3, 7, 9, 7, 5, 5, 7), (1, 7, 3, 2, 9, 8, 8, 9, 2, 3, 7, 1, 1, 7, 3, 2, 9, 8, 8, 9), (5, 6, 0, 7, 0, 3, 3, 0, 7, 0, 6, 5, 5, 6, 0, 7, 0, 3, 3, 0), (2, 9, 6, 2, 3, 5, 5, 3, 2, 6, 9, 2, 2, 9, 6, 2, 3, 5, 5, 3), (7, 3, 7, 1, 8, 6, 6, 8, 1, 7, 3, 7, 7, 3, 7, 1, 8, 6, 6, 8), (1, 3, 7, 3, 8, 9, 9, 8, 3, 7, 3, 1, 1, 3, 7, 3, 8, 9, 9, 8), (5, 6, 3, 9, 8, 7, 7, 8, 9, 3, 6, 5, 5, 6, 3, 9, 8, 7, 7, 8), (8, 6, 7, 9, 0, 2, 2, 0, 9, 7, 6, 8, 8, 6, 7, 9, 0, 2, 2, 0), (1, 2, 9, 6, 5, 2, 2, 5, 6, 9, 2, 1, 1, 2, 9, 6, 5, 2, 2, 5), (1, 6, 0, 6, 6, 8, 8, 6, 6, 0, 6, 1, 1, 6, 0, 6, 6, 8, 8, 6), (8, 9, 8, 2, 5, 7, 7, 5, 2, 8, 9, 8, 8, 9, 8, 2, 5, 7, 7, 5), (5, 3, 7, 2, 8, 8, 8, 8, 2, 7, 3, 5, 5, 3, 7, 2, 8, 8, 8, 8), (5, 3, 7, 2, 8, 8, 8, 8, 8, 8, 8, 8, 8, 8, 8, 8, 8, 8, 8, 8), (8, 9, 8, 2, 5, 7, 8, 8, 8, 8, 8, 8, 8, 8, 8, 8, 8, 8, 8, 8), (1, 6, 0, 6, 6, 8, 8, 8, 8, 8, 8, 8, 8, 8, 8, 8, 8, 8, 8, 8), (1, 2, 9, 6, 5, 2, 8, 8, 8, 8, 8, 8, 8, 8, 8, 8, 8, 8, 8, 8), (8, 6, 7, 9, 0, 2, 8, 8, 8, 8, 8, 8, 8, 8, 8, 8, 8, 8, 8, 8), (5, 6, 3, 9, 8, 7, 8, 8, 8, 8, 8, 8, 8, 8, 8, 8, 8, 8, 8, 8), (1, 3, 7, 3, 8, 9, 8, 8, 8, 8, 8, 8, 8, 8, 8, 8, 8, 8, 8, 8), (7, 3, 7, 1, 8, 6, 8, 8, 8, 8, 8, 8, 8, 8, 8, 8, 8, 8, 8, 8), (2, 9, 6, 2, 3, 5, 8, 8, 8, 8, 8, 8, 8, 8, 8, 8, 8, 8, 8, 8), (5, 6, 0, 7, 0, 3, 8, 8, 8, 8, 8, 8, 8, 8, 8, 8, 8, 8, 8, 8), (1, 7, 3, 2, 9, 8, 8, 8, 8, 8, 8, 8, 8, 8, 8, 8, 8, 8, 8, 8), (1, 3, 7, 9, 7, 5, 8, 8, 8, 8, 8, 8, 8, 8, 8, 8, 8, 8, 8, 8), (8, 8, 8, 8, 8, 8, 8, 8, 8, 8, 8, 8, 8, 8, 8, 8, 8, 8, 8, 8), (8, 8, 8, 8, 8, 8, 8, 8, 8, 8, 8, 8, 8, 8, 8, 8, 8, 8, 8, 8), (8, 8, 8, 8, 8, 8, 8, 8, 8, 8, 8, 8, 8, 8, 8, 8, 8, 8, 8, 8))
loci: 12, locj: 6
Updated go after painting: ((1, 3, 7, 9, 7, 5, 5, 7, 9, 7, 3, 1, 1, 3, 7, 9, 7, 5, 5, 7), (1, 7, 3, 2, 9, 8, 8, 9, 2, 3, 7, 1, 1, 7, 3, 2, 9, 8, 8, 9), (5, 6, 0, 7, 0, 3, 3, 0, 7, 0, 6, 5, 5, 6, 0, 7, 0, 3, 3, 0), (2, 9, 6, 2, 3, 5, 5, 3, 2, 6, 9, 2, 2, 9, 6, 2, 3, 5, 5, 3), (7, 3, 7, 1, 8, 6, 6, 8, 1, 7, 3, 7, 7, 3, 7, 1, 8, 6, 6, 8), (1, 3, 7, 3, 8, 9, 9, 8, 3, 7, 3, 1, 1, 3, 7, 3, 8, 9, 9, 8), (5, 6, 3, 9, 8, 7, 7, 8, 9, 3, 6, 5, 5, 6, 3, 9, 8, 7, 7, 8), (8, 6, 7, 9, 0, 2, 2, 0, 9, 7, 6, 8, 8, 6, 7, 9, 0, 2, 2, 0), (1, 2, 9, 6, 5, 2, 2, 5, 6, 9, 2, 1, 1, 2, 9, 6, 5, 2, 2, 5), (1, 6, 0, 6, 6, 8, 8, 6, 6, 0, 6, 1, 1, 6, 0, 6, 6, 8, 8, 6), (8, 9, 8, 2, 5, 7, 7, 5, 2, 8, 9, 8, 8, 9, 8, 2, 5, 7, 7, 5), (5, 3, 7, 2, 8, 8, 8, 8, 2, 7, 3, 5, 5, 3, 7, 2, 8, 8, 8, 8), (5, 3, 7, 2, 8, 8, 8, 8, 2, 7, 3, 5, 8, 8, 8, 8, 8, 8, 8, 8), (8, 9, 8, 2, 5, 7, 7, 5, 2, 8, 9, 8, 8, 8, 8, 8, 8, 8, 8, 8), (1, 6, 0, 6, 6, 8, 8, 6, 6, 0, 6, 1, 8, 8, 8, 8, 8, 8, 8, 8), (1, 2, 9, 6, 5, 2, 2, 5, 6, 9, 2, 1, 8, 8, 8, 8, 8, 8, 8, 8), (8, 6, 7, 9, 0, 2, 2, 0, 9, 7, 6, 8, 8, 8, 8, 8, 8, 8, 8, 8), (5, 6, 3, 9, 8, 7, 7, 8, 9, 3, 6, 5, 8, 8, 8, 8, 8, 8, 8, 8), (1, 3, 7, 3, 8, 9, 9, 8, 3, 7, 3, 1, 8, 8, 8, 8, 8, 8, 8, 8), (7, 3, 7, 1, 8, 6, 6, 8, 1, 7, 3, 7, 8, 8, 8, 8, 8, 8, 8, 8), (2, 9, 6, 2, 3, 5, 5, 3, 2, 6, 9, 2, 8, 8, 8, 8, 8, 8, 8, 8), (5, 6, 0, 7, 0, 3, 3, 0, 7, 0, 6, 5, 8, 8, 8, 8, 8, 8, 8, 8), (1, 7, 3, 2, 9, 8, 8, 9, 2, 3, 7, 1, 8, 8, 8, 8, 8, 8, 8, 8), (1, 3, 7, 9, 7, 5, 5, 7, 9, 7, 3, 1, 8, 8, 8, 8, 8, 8, 8, 8), (8, 8, 8, 8, 8, 8, 8, 8, 8, 8, 8, 8, 8, 8, 8, 8, 8, 8, 8, 8), (8, 8, 8, 8, 8, 8, 8, 8, 8, 8, 8, 8, 8, 8, 8, 8, 8, 8, 8, 8), (8, 8, 8, 8, 8, 8, 8, 8, 8, 8, 8, 8, 8, 8, 8, 8, 8, 8, 8, 8))
loci: 12, locj: 12
Updated go after painting: ((1, 3, 7, 9, 7, 5, 5, 7, 9, 7, 3, 1, 1, 3, 7, 9, 7, 5, 5, 7), (1, 7, 3, 2, 9, 8, 8, 9, 2, 3, 7, 1, 1, 7, 3, 2, 9, 8, 8, 9), (5, 6, 0, 7, 0, 3, 3, 0, 7, 0, 6, 5, 5, 6, 0, 7, 0, 3, 3, 0), (2, 9, 6, 2, 3, 5, 5, 3, 2, 6, 9, 2, 2, 9, 6, 2, 3, 5, 5, 3), (7, 3, 7, 1, 8, 6, 6, 8, 1, 7, 3, 7, 7, 3, 7, 1, 8, 6, 6, 8), (1, 3, 7, 3, 8, 9, 9, 8, 3, 7, 3, 1, 1, 3, 7, 3, 8, 9, 9, 8), (5, 6, 3, 9, 8, 7, 7, 8, 9, 3, 6, 5, 5, 6, 3, 9, 8, 7, 7, 8), (8, 6, 7, 9, 0, 2, 2, 0, 9, 7, 6, 8, 8, 6, 7, 9, 0, 2, 2, 0), (1, 2, 9, 6, 5, 2, 2, 5, 6, 9, 2, 1, 1, 2, 9, 6, 5, 2, 2, 5), (1, 6, 0, 6, 6, 8, 8, 6, 6, 0, 6, 1, 1, 6, 0, 6, 6, 8, 8, 6), (8, 9, 8, 2, 5, 7, 7, 5, 2, 8, 9, 8, 8, 9, 8, 2, 5, 7, 7, 5), (5, 3, 7, 2, 8, 8, 8, 8, 2, 7, 3, 5, 5, 3, 7, 2, 8, 8, 8, 8), (5, 3, 7, 2, 8, 8, 8, 8, 2, 7, 3, 5, 5, 3, 7, 2, 8, 8, 8, 8), (8, 9, 8, 2, 5, 7, 7, 5, 2, 8, 9, 8, 8, 9, 8, 2, 5, 7, 8, 8), (1, 6, 0, 6, 6, 8, 8, 6, 6, 0, 6, 1, 1, 6, 0, 6, 6, 8, 8, 8), (1, 2, 9, 6, 5, 2, 2, 5, 6, 9, 2, 1, 1, 2, 9, 6, 5, 2, 8, 8), (8, 6, 7, 9, 0, 2, 2, 0, 9, 7, 6, 8, 8, 6, 7, 9, 0, 2, 8, 8), (5, 6, 3, 9, 8, 7, 7, 8, 9, 3, 6, 5, 5, 6, 3, 9, 8, 7, 8, 8), (1, 3, 7, 3, 8, 9, 9, 8, 3, 7, 3, 1, 1, 3, 7, 3, 8, 9, 8, 8), (7, 3, 7, 1, 8, 6, 6, 8, 1, 7, 3, 7, 7, 3, 7, 1, 8, 6, 8, 8), (2, 9, 6, 2, 3, 5, 5, 3, 2, 6, 9, 2, 2, 9, 6, 2, 3, 5, 8, 8), (5, 6, 0, 7, 0, 3, 3, 0, 7, 0, 6, 5, 5, 6, 0, 7, 0, 3, 8, 8), (1, 7, 3, 2, 9, 8, 8, 9, 2, 3, 7, 1, 1, 7, 3, 2, 9, 8, 8, 8), (1, 3, 7, 9, 7, 5, 5, 7, 9, 7, 3, 1, 1, 3, 7, 9, 7, 5, 8, 8), (8, 8, 8, 8, 8, 8, 8, 8, 8, 8, 8, 8, 8, 8, 8, 8, 8, 8, 8, 8), (8, 8, 8, 8, 8, 8, 8, 8, 8, 8, 8, 8, 8, 8, 8, 8, 8, 8, 8, 8), (8, 8, 8, 8, 8, 8, 8, 8, 8, 8, 8, 8, 8, 8, 8, 8, 8, 8, 8, 8))
loci: 12, locj: 18
Updated go after painting: ((1, 3, 7, 9, 7, 5, 5, 7, 9, 7, 3, 1, 1, 3, 7, 9, 7, 5, 5, 7), (1, 7, 3, 2, 9, 8, 8, 9, 2, 3, 7, 1, 1, 7, 3, 2, 9, 8, 8, 9), (5, 6, 0, 7, 0, 3, 3, 0, 7, 0, 6, 5, 5, 6, 0, 7, 0, 3, 3, 0), (2, 9, 6, 2, 3, 5, 5, 3, 2, 6, 9, 2, 2, 9, 6, 2, 3, 5, 5, 3), (7, 3, 7, 1, 8, 6, 6, 8, 1, 7, 3, 7, 7, 3, 7, 1, 8, 6, 6, 8), (1, 3, 7, 3, 8, 9, 9, 8, 3, 7, 3, 1, 1, 3, 7, 3, 8, 9, 9, 8), (5, 6, 3, 9, 8, 7, 7, 8, 9, 3, 6, 5, 5, 6, 3, 9, 8, 7, 7, 8), (8, 6, 7, 9, 0, 2, 2, 0, 9, 7, 6, 8, 8, 6, 7, 9, 0, 2, 2, 0), (1, 2, 9, 6, 5, 2, 2, 5, 6, 9, 2, 1, 1, 2, 9, 6, 5, 2, 2, 5), (1, 6, 0, 6, 6, 8, 8, 6, 6, 0, 6, 1, 1, 6, 0, 6, 6, 8, 8, 6), (8, 9, 8, 2, 5, 7, 7, 5, 2, 8, 9, 8, 8, 9, 8, 2, 5, 7, 7, 5), (5, 3, 7, 2, 8, 8, 8, 8, 2, 7, 3, 5, 5, 3, 7, 2, 8, 8, 8, 8), (5, 3, 7, 2, 8, 8, 8, 8, 2, 7, 3, 5, 5, 3, 7, 2, 8, 8, 8, 8), (8, 9, 8, 2, 5, 7, 7, 5, 2, 8, 9, 8, 8, 9, 8, 2, 5, 7, 7, 5), (1, 6, 0, 6, 6, 8, 8, 6, 6, 0, 6, 1, 1, 6, 0, 6, 6, 8, 8, 6), (1, 2, 9, 6, 5, 2, 2, 5, 6, 9, 2, 1, 1, 2, 9, 6, 5, 2, 2, 5), (8, 6, 7, 9, 0, 2, 2, 0, 9, 7, 6, 8, 8, 6, 7, 9, 0, 2, 2, 0), (5, 6, 3, 9, 8, 7, 7, 8, 9, 3, 6, 5, 5, 6, 3, 9, 8, 7, 7, 8), (1, 3, 7, 3, 8, 9, 9, 8, 3, 7, 3, 1, 1, 3, 7, 3, 8, 9, 9, 8), (7, 3, 7, 1, 8, 6, 6, 8, 1, 7, 3, 7, 7, 3, 7, 1, 8, 6, 6, 8), (2, 9, 6, 2, 3, 5, 5, 3, 2, 6, 9, 2, 2, 9, 6, 2, 3, 5, 5, 3), (5, 6, 0, 7, 0, 3, 3, 0, 7, 0, 6, 5, 5, 6, 0, 7, 0, 3, 3, 0), (1, 7, 3, 2, 9, 8, 8, 9, 2, 3, 7, 1, 1, 7, 3, 2, 9, 8, 8, 9), (1, 3, 7, 9, 7, 5, 5, 7, 9, 7, 3, 1, 1, 3, 7, 9, 7, 5, 5, 7), (8, 8, 8, 8, 8, 8, 8, 8, 8, 8, 8, 8, 8, 8, 8, 8, 8, 8, 8, 8), (8, 8, 8, 8, 8, 8, 8, 8, 8, 8, 8, 8, 8, 8, 8, 8, 8, 8, 8, 8), (8, 8, 8, 8, 8, 8, 8, 8, 8, 8, 8, 8, 8, 8, 8, 8, 8, 8, 8, 8))
loci: 24, locj: 0
Updated go after painting: ((1, 3, 7, 9, 7, 5, 5, 7, 9, 7, 3, 1, 1, 3, 7, 9, 7, 5, 5, 7), (1, 7, 3, 2, 9, 8, 8, 9, 2, 3, 7, 1, 1, 7, 3, 2, 9, 8, 8, 9), (5, 6, 0, 7, 0, 3, 3, 0, 7, 0, 6, 5, 5, 6, 0, 7, 0, 3, 3, 0), (2, 9, 6, 2, 3, 5, 5, 3, 2, 6, 9, 2, 2, 9, 6, 2, 3, 5, 5, 3), (7, 3, 7, 1, 8, 6, 6, 8, 1, 7, 3, 7, 7, 3, 7, 1, 8, 6, 6, 8), (1, 3, 7, 3, 8, 9, 9, 8, 3, 7, 3, 1, 1, 3, 7, 3, 8, 9, 9, 8), (5, 6, 3, 9, 8, 7, 7, 8, 9, 3, 6, 5, 5, 6, 3, 9, 8, 7, 7, 8), (8, 6, 7, 9, 0, 2, 2, 0, 9, 7, 6, 8, 8, 6, 7, 9, 0, 2, 2, 0), (1, 2, 9, 6, 5, 2, 2, 5, 6, 9, 2, 1, 1, 2, 9, 6, 5, 2, 2, 5), (1, 6, 0, 6, 6, 8, 8, 6, 6, 0, 6, 1, 1, 6, 0, 6, 6, 8, 8, 6), (8, 9, 8, 2, 5, 7, 7, 5, 2, 8, 9, 8, 8, 9, 8, 2, 5, 7, 7, 5), (5, 3, 7, 2, 8, 8, 8, 8, 2, 7, 3, 5, 5, 3, 7, 2, 8, 8, 8, 8), (5, 3, 7, 2, 8, 8, 8, 8, 2, 7, 3, 5, 5, 3, 7, 2, 8, 8, 8, 8), (8, 9, 8, 2, 5, 7, 7, 5, 2, 8, 9, 8, 8, 9, 8, 2, 5, 7, 7, 5), (1, 6, 0, 6, 6, 8, 8, 6, 6, 0, 6, 1, 1, 6, 0, 6, 6, 8, 8, 6), (1, 2, 9, 6, 5, 2, 2, 5, 6, 9, 2, 1, 1, 2, 9, 6, 5, 2, 2, 5), (8, 6, 7, 9, 0, 2, 2, 0, 9, 7, 6, 8, 8, 6, 7, 9, 0, 2, 2, 0), (5, 6, 3, 9, 8, 7, 7, 8, 9, 3, 6, 5, 5, 6, 3, 9, 8, 7, 7, 8), (1, 3, 7, 3, 8, 9, 9, 8, 3, 7, 3, 1, 1, 3, 7, 3, 8, 9, 9, 8), (7, 3, 7, 1, 8, 6, 6, 8, 1, 7, 3, 7, 7, 3, 7, 1, 8, 6, 6, 8), (2, 9, 6, 2, 3, 5, 5, 3, 2, 6, 9, 2, 2, 9, 6, 2, 3, 5, 5, 3), (5, 6, 0, 7, 0, 3, 3, 0, 7, 0, 6, 5, 5, 6, 0, 7, 0, 3, 3, 0), (1, 7, 3, 2, 9, 8, 8, 9, 2, 3, 7, 1, 1, 7, 3, 2, 9, 8, 8, 9), (1, 3, 7, 9, 7, 5, 5, 7, 9, 7, 3, 1, 1, 3, 7, 9, 7, 5, 5, 7), (1, 3, 7, 9, 7, 5, 8, 8, 8, 8, 8, 8, 8, 8, 8, 8, 8, 8, 8, 8), (1, 7, 3, 2, 9, 8, 8, 8, 8, 8, 8, 8, 8, 8, 8, 8, 8, 8, 8, 8), (5, 6, 0, 7, 0, 3, 8, 8, 8, 8, 8, 8, 8, 8, 8, 8, 8, 8, 8, 8))
loci: 24, locj: 6
Updated go after painting: ((1, 3, 7, 9, 7, 5, 5, 7, 9, 7, 3, 1, 1, 3, 7, 9, 7, 5, 5, 7), (1, 7, 3, 2, 9, 8, 8, 9, 2, 3, 7, 1, 1, 7, 3, 2, 9, 8, 8, 9), (5, 6, 0, 7, 0, 3, 3, 0, 7, 0, 6, 5, 5, 6, 0, 7, 0, 3, 3, 0), (2, 9, 6, 2, 3, 5, 5, 3, 2, 6, 9, 2, 2, 9, 6, 2, 3, 5, 5, 3), (7, 3, 7, 1, 8, 6, 6, 8, 1, 7, 3, 7, 7, 3, 7, 1, 8, 6, 6, 8), (1, 3, 7, 3, 8, 9, 9, 8, 3, 7, 3, 1, 1, 3, 7, 3, 8, 9, 9, 8), (5, 6, 3, 9, 8, 7, 7, 8, 9, 3, 6, 5, 5, 6, 3, 9, 8, 7, 7, 8), (8, 6, 7, 9, 0, 2, 2, 0, 9, 7, 6, 8, 8, 6, 7, 9, 0, 2, 2, 0), (1, 2, 9, 6, 5, 2, 2, 5, 6, 9, 2, 1, 1, 2, 9, 6, 5, 2, 2, 5), (1, 6, 0, 6, 6, 8, 8, 6, 6, 0, 6, 1, 1, 6, 0, 6, 6, 8, 8, 6), (8, 9, 8, 2, 5, 7, 7, 5, 2, 8, 9, 8, 8, 9, 8, 2, 5, 7, 7, 5), (5, 3, 7, 2, 8, 8, 8, 8, 2, 7, 3, 5, 5, 3, 7, 2, 8, 8, 8, 8), (5, 3, 7, 2, 8, 8, 8, 8, 2, 7, 3, 5, 5, 3, 7, 2, 8, 8, 8, 8), (8, 9, 8, 2, 5, 7, 7, 5, 2, 8, 9, 8, 8, 9, 8, 2, 5, 7, 7, 5), (1, 6, 0, 6, 6, 8, 8, 6, 6, 0, 6, 1, 1, 6, 0, 6, 6, 8, 8, 6), (1, 2, 9, 6, 5, 2, 2, 5, 6, 9, 2, 1, 1, 2, 9, 6, 5, 2, 2, 5), (8, 6, 7, 9, 0, 2, 2, 0, 9, 7, 6, 8, 8, 6, 7, 9, 0, 2, 2, 0), (5, 6, 3, 9, 8, 7, 7, 8, 9, 3, 6, 5, 5, 6, 3, 9, 8, 7, 7, 8), (1, 3, 7, 3, 8, 9, 9, 8, 3, 7, 3, 1, 1, 3, 7, 3, 8, 9, 9, 8), (7, 3, 7, 1, 8, 6, 6, 8, 1, 7, 3, 7, 7, 3, 7, 1, 8, 6, 6, 8), (2, 9, 6, 2, 3, 5, 5, 3, 2, 6, 9, 2, 2, 9, 6, 2, 3, 5, 5, 3), (5, 6, 0, 7, 0, 3, 3, 0, 7, 0, 6, 5, 5, 6, 0, 7, 0, 3, 3, 0), (1, 7, 3, 2, 9, 8, 8, 9, 2, 3, 7, 1, 1, 7, 3, 2, 9, 8, 8, 9), (1, 3, 7, 9, 7, 5, 5, 7, 9, 7, 3, 1, 1, 3, 7, 9, 7, 5, 5, 7), (1, 3, 7, 9, 7, 5, 5, 7, 9, 7, 3, 1, 8, 8, 8, 8, 8, 8, 8, 8), (1, 7, 3, 2, 9, 8, 8, 9, 2, 3, 7, 1, 8, 8, 8, 8, 8, 8, 8, 8), (5, 6, 0, 7, 0, 3, 3, 0, 7, 0, 6, 5, 8, 8, 8, 8, 8, 8, 8, 8))
loci: 24, locj: 12
Updated go after painting: ((1, 3, 7, 9, 7, 5, 5, 7, 9, 7, 3, 1, 1, 3, 7, 9, 7, 5, 5, 7), (1, 7, 3, 2, 9, 8, 8, 9, 2, 3, 7, 1, 1, 7, 3, 2, 9, 8, 8, 9), (5, 6, 0, 7, 0, 3, 3, 0, 7, 0, 6, 5, 5, 6, 0, 7, 0, 3, 3, 0), (2, 9, 6, 2, 3, 5, 5, 3, 2, 6, 9, 2, 2, 9, 6, 2, 3, 5, 5, 3), (7, 3, 7, 1, 8, 6, 6, 8, 1, 7, 3, 7, 7, 3, 7, 1, 8, 6, 6, 8), (1, 3, 7, 3, 8, 9, 9, 8, 3, 7, 3, 1, 1, 3, 7, 3, 8, 9, 9, 8), (5, 6, 3, 9, 8, 7, 7, 8, 9, 3, 6, 5, 5, 6, 3, 9, 8, 7, 7, 8), (8, 6, 7, 9, 0, 2, 2, 0, 9, 7, 6, 8, 8, 6, 7, 9, 0, 2, 2, 0), (1, 2, 9, 6, 5, 2, 2, 5, 6, 9, 2, 1, 1, 2, 9, 6, 5, 2, 2, 5), (1, 6, 0, 6, 6, 8, 8, 6, 6, 0, 6, 1, 1, 6, 0, 6, 6, 8, 8, 6), (8, 9, 8, 2, 5, 7, 7, 5, 2, 8, 9, 8, 8, 9, 8, 2, 5, 7, 7, 5), (5, 3, 7, 2, 8, 8, 8, 8, 2, 7, 3, 5, 5, 3, 7, 2, 8, 8, 8, 8), (5, 3, 7, 2, 8, 8, 8, 8, 2, 7, 3, 5, 5, 3, 7, 2, 8, 8, 8, 8), (8, 9, 8, 2, 5, 7, 7, 5, 2, 8, 9, 8, 8, 9, 8, 2, 5, 7, 7, 5), (1, 6, 0, 6, 6, 8, 8, 6, 6, 0, 6, 1, 1, 6, 0, 6, 6, 8, 8, 6), (1, 2, 9, 6, 5, 2, 2, 5, 6, 9, 2, 1, 1, 2, 9, 6, 5, 2, 2, 5), (8, 6, 7, 9, 0, 2, 2, 0, 9, 7, 6, 8, 8, 6, 7, 9, 0, 2, 2, 0), (5, 6, 3, 9, 8, 7, 7, 8, 9, 3, 6, 5, 5, 6, 3, 9, 8, 7, 7, 8), (1, 3, 7, 3, 8, 9, 9, 8, 3, 7, 3, 1, 1, 3, 7, 3, 8, 9, 9, 8), (7, 3, 7, 1, 8, 6, 6, 8, 1, 7, 3, 7, 7, 3, 7, 1, 8, 6, 6, 8), (2, 9, 6, 2, 3, 5, 5, 3, 2, 6, 9, 2, 2, 9, 6, 2, 3, 5, 5, 3), (5, 6, 0, 7, 0, 3, 3, 0, 7, 0, 6, 5, 5, 6, 0, 7, 0, 3, 3, 0), (1, 7, 3, 2, 9, 8, 8, 9, 2, 3, 7, 1, 1, 7, 3, 2, 9, 8, 8, 9), (1, 3, 7, 9, 7, 5, 5, 7, 9, 7, 3, 1, 1, 3, 7, 9, 7, 5, 5, 7), (1, 3, 7, 9, 7, 5, 5, 7, 9, 7, 3, 1, 1, 3, 7, 9, 7, 5, 8, 8), (1, 7, 3, 2, 9, 8, 8, 9, 2, 3, 7, 1, 1, 7, 3, 2, 9, 8, 8, 8), (5, 6, 0, 7, 0, 3, 3, 0, 7, 0, 6, 5, 5, 6, 0, 7, 0, 3, 8, 8))
loci: 24, locj: 18
Updated go after painting: ((1, 3, 7, 9, 7, 5, 5, 7, 9, 7, 3, 1, 1, 3, 7, 9, 7, 5, 5, 7), (1, 7, 3, 2, 9, 8, 8, 9, 2, 3, 7, 1, 1, 7, 3, 2, 9, 8, 8, 9), (5, 6, 0, 7, 0, 3, 3, 0, 7, 0, 6, 5, 5, 6, 0, 7, 0, 3, 3, 0), (2, 9, 6, 2, 3, 5, 5, 3, 2, 6, 9, 2, 2, 9, 6, 2, 3, 5, 5, 3), (7, 3, 7, 1, 8, 6, 6, 8, 1, 7, 3, 7, 7, 3, 7, 1, 8, 6, 6, 8), (1, 3, 7, 3, 8, 9, 9, 8, 3, 7, 3, 1, 1, 3, 7, 3, 8, 9, 9, 8), (5, 6, 3, 9, 8, 7, 7, 8, 9, 3, 6, 5, 5, 6, 3, 9, 8, 7, 7, 8), (8, 6, 7, 9, 0, 2, 2, 0, 9, 7, 6, 8, 8, 6, 7, 9, 0, 2, 2, 0), (1, 2, 9, 6, 5, 2, 2, 5, 6, 9, 2, 1, 1, 2, 9, 6, 5, 2, 2, 5), (1, 6, 0, 6, 6, 8, 8, 6, 6, 0, 6, 1, 1, 6, 0, 6, 6, 8, 8, 6), (8, 9, 8, 2, 5, 7, 7, 5, 2, 8, 9, 8, 8, 9, 8, 2, 5, 7, 7, 5), (5, 3, 7, 2, 8, 8, 8, 8, 2, 7, 3, 5, 5, 3, 7, 2, 8, 8, 8, 8), (5, 3, 7, 2, 8, 8, 8, 8, 2, 7, 3, 5, 5, 3, 7, 2, 8, 8, 8, 8), (8, 9, 8, 2, 5, 7, 7, 5, 2, 8, 9, 8, 8, 9, 8, 2, 5, 7, 7, 5), (1, 6, 0, 6, 6, 8, 8, 6, 6, 0, 6, 1, 1, 6, 0, 6, 6, 8, 8, 6), (1, 2, 9, 6, 5, 2, 2, 5, 6, 9, 2, 1, 1, 2, 9, 6, 5, 2, 2, 5), (8, 6, 7, 9, 0, 2, 2, 0, 9, 7, 6, 8, 8, 6, 7, 9, 0, 2, 2, 0), (5, 6, 3, 9, 8, 7, 7, 8, 9, 3, 6, 5, 5, 6, 3, 9, 8, 7, 7, 8), (1, 3, 7, 3, 8, 9, 9, 8, 3, 7, 3, 1, 1, 3, 7, 3, 8, 9, 9, 8), (7, 3, 7, 1, 8, 6, 6, 8, 1, 7, 3, 7, 7, 3, 7, 1, 8, 6, 6, 8), (2, 9, 6, 2, 3, 5, 5, 3, 2, 6, 9, 2, 2, 9, 6, 2, 3, 5, 5, 3), (5, 6, 0, 7, 0, 3, 3, 0, 7, 0, 6, 5, 5, 6, 0, 7, 0, 3, 3, 0), (1, 7, 3, 2, 9, 8, 8, 9, 2, 3, 7, 1, 1, 7, 3, 2, 9, 8, 8, 9), (1, 3, 7, 9, 7, 5, 5, 7, 9, 7, 3, 1, 1, 3, 7, 9, 7, 5, 5, 7), (1, 3, 7, 9, 7, 5, 5, 7, 9, 7, 3, 1, 1, 3, 7, 9, 7, 5, 5, 7), (1, 7, 3, 2, 9, 8, 8, 9, 2, 3, 7, 1, 1, 7, 3, 2, 9, 8, 8, 9), (5, 6, 0, 7, 0, 3, 3, 0, 7, 0, 6, 5, 5, 6, 0, 7, 0, 3, 3, 0))
numpatches: 6
gi: ((1, 3, 7, 9, 7, 5, 5, 7, 9, 7, 3, 1, 1, 3, 7, 9, 7, 5, 5, 7), (1, 7, 3, 2, 9, 8, 8, 9, 2, 3, 7, 1, 1, 7, 3, 2, 9, 8, 8, 9), (5, 6, 0, 7, 0, 3, 3, 0, 7, 0, 6, 5, 5, 6, 0, 7, 0, 3, 3, 0), (2, 9, 6, 2, 3, 5, 5, 3, 2, 6, 9, 2, 2, 9, 6, 2, 3, 5, 5, 3), (7, 3, 7, 1, 8, 6, 6, 8, 1, 7, 3, 7, 7, 3, 7, 1, 8, 6, 6, 8), (1, 3, 7, 3, 8, 9, 9, 8, 3, 7, 3, 1, 1, 3, 7, 3, 8, 9, 9, 8), (5, 6, 3, 9, 8, 7, 7, 8, 9, 3, 6, 5, 5, 6, 3, 9, 8, 7, 7, 8), (8, 6, 7, 9, 0, 2, 2, 0, 9, 7, 6, 8, 8, 6, 7, 9, 0, 2, 2, 0), (1, 2, 9, 6, 5, 2, 2, 5, 6, 9, 2, 1, 1, 2, 9, 6, 5, 2, 2, 5), (1, 6, 0, 6, 6, 8, 8, 6, 6, 0, 6, 1, 1, 6, 0, 6, 6, 8, 8, 6), (8, 9, 8, 2, 5, 7, 7, 5, 2, 8, 9, 8, 8, 9, 8, 2, 5, 7, 7, 5), (5, 3, 7, 2, 8, 8, 8, 8, 2, 7, 3, 5, 5, 3, 7, 2, 8, 8, 8, 8), (5, 3, 7, 2, 8, 8, 8, 8, 2, 7, 3, 5, 5, 3, 7, 2, 8, 8, 8, 8), (8, 9, 8, 2, 5, 7, 7, 5, 2, 8, 9, 8, 8, 9, 8, 2, 5, 7, 7, 5), (1, 6, 0, 6, 6, 8, 8, 6, 6, 0, 6, 1, 1, 6, 0, 6, 6, 8, 8, 6), (1, 2, 9, 6, 5, 2, 2, 5, 6, 9, 2, 1, 1, 2, 9, 6, 5, 2, 2, 5), (8, 6, 7, 9, 0, 2, 2, 0, 9, 7, 6, 8, 8, 6, 7, 9, 0, 2, 2, 0), (5, 6, 3, 9, 8, 7, 7, 8, 9, 3, 6, 5, 5, 6, 3, 9, 8, 7, 7, 8), (1, 3, 7, 3, 8, 9, 9, 8, 3, 7, 3, 1, 1, 3, 7, 3, 8, 9, 9, 8), (7, 3, 7, 1, 8, 6, 6, 8, 1, 7, 3, 7, 7, 3, 7, 1, 8, 6, 6, 8), (2, 9, 6, 2, 3, 5, 5, 3, 2, 6, 9, 2, 2, 9, 6, 2, 3, 5, 5, 3), (5, 6, 0, 7, 0, 3, 3, 0, 7, 0, 6, 5, 5, 6, 0, 7, 0, 3, 3, 0), (1, 7, 3, 2, 9, 8, 8, 9, 2, 3, 7, 1, 1, 7, 3, 2, 9, 8, 8, 9), (1, 3, 7, 9, 7, 5, 5, 7, 9, 7, 3, 1, 1, 3, 7, 9, 7, 5, 5, 7), (1, 3, 7, 9, 7, 5, 5, 7, 9, 7, 3, 1, 1, 3, 7, 9, 7, 5, 5, 7), (1, 7, 3, 2, 9, 8, 8, 9, 2, 3, 7, 1, 1, 7, 3, 2, 9, 8, 8, 9), (5, 6, 0, 7, 0, 3, 3, 0, 7, 0, 6, 5, 5, 6, 0, 7, 0, 3, 3, 0))
places: {frozenset({(18, 17), (21, 16), (20, 14), (21, 13), (23, 16), (20, 17), (22, 14), (12, 13), (23, 13), (14, 16), (12, 16), (22, 17), (14, 13), (17, 12), (17, 15), (19, 12), (16, 14), (19, 15), (13, 14), (13, 17), (15, 14), (16, 16), (16, 13), (18, 16), (15, 17), (20, 13), (18, 13), (21, 12), (20, 16), (22, 13), (21, 15), (12, 12), (23, 12), (22, 16), (12, 15), (14, 12), (23, 15), (14, 15), (17, 14), (17, 17), (19, 14), (19, 17), (13, 16), (15, 13), (16, 12), (13, 13), (15, 16), (16, 15), (18, 12), (15, 15), (18, 15), (21, 14), (20, 12), (21, 17), (20, 15), (23, 14), (12, 14), (22, 12), (12, 17), (14, 14), (22, 15), (23, 17), (14, 17), (17, 16), (17, 13), (19, 16), (19, 13), (13, 12), (13, 15), (15, 12), (16, 17), (18, 14)}), frozenset({(4, 9), (3, 7), (4, 6), (3, 10), (5, 7), (5, 10), (8, 9), (10, 6), (9, 8), (8, 6), (10, 9), (1, 6), (9, 11), (0, 8), (2, 11), (11, 8), (11, 11), (2, 8), (0, 11), (1, 9), (7, 7), (6, 11), (7, 10), (6, 8), (3, 9), (5, 6), (4, 8), (3, 6), (5, 9), (4, 11), (9, 7), (8, 11), (9, 10), (8, 8), (0, 7), (11, 7), (10, 11), (11, 10), (10, 8), (0, 10), (2, 7), (1, 11), (2, 10), (1, 8), (7, 9), (6, 7), (7, 6), (6, 10), (4, 7), (3, 11), (4, 10), (3, 8), (5, 11), (5, 8), (9, 9), (8, 7), (9, 6), (8, 10), (0, 9), (10, 7), (0, 6), (11, 6), (10, 10), (1, 7), (2, 9), (2, 6), (11, 9), (1, 10), (6, 6), (7, 11), (6, 9), (7, 8)}), frozenset({(31, 5), (34, 4), (34, 1), (27, 1), (28, 0), (27, 4), (28, 3), (30, 0), (30, 3), (33, 2), (32, 0), (33, 5), (32, 3), (35, 2), (24, 2), (25, 1), (35, 5), (24, 5), (26, 2), (25, 4), (26, 5), (29, 4), (29, 1), (31, 4), (31, 1), (34, 0), (34, 3), (28, 2), (27, 0), (28, 5), (30, 2), (27, 3), (30, 5), (33, 4), (32, 2), (25, 0), (33, 1), (35, 4), (32, 5), (25, 3), (24, 1), (35, 1), (26, 4), (24, 4), (26, 1), (29, 0), (29, 3), (31, 0), (31, 3), (34, 2), (34, 5), (28, 4), (27, 2), (28, 1), (30, 4), (27, 5), (32, 1), (30, 1), (33, 0), (32, 4), (25, 2), (33, 3), (24, 0), (35, 0), (25, 5), (24, 3), (26, 0), (35, 3), (26, 3), (29, 2), (29, 5), (31, 2)}), frozenset({(31, 11), (31, 8), (34, 7), (34, 10), (28, 9), (27, 7), (30, 6), (28, 6), (27, 10), (30, 9), (32, 6), (33, 11), (32, 9), (33, 8), (25, 7), (35, 11), (24, 11), (25, 10), (24, 8), (35, 8), (26, 11), (26, 8), (29, 7), (29, 10), (31, 7), (34, 6), (31, 10), (34, 9), (27, 6), (28, 11), (27, 9), (28, 8), (30, 11), (30, 8), (33, 7), (32, 11), (25, 9), (32, 8), (33, 10), (25, 6), (24, 7), (35, 10), (35, 7), (29, 6), (24, 10), (26, 7), (26, 10), (29, 9), (31, 6), (31, 9), (34, 11), (34, 8), (27, 8), (28, 7), (27, 11), (28, 10), (30, 7), (30, 10), (33, 9), (24, 6), (32, 7), (33, 6), (35, 6), (32, 10), (24, 9), (25, 8), (26, 6), (35, 9), (26, 9), (25, 11), (29, 11), (29, 8)}), frozenset({(29, 14), (29, 17), (31, 14), (31, 17), (34, 16), (34, 13), (27, 13), (28, 12), (27, 16), (28, 15), (30, 12), (30, 15), (33, 14), (32, 12), (33, 17), (24, 14), (32, 15), (35, 14), (25, 13), (24, 17), (26, 14), (35, 17), (25, 16), (26, 17), (29, 16), (31, 13), (29, 13), (31, 16), (34, 12), (34, 15), (28, 14), (27, 12), (28, 17), (30, 14), (27, 15), (30, 17), (33, 16), (32, 14), (35, 13), (25, 12), (33, 13), (35, 16), (32, 17), (25, 15), (24, 13), (24, 16), (26, 16), (26, 13), (35, 15), (29, 12), (29, 15), (31, 12), (31, 15), (34, 14), (34, 17), (28, 16), (30, 13), (27, 14), (28, 13), (30, 16), (27, 17), (32, 13), (33, 12), (32, 16), (25, 14), (33, 15), (24, 12), (35, 12), (25, 17), (24, 15), (26, 12), (26, 15)}), frozenset({(26, 21), (25, 23), (32, 19), (29, 23), (31, 20), (29, 20), (31, 23), (34, 19), (34, 22), (28, 18), (28, 21), (27, 19), (30, 18), (27, 22), (30, 21), (32, 18), (24, 21), (33, 23), (32, 21), (33, 20), (25, 19), (24, 23), (26, 20), (35, 23), (24, 20), (35, 20), (26, 23), (25, 22), (29, 19), (29, 22), (31, 19), (34, 18), (31, 22), (34, 21), (35, 21), (27, 18), (28, 23), (27, 21), (28, 20), (30, 23), (32, 20), (30, 20), (33, 19), (35, 18), (32, 23), (25, 21), (33, 22), (24, 19), (25, 18), (35, 19), (35, 22), (24, 22), (29, 18), (26, 19), (26, 22), (29, 21), (31, 18), (31, 21), (34, 23), (34, 20), (27, 20), (28, 19), (27, 23), (28, 22), (30, 19), (33, 18), (30, 22), (33, 21), (24, 18), (32, 22), (26, 18), (25, 20)}), frozenset({(6, 18), (7, 23), (6, 21), (7, 20), (4, 21), (3, 19), (4, 18), (3, 22), (5, 19), (8, 18), (5, 22), (8, 21), (10, 18), (9, 20), (0, 23), (10, 21), (9, 23), (0, 20), (11, 20), (1, 18), (11, 23), (2, 23), (2, 20), (1, 21), (6, 20), (7, 19), (2, 21), (6, 23), (7, 22), (3, 18), (3, 21), (5, 18), (4, 20), (5, 21), (4, 23), (9, 19), (8, 23), (9, 22), (8, 20), (0, 19), (11, 19), (1, 20), (11, 22), (10, 20), (0, 22), (2, 19), (10, 23), (2, 22), (1, 23), (7, 21), (6, 19), (7, 18), (6, 22), (4, 19), (3, 23), (4, 22), (3, 20), (5, 23), (5, 20), (9, 21), (8, 19), (9, 18), (11, 18), (8, 22), (0, 21), (2, 18), (0, 18), (10, 19), (10, 22), (1, 19), (11, 21), (1, 22)}), frozenset({(4, 0), (3, 4), (4, 3), (3, 1), (5, 4), (5, 1), (8, 0), (9, 2), (9, 5), (0, 2), (8, 3), (10, 0), (11, 2), (0, 5), (2, 2), (1, 0), (11, 5), (10, 3), (2, 5), (1, 3), (7, 4), (6, 2), (7, 1), (6, 5), (4, 2), (3, 0), (4, 5), (3, 3), (5, 0), (5, 3), (8, 2), (9, 1), (11, 4), (8, 5), (10, 2), (9, 4), (0, 1), (11, 1), (2, 4), (1, 2), (0, 4), (2, 1), (10, 5), (1, 5), (6, 1), (7, 0), (6, 4), (7, 3), (3, 2), (4, 1), (3, 5), (5, 2), (4, 4), (9, 0), (5, 5), (8, 4), (9, 3), (0, 0), (8, 1), (10, 4), (1, 1), (0, 3), (2, 0), (10, 1), (1, 4), (11, 0), (2, 3), (11, 3), (7, 2), (6, 0), (7, 5), (6, 3)}), frozenset({(23, 4), (20, 5), (22, 2), (12, 1), (23, 1), (14, 4), (12, 4), (22, 5), (14, 1), (17, 0), (17, 3), (19, 0), (19, 3), (13, 2), (13, 5), (15, 2), (16, 4), (16, 1), (18, 4), (15, 5), (18, 1), (21, 0), (20, 4), (22, 1), (21, 3), (12, 0), (20, 1), (22, 4), (23, 0), (12, 3), (14, 0), (23, 3), (14, 3), (17, 2), (17, 5), (19, 2), (19, 5), (13, 4), (16, 0), (13, 1), (15, 4), (16, 3), (15, 1), (18, 0), (18, 3), (21, 2), (20, 0), (21, 5), (12, 2), (20, 3), (22, 0), (23, 2), (23, 5), (22, 3), (12, 5), (14, 2), (14, 5), (17, 4), (17, 1), (19, 4), (19, 1), (13, 0), (13, 3), (16, 2), (15, 0), (16, 5), (18, 2), (15, 3), (18, 5), (21, 4), (20, 2), (21, 1)}), frozenset({(15, 21), (16, 20), (18, 23), (18, 20), (21, 19), (20, 23), (22, 20), (21, 22), (20, 20), (12, 19), (23, 19), (22, 23), (23, 22), (12, 22), (14, 19), (14, 22), (17, 21), (19, 18), (17, 18), (19, 21), (13, 23), (13, 20), (16, 19), (15, 23), (16, 22), (18, 19), (15, 20), (18, 22), (21, 21), (20, 19), (23, 18), (21, 18), (20, 22), (12, 21), (14, 18), (12, 18), (22, 19), (22, 22), (14, 21), (23, 21), (17, 23), (17, 20), (19, 23), (19, 20), (13, 19), (16, 21), (15, 19), (13, 22), (16, 18), (18, 18), (15, 22), (18, 21), (20, 18), (21, 23), (20, 21), (22, 18), (21, 20), (12, 23), (22, 21), (23, 23), (12, 20), (23, 20), (14, 23), (14, 20), (17, 19), (17, 22), (19, 19), (19, 22), (13, 18), (13, 21), (15, 18), (16, 23)}), frozenset({(6, 12), (7, 17), (6, 15), (4, 12), (3, 16), (5, 13), (4, 15), (3, 13), (5, 16), (9, 14), (8, 12), (9, 17), (8, 15), (11, 14), (0, 14), (10, 12), (11, 17), (2, 14), (1, 12), (10, 15), (0, 17), (2, 17), (1, 15), (7, 16), (6, 14), (7, 13), (6, 17), (4, 14), (3, 12), (4, 17), (3, 15), (5, 12), (5, 15), (8, 14), (9, 16), (9, 13), (11, 16), (8, 17), (10, 14), (0, 13), (11, 13), (2, 16), (1, 14), (0, 16), (2, 13), (10, 17), (1, 17), (6, 13), (7, 12), (6, 16), (7, 15), (4, 16), (3, 14), (4, 13), (3, 17), (5, 14), (9, 12), (5, 17), (8, 16), (10, 13), (9, 15), (0, 12), (8, 13), (10, 16), (1, 13), (0, 15), (2, 12), (11, 12), (1, 16), (11, 15), (2, 15), (7, 14)}), frozenset({(20, 11), (22, 8), (21, 10), (20, 8), (12, 7), (23, 7), (22, 11), (23, 10), (12, 10), (14, 7), (14, 10), (17, 9), (19, 6), (17, 6), (19, 9), (13, 11), (13, 8), (16, 7), (15, 11), (16, 10), (18, 7), (15, 8), (18, 10), (21, 9), (20, 7), (21, 6), (20, 10), (12, 9), (14, 6), (12, 6), (22, 7), (22, 10), (23, 6), (14, 9), (23, 9), (17, 11), (17, 8), (19, 11), (19, 8), (13, 7), (16, 9), (15, 7), (13, 10), (16, 6), (15, 10), (18, 9), (20, 6), (18, 6), (20, 9), (22, 6), (21, 8), (23, 11), (12, 11), (22, 9), (23, 8), (21, 11), (12, 8), (14, 11), (14, 8), (17, 7), (17, 10), (19, 7), (19, 10), (13, 9), (15, 6), (13, 6), (15, 9), (16, 8), (18, 11), (16, 11), (18, 8), (21, 7)})}
Updated gi after success: ((1, 3, 7, 9, 7, 5, 5, 7, 9, 7, 3, 1, 1, 3, 7, 9, 7, 5, 5, 7), (1, 7, 3, 2, 9, 8, 8, 9, 2, 3, 7, 1, 1, 7, 3, 2, 9, 8, 8, 9), (5, 6, 0, 7, 0, 3, 3, 0, 7, 0, 6, 5, 5, 6, 0, 7, 0, 3, 3, 0), (2, 9, 6, 2, 3, 5, 5, 3, 2, 6, 9, 2, 2, 9, 4, 4, 4, 4, 4, 4), (7, 3, 7, 1, 8, 6, 6, 8, 1, 7, 3, 7, 7, 3, 4, 4, 4, 4, 4, 4), (1, 3, 7, 3, 8, 9, 9, 8, 3, 7, 3, 1, 1, 3, 4, 4, 4, 4, 4, 4), (5, 6, 3, 9, 8, 7, 7, 8, 9, 3, 6, 5, 5, 6, 4, 4, 4, 4, 4, 4), (8, 6, 7, 9, 0, 2, 2, 0, 9, 7, 6, 8, 8, 6, 4, 4, 4, 4, 4, 4), (1, 2, 9, 6, 5, 2, 2, 5, 6, 9, 2, 1, 1, 2, 4, 4, 4, 4, 4, 4), (1, 6, 0, 6, 6, 8, 8, 6, 6, 0, 6, 1, 1, 6, 0, 6, 6, 8, 8, 6), (8, 9, 8, 2, 5, 7, 7, 5, 2, 8, 9, 8, 8, 9, 8, 2, 5, 7, 7, 5), (5, 3, 7, 2, 8, 8, 8, 8, 2, 7, 3, 5, 5, 3, 7, 2, 8, 8, 8, 8), (5, 3, 7, 2, 8, 8, 8, 8, 2, 7, 3, 5, 5, 3, 7, 2, 8, 8, 8, 8), (8, 9, 8, 2, 5, 7, 7, 5, 2, 8, 9, 8, 8, 9, 8, 2, 5, 7, 7, 5), (1, 6, 0, 6, 6, 8, 8, 6, 6, 0, 6, 1, 1, 6, 0, 6, 6, 8, 8, 6), (1, 2, 9, 6, 5, 2, 2, 5, 6, 9, 2, 1, 1, 2, 9, 6, 5, 2, 2, 5), (8, 6, 7, 9, 0, 2, 2, 0, 9, 7, 6, 8, 8, 6, 7, 9, 0, 2, 2, 0), (5, 6, 3, 9, 8, 7, 7, 8, 9, 3, 6, 5, 5, 6, 3, 9, 8, 7, 7, 8), (1, 3, 7, 3, 8, 9, 9, 8, 3, 7, 3, 1, 1, 3, 7, 3, 8, 9, 9, 8), (7, 3, 7, 1, 8, 6, 6, 8, 1, 7, 3, 7, 7, 3, 7, 1, 8, 6, 6, 8), (2, 9, 6, 2, 3, 5, 5, 3, 2, 6, 9, 2, 2, 9, 6, 2, 3, 5, 5, 3), (5, 6, 0, 7, 0, 3, 3, 0, 7, 0, 6, 5, 5, 6, 0, 7, 0, 3, 3, 0), (1, 7, 3, 2, 9, 8, 8, 9, 2, 3, 7, 1, 1, 7, 3, 2, 9, 8, 8, 9), (1, 3, 7, 9, 7, 5, 5, 7, 9, 7, 3, 1, 1, 3, 7, 9, 7, 5, 5, 7), (1, 3, 7, 9, 7, 5, 5, 7, 9, 7, 3, 1, 1, 3, 7, 9, 7, 5, 5, 7), (1, 7, 3, 2, 9, 8, 8, 9, 2, 3, 7, 1, 1, 7, 3, 2, 9, 8, 8, 9), (5, 6, 0, 7, 0, 3, 3, 0, 7, 0, 6, 5, 5, 6, 0, 7, 0, 3, 3, 0))
Updated gi after success: ((4, 4, 4, 4, 4, 4, 5, 7, 9, 7, 3, 1, 1, 3, 7, 9, 7, 5, 5, 7), (4, 4, 4, 4, 4, 4, 8, 9, 2, 3, 7, 1, 1, 7, 3, 2, 9, 8, 8, 9), (5, 6, 0, 7, 0, 3, 3, 0, 7, 0, 6, 5, 5, 6, 0, 7, 0, 3, 3, 0), (2, 9, 6, 2, 3, 5, 5, 3, 2, 6, 9, 2, 2, 9, 4, 4, 4, 4, 4, 4), (7, 3, 7, 1, 8, 6, 6, 8, 1, 7, 3, 7, 7, 3, 4, 4, 4, 4, 4, 4), (1, 3, 7, 3, 8, 9, 9, 8, 3, 7, 3, 1, 1, 3, 4, 4, 4, 4, 4, 4), (5, 6, 3, 9, 8, 7, 7, 8, 9, 3, 6, 5, 5, 6, 4, 4, 4, 4, 4, 4), (8, 6, 7, 9, 0, 2, 2, 0, 9, 7, 6, 8, 8, 6, 4, 4, 4, 4, 4, 4), (1, 2, 9, 6, 5, 2, 2, 5, 6, 9, 2, 1, 1, 2, 4, 4, 4, 4, 4, 4), (1, 6, 0, 6, 6, 8, 8, 6, 6, 0, 6, 1, 1, 6, 0, 6, 6, 8, 8, 6), (8, 9, 8, 2, 5, 7, 7, 5, 2, 8, 9, 8, 8, 9, 8, 2, 5, 7, 7, 5), (5, 3, 7, 2, 8, 8, 8, 8, 2, 7, 3, 5, 5, 3, 7, 2, 8, 8, 8, 8), (5, 3, 7, 2, 8, 8, 8, 8, 2, 7, 3, 5, 5, 3, 7, 2, 8, 8, 8, 8), (8, 9, 8, 2, 5, 7, 7, 5, 2, 8, 9, 8, 8, 9, 8, 2, 5, 7, 7, 5), (1, 6, 0, 6, 6, 8, 8, 6, 6, 0, 6, 1, 1, 6, 0, 6, 6, 8, 8, 6), (1, 2, 9, 6, 5, 2, 2, 5, 6, 9, 2, 1, 1, 2, 9, 6, 5, 2, 2, 5), (8, 6, 7, 9, 0, 2, 2, 0, 9, 7, 6, 8, 8, 6, 7, 9, 0, 2, 2, 0), (5, 6, 3, 9, 8, 7, 7, 8, 9, 3, 6, 5, 5, 6, 3, 9, 8, 7, 7, 8), (1, 3, 7, 3, 8, 9, 9, 8, 3, 7, 3, 1, 1, 3, 7, 3, 8, 9, 9, 8), (7, 3, 7, 1, 8, 6, 6, 8, 1, 7, 3, 7, 7, 3, 7, 1, 8, 6, 6, 8), (2, 9, 6, 2, 3, 5, 5, 3, 2, 6, 9, 2, 2, 9, 6, 2, 3, 5, 5, 3), (5, 6, 0, 7, 0, 3, 3, 0, 7, 0, 6, 5, 5, 6, 0, 7, 0, 3, 3, 0), (1, 7, 3, 2, 9, 8, 8, 9, 2, 3, 7, 1, 1, 7, 3, 2, 9, 8, 8, 9), (1, 3, 7, 9, 7, 5, 5, 7, 9, 7, 3, 1, 1, 3, 7, 9, 7, 5, 5, 7), (1, 3, 7, 9, 7, 5, 5, 7, 9, 7, 3, 1, 1, 3, 7, 9, 7, 5, 5, 7), (1, 7, 3, 2, 9, 8, 8, 9, 2, 3, 7, 1, 1, 7, 3, 2, 9, 8, 8, 9), (5, 6, 0, 7, 0, 3, 3, 0, 7, 0, 6, 5, 5, 6, 0, 7, 0, 3, 3, 0))
Updated gi after success: ((4, 4, 4, 4, 4, 4, 5, 7, 9, 7, 3, 1, 1, 3, 7, 9, 7, 5, 5, 7), (4, 4, 4, 4, 4, 4, 8, 9, 2, 3, 7, 1, 1, 7, 3, 2, 9, 8, 8, 9), (5, 6, 0, 7, 0, 3, 3, 0, 7, 0, 6, 5, 5, 6, 0, 7, 0, 3, 3, 0), (2, 9, 6, 2, 3, 5, 5, 3, 2, 6, 9, 2, 2, 9, 4, 4, 4, 4, 4, 4), (7, 3, 7, 1, 8, 6, 6, 8, 1, 7, 3, 7, 7, 3, 4, 4, 4, 4, 4, 4), (1, 3, 7, 3, 8, 9, 9, 8, 3, 7, 3, 1, 1, 3, 4, 4, 4, 4, 4, 4), (5, 6, 3, 9, 8, 7, 7, 8, 9, 3, 6, 5, 5, 6, 4, 4, 4, 4, 4, 4), (8, 6, 7, 9, 0, 2, 2, 0, 9, 7, 6, 8, 8, 6, 4, 4, 4, 4, 4, 4), (1, 2, 9, 6, 5, 2, 2, 5, 6, 9, 2, 1, 1, 2, 4, 4, 4, 4, 4, 4), (1, 6, 0, 6, 6, 8, 8, 6, 6, 0, 6, 1, 1, 6, 0, 6, 6, 8, 8, 6), (8, 9, 8, 2, 5, 7, 7, 5, 2, 8, 9, 8, 8, 9, 8, 2, 5, 7, 7, 5), (5, 3, 7, 2, 8, 8, 8, 8, 2, 7, 3, 5, 5, 3, 7, 2, 8, 8, 8, 8), (5, 3, 7, 2, 8, 8, 8, 8, 2, 7, 3, 5, 5, 3, 7, 2, 8, 8, 8, 8), (8, 9, 8, 2, 5, 7, 7, 5, 2, 8, 9, 4, 4, 4, 4, 4, 5, 7, 7, 5), (1, 6, 0, 6, 6, 8, 8, 6, 6, 0, 6, 4, 4, 4, 4, 4, 6, 8, 8, 6), (1, 2, 9, 6, 5, 2, 2, 5, 6, 9, 2, 4, 4, 4, 4, 4, 5, 2, 2, 5), (8, 6, 7, 9, 0, 2, 2, 0, 9, 7, 6, 4, 4, 4, 4, 4, 0, 2, 2, 0), (5, 6, 3, 9, 8, 7, 7, 8, 9, 3, 6, 5, 5, 6, 3, 9, 8, 7, 7, 8), (1, 3, 7, 3, 8, 9, 9, 8, 3, 7, 3, 1, 1, 3, 7, 3, 8, 9, 9, 8), (7, 3, 7, 1, 8, 6, 6, 8, 1, 7, 3, 7, 7, 3, 7, 1, 8, 6, 6, 8), (2, 9, 6, 2, 3, 5, 5, 3, 2, 6, 9, 2, 2, 9, 6, 2, 3, 5, 5, 3), (5, 6, 0, 7, 0, 3, 3, 0, 7, 0, 6, 5, 5, 6, 0, 7, 0, 3, 3, 0), (1, 7, 3, 2, 9, 8, 8, 9, 2, 3, 7, 1, 1, 7, 3, 2, 9, 8, 8, 9), (1, 3, 7, 9, 7, 5, 5, 7, 9, 7, 3, 1, 1, 3, 7, 9, 7, 5, 5, 7), (1, 3, 7, 9, 7, 5, 5, 7, 9, 7, 3, 1, 1, 3, 7, 9, 7, 5, 5, 7), (1, 7, 3, 2, 9, 8, 8, 9, 2, 3, 7, 1, 1, 7, 3, 2, 9, 8, 8, 9), (5, 6, 0, 7, 0, 3, 3, 0, 7, 0, 6, 5, 5, 6, 0, 7, 0, 3, 3, 0))
Updated gi after success: ((4, 4, 4, 4, 4, 4, 5, 7, 9, 7, 3, 1, 1, 3, 7, 9, 7, 5, 5, 7), (4, 4, 4, 4, 4, 4, 8, 9, 2, 3, 7, 1, 1, 7, 3, 2, 9, 8, 8, 9), (5, 6, 0, 7, 0, 3, 3, 0, 7, 0, 6, 5, 5, 6, 0, 7, 0, 3, 3, 0), (2, 9, 6, 2, 3, 5, 5, 3, 2, 6, 9, 2, 2, 9, 4, 4, 4, 4, 4, 4), (7, 3, 7, 1, 8, 6, 6, 8, 1, 7, 3, 7, 7, 3, 4, 4, 4, 4, 4, 4), (1, 3, 7, 3, 8, 9, 9, 8, 3, 7, 3, 1, 1, 3, 4, 4, 4, 4, 4, 4), (5, 6, 3, 9, 8, 7, 7, 8, 9, 3, 6, 5, 5, 6, 4, 4, 4, 4, 4, 4), (8, 6, 7, 9, 0, 2, 2, 0, 9, 7, 6, 8, 8, 6, 4, 4, 4, 4, 4, 4), (1, 2, 9, 6, 5, 2, 2, 5, 6, 9, 2, 1, 1, 2, 4, 4, 4, 4, 4, 4), (1, 6, 0, 6, 6, 8, 8, 6, 6, 0, 6, 1, 1, 6, 0, 6, 6, 8, 8, 6), (8, 9, 8, 2, 5, 7, 7, 5, 2, 8, 9, 8, 8, 9, 8, 2, 5, 7, 7, 5), (5, 3, 7, 2, 8, 8, 8, 8, 2, 7, 3, 5, 5, 3, 7, 2, 8, 8, 8, 8), (5, 3, 7, 2, 8, 8, 8, 8, 2, 7, 3, 5, 5, 3, 7, 2, 8, 8, 8, 8), (8, 9, 8, 2, 5, 7, 7, 5, 2, 8, 9, 4, 4, 4, 4, 4, 5, 7, 7, 5), (1, 6, 0, 6, 6, 8, 8, 6, 6, 0, 6, 4, 4, 4, 4, 4, 6, 8, 8, 6), (1, 2, 9, 6, 5, 2, 2, 5, 6, 9, 2, 4, 4, 4, 4, 4, 5, 2, 2, 5), (4, 4, 4, 4, 0, 2, 2, 0, 9, 7, 6, 4, 4, 4, 4, 4, 0, 2, 2, 0), (4, 4, 4, 4, 8, 7, 7, 8, 9, 3, 6, 5, 5, 6, 3, 9, 8, 7, 7, 8), (4, 4, 4, 4, 8, 9, 9, 8, 3, 7, 3, 1, 1, 3, 7, 3, 8, 9, 9, 8), (7, 3, 7, 1, 8, 6, 6, 8, 1, 7, 3, 7, 7, 3, 7, 1, 8, 6, 6, 8), (2, 9, 6, 2, 3, 5, 5, 3, 2, 6, 9, 2, 2, 9, 6, 2, 3, 5, 5, 3), (5, 6, 0, 7, 0, 3, 3, 0, 7, 0, 6, 5, 5, 6, 0, 7, 0, 3, 3, 0), (1, 7, 3, 2, 9, 8, 8, 9, 2, 3, 7, 1, 1, 7, 3, 2, 9, 8, 8, 9), (1, 3, 7, 9, 7, 5, 5, 7, 9, 7, 3, 1, 1, 3, 7, 9, 7, 5, 5, 7), (1, 3, 7, 9, 7, 5, 5, 7, 9, 7, 3, 1, 1, 3, 7, 9, 7, 5, 5, 7), (1, 7, 3, 2, 9, 8, 8, 9, 2, 3, 7, 1, 1, 7, 3, 2, 9, 8, 8, 9), (5, 6, 0, 7, 0, 3, 3, 0, 7, 0, 6, 5, 5, 6, 0, 7, 0, 3, 3, 0))
Updated gi after success: ((4, 4, 4, 4, 4, 4, 5, 7, 9, 7, 3, 1, 1, 3, 7, 9, 7, 5, 5, 7), (4, 4, 4, 4, 4, 4, 8, 9, 2, 3, 7, 1, 1, 7, 3, 2, 9, 8, 8, 9), (5, 6, 0, 7, 0, 3, 3, 0, 7, 0, 6, 5, 5, 6, 0, 7, 0, 3, 3, 0), (2, 9, 6, 2, 3, 5, 5, 3, 2, 6, 9, 2, 2, 9, 4, 4, 4, 4, 4, 4), (7, 3, 7, 1, 8, 6, 6, 8, 1, 7, 3, 7, 7, 3, 4, 4, 4, 4, 4, 4), (1, 3, 7, 3, 8, 9, 9, 8, 3, 7, 3, 1, 1, 3, 4, 4, 4, 4, 4, 4), (5, 6, 3, 9, 8, 7, 7, 8, 9, 3, 6, 5, 5, 6, 4, 4, 4, 4, 4, 4), (8, 6, 7, 9, 0, 2, 2, 0, 9, 7, 6, 8, 8, 6, 4, 4, 4, 4, 4, 4), (1, 2, 9, 6, 5, 2, 2, 5, 6, 9, 2, 1, 1, 2, 4, 4, 4, 4, 4, 4), (1, 6, 0, 6, 6, 8, 8, 6, 6, 0, 6, 1, 1, 6, 0, 6, 6, 8, 8, 6), (8, 9, 8, 2, 5, 7, 7, 5, 2, 8, 9, 8, 8, 9, 8, 2, 5, 7, 7, 5), (5, 3, 7, 2, 8, 8, 8, 8, 2, 7, 3, 5, 5, 3, 7, 2, 8, 8, 8, 8), (4, 4, 4, 4, 8, 8, 8, 8, 2, 7, 3, 5, 5, 3, 7, 2, 8, 8, 8, 8), (4, 4, 4, 4, 5, 7, 7, 5, 2, 8, 9, 4, 4, 4, 4, 4, 5, 7, 7, 5), (4, 4, 4, 4, 6, 8, 8, 6, 6, 0, 6, 4, 4, 4, 4, 4, 6, 8, 8, 6), (4, 4, 4, 4, 5, 2, 2, 5, 6, 9, 2, 4, 4, 4, 4, 4, 5, 2, 2, 5), (4, 4, 4, 4, 0, 2, 2, 0, 9, 7, 6, 4, 4, 4, 4, 4, 0, 2, 2, 0), (4, 4, 4, 4, 8, 7, 7, 8, 9, 3, 6, 5, 5, 6, 3, 9, 8, 7, 7, 8), (4, 4, 4, 4, 8, 9, 9, 8, 3, 7, 3, 1, 1, 3, 7, 3, 8, 9, 9, 8), (7, 3, 7, 1, 8, 6, 6, 8, 1, 7, 3, 7, 7, 3, 7, 1, 8, 6, 6, 8), (2, 9, 6, 2, 3, 5, 5, 3, 2, 6, 9, 2, 2, 9, 6, 2, 3, 5, 5, 3), (5, 6, 0, 7, 0, 3, 3, 0, 7, 0, 6, 5, 5, 6, 0, 7, 0, 3, 3, 0), (1, 7, 3, 2, 9, 8, 8, 9, 2, 3, 7, 1, 1, 7, 3, 2, 9, 8, 8, 9), (1, 3, 7, 9, 7, 5, 5, 7, 9, 7, 3, 1, 1, 3, 7, 9, 7, 5, 5, 7), (1, 3, 7, 9, 7, 5, 5, 7, 9, 7, 3, 1, 1, 3, 7, 9, 7, 5, 5, 7), (1, 7, 3, 2, 9, 8, 8, 9, 2, 3, 7, 1, 1, 7, 3, 2, 9, 8, 8, 9), (5, 6, 0, 7, 0, 3, 3, 0, 7, 0, 6, 5, 5, 6, 0, 7, 0, 3, 3, 0))
Updated gi after success: ((4, 4, 4, 4, 4, 4, 5, 7, 9, 7, 3, 1, 1, 3, 7, 9, 7, 5, 5, 7), (4, 4, 4, 4, 4, 4, 8, 9, 2, 3, 7, 1, 1, 7, 3, 2, 9, 8, 8, 9), (5, 6, 0, 7, 0, 3, 3, 0, 7, 0, 6, 5, 5, 6, 0, 7, 0, 3, 3, 0), (2, 9, 6, 2, 3, 5, 5, 3, 2, 6, 9, 2, 2, 9, 4, 4, 4, 4, 4, 4), (7, 3, 7, 1, 8, 6, 6, 8, 1, 7, 3, 7, 7, 3, 4, 4, 4, 4, 4, 4), (1, 3, 7, 3, 8, 9, 9, 8, 3, 7, 3, 1, 1, 3, 4, 4, 4, 4, 4, 4), (5, 6, 3, 9, 8, 7, 7, 8, 9, 3, 6, 5, 5, 6, 4, 4, 4, 4, 4, 4), (8, 6, 7, 9, 0, 2, 2, 0, 9, 7, 6, 8, 8, 6, 4, 4, 4, 4, 4, 4), (1, 2, 9, 6, 5, 2, 2, 5, 6, 9, 2, 1, 1, 2, 4, 4, 4, 4, 4, 4), (1, 6, 0, 6, 6, 8, 8, 6, 6, 0, 6, 1, 1, 6, 0, 6, 6, 8, 8, 6), (8, 9, 8, 2, 5, 7, 7, 5, 2, 8, 9, 8, 8, 9, 8, 2, 5, 7, 7, 5), (5, 3, 7, 2, 8, 8, 8, 8, 2, 7, 3, 5, 5, 3, 7, 2, 8, 8, 8, 8), (4, 4, 4, 4, 8, 8, 8, 8, 2, 7, 3, 5, 5, 3, 7, 2, 8, 8, 8, 8), (4, 4, 4, 4, 5, 7, 7, 5, 2, 8, 9, 4, 4, 4, 4, 4, 5, 7, 7, 5), (4, 4, 4, 4, 6, 8, 8, 6, 6, 0, 6, 4, 4, 4, 4, 4, 6, 8, 8, 6), (4, 4, 4, 4, 5, 2, 2, 5, 6, 9, 2, 4, 4, 4, 4, 4, 5, 2, 2, 5), (4, 4, 4, 4, 0, 2, 2, 0, 9, 7, 6, 4, 4, 4, 4, 4, 0, 2, 2, 0), (4, 4, 4, 4, 8, 7, 7, 8, 9, 3, 6, 5, 5, 6, 3, 9, 8, 7, 7, 8), (4, 4, 4, 4, 8, 9, 9, 8, 3, 7, 3, 1, 1, 3, 7, 3, 8, 9, 9, 8), (7, 3, 7, 1, 8, 6, 6, 8, 1, 7, 3, 7, 7, 3, 7, 1, 8, 6, 6, 8), (2, 9, 6, 2, 3, 5, 5, 3, 2, 6, 9, 2, 2, 9, 6, 2, 3, 5, 5, 3), (5, 6, 0, 7, 0, 3, 3, 0, 7, 4, 4, 4, 4, 4, 4, 7, 0, 3, 3, 0), (1, 7, 3, 2, 9, 8, 8, 9, 2, 4, 4, 4, 4, 4, 4, 2, 9, 8, 8, 9), (1, 3, 7, 9, 7, 5, 5, 7, 9, 4, 4, 4, 4, 4, 4, 9, 7, 5, 5, 7), (1, 3, 7, 9, 7, 5, 5, 7, 9, 4, 4, 4, 4, 4, 4, 9, 7, 5, 5, 7), (1, 7, 3, 2, 9, 8, 8, 9, 2, 3, 7, 1, 1, 7, 3, 2, 9, 8, 8, 9), (5, 6, 0, 7, 0, 3, 3, 0, 7, 0, 6, 5, 5, 6, 0, 7, 0, 3, 3, 0))
Final gi after rotation: ((4, 4, 4, 4, 4, 4, 5, 7, 9, 7, 3, 1, 1, 3, 7, 9, 7, 5, 5, 7), (4, 4, 4, 4, 4, 4, 8, 9, 2, 3, 7, 1, 1, 7, 3, 2, 9, 8, 8, 9), (5, 6, 0, 7, 0, 3, 3, 0, 7, 0, 6, 5, 5, 6, 0, 7, 0, 3, 3, 0), (2, 9, 6, 2, 3, 5, 5, 3, 2, 6, 9, 2, 2, 9, 4, 4, 4, 4, 4, 4), (7, 3, 7, 1, 8, 6, 6, 8, 1, 7, 3, 7, 7, 3, 4, 4, 4, 4, 4, 4), (1, 3, 7, 3, 8, 9, 9, 8, 3, 7, 3, 1, 1, 3, 4, 4, 4, 4, 4, 4), (5, 6, 3, 9, 8, 7, 7, 8, 9, 3, 6, 5, 5, 6, 4, 4, 4, 4, 4, 4), (8, 6, 7, 9, 0, 2, 2, 0, 9, 7, 6, 8, 8, 6, 4, 4, 4, 4, 4, 4), (1, 2, 9, 6, 5, 2, 2, 5, 6, 9, 2, 1, 1, 2, 4, 4, 4, 4, 4, 4), (1, 6, 0, 6, 6, 8, 8, 6, 6, 0, 6, 1, 1, 6, 0, 6, 6, 8, 8, 6), (8, 9, 8, 2, 5, 7, 7, 5, 2, 8, 9, 8, 8, 9, 8, 2, 5, 7, 7, 5), (5, 3, 7, 2, 8, 8, 8, 8, 2, 7, 3, 5, 5, 3, 7, 2, 8, 8, 8, 8), (4, 4, 4, 4, 8, 8, 8, 8, 2, 7, 3, 5, 5, 3, 7, 2, 8, 8, 8, 8), (4, 4, 4, 4, 5, 7, 7, 5, 2, 8, 9, 4, 4, 4, 4, 4, 5, 7, 7, 5), (4, 4, 4, 4, 6, 8, 8, 6, 6, 0, 6, 4, 4, 4, 4, 4, 6, 8, 8, 6), (4, 4, 4, 4, 5, 2, 2, 5, 6, 9, 2, 4, 4, 4, 4, 4, 5, 2, 2, 5), (4, 4, 4, 4, 0, 2, 2, 0, 9, 7, 6, 4, 4, 4, 4, 4, 0, 2, 2, 0), (4, 4, 4, 4, 8, 7, 7, 8, 9, 3, 6, 5, 5, 6, 3, 9, 8, 7, 7, 8), (4, 4, 4, 4, 8, 9, 9, 8, 3, 7, 3, 1, 1, 3, 7, 3, 8, 9, 9, 8), (7, 3, 7, 1, 8, 6, 6, 8, 1, 7, 3, 7, 7, 3, 7, 1, 8, 6, 6, 8), (2, 9, 6, 2, 3, 5, 5, 3, 2, 6, 9, 2, 2, 9, 6, 2, 3, 5, 5, 3), (5, 6, 0, 7, 0, 3, 3, 0, 7, 4, 4, 4, 4, 4, 4, 7, 0, 3, 3, 0), (1, 7, 3, 2, 9, 8, 8, 9, 2, 4, 4, 4, 4, 4, 4, 2, 9, 8, 8, 9), (1, 3, 7, 9, 7, 5, 5, 7, 9, 4, 4, 4, 4, 4, 4, 9, 7, 5, 5, 7), (1, 3, 7, 9, 7, 5, 5, 7, 9, 4, 4, 4, 4, 4, 4, 9, 7, 5, 5, 7), (1, 7, 3, 2, 9, 8, 8, 9, 2, 3, 7, 1, 1, 7, 3, 2, 9, 8, 8, 9), (5, 6, 0, 7, 0, 3, 3, 0, 7, 0, 6, 5, 5, 6, 0, 7, 0, 3, 3, 0))
