Modified Function Code:
from re_arc.dsl import *
def generate_0e206a2e() -> dict:
    diff_lb = 0
    diff_ub = 1
    print(f"diff_lb: {diff_lb}, diff_ub: {diff_ub}")
    
    cols = interval(0, 10, 1)
    print(f"cols: {cols}")
    
    h = unifint(diff_lb, diff_ub, (10, 30))
    print(f"h: {h}")
    
    w = unifint(diff_lb, diff_ub, (10, 30))
    print(f"w: {w}")
    
    bgc, acol, bcol, ccol, Dcol = sample(cols, 5)
    print(f"bgc: {bgc}, acol: {acol}, bcol: {bcol}, ccol: {ccol}, Dcol: {Dcol}")
    
    gi = canvas(bgc, (h, w))
    print(f"gi: {gi}")
    
    inds = asindices(gi)
    print(f"inds: {inds}")
    
    nsrcs = unifint(diff_lb, diff_ub, (1, min(h, w) // 5))
    print(f"nsrcs: {nsrcs}")
    
    srcs = []
    abclist = []
    maxtrforsrc = 5 * nsrcs
    trforsrc = 0
    srcsucc = 0
    
    while trforsrc < maxtrforsrc and srcsucc < nsrcs:
        trforsrc += 1
        print(f"trforsrc: {trforsrc}")
        
        objsize = unifint(diff_lb, diff_ub, (5, 20))
        print(f"objsize: {objsize}")
        
        bb = asindices(canvas(-1, (7, 7)))
        print(f"bb: {bb}")
        
        sp = choice(totuple(bb))
        print(f"sp: {sp}")
        
        bb = remove(sp, bb)
        print(f"bb after remove: {bb}")
        
        shp = {sp}
        for k in range(objsize - 1):
            shp.add(choice(totuple((bb - shp) & mapply(dneighbors, shp))))
        print(f"shp after adding objects: {shp}")
        
        while 1 in shape(shp):
            shp.add(choice(totuple((bb - shp) & mapply(dneighbors, shp))))
        print(f"shp after ensuring no 1s: {shp}")
        
        while len(set([x - y for x, y in shp])) == 1 or len(set([x + y for x, y in shp])) == 1:
            shp.add(choice(totuple((bb - shp) & mapply(dneighbors, shp))))
        print(f"shp after checking shape: {shp}")
        
        shp = normalize(shp)
        print(f"shp after normalization: {shp}")
        
        shp = list(shp)
        shuffle(shp)
        print(f"shp after shuffling: {shp}")
        
        a, b, c = shp[:3]
        print(f"a, b, c: {a}, {b}, {c}")
        
        while 1 in shape({a, b, c}) or (len(set([x - y for x, y in {a, b, c}])) == 1 or len(set([x + y for x, y in {a, b, c}])) == 1):
            shuffle(shp)
            a, b, c = shp[:3]
            print(f"reshuffled a, b, c: {a}, {b}, {c}")
        
        if sorted(shape({a, b, c})) in abclist:
            continue
        
        D = shp[3:]
        markers = {(acol, a), (bcol, b), (ccol, c)}
        obj = markers | {(Dcol, ij) for ij in D}
        obj = frozenset(obj)
        oh, ow = shape(obj)
        print(f"obj: {obj}, oh: {oh}, ow: {ow}")
        
        opts = sfilter(inds, lambda ij: shift(set(shp), ij).issubset(inds))
        print(f"opts: {opts}")
        
        if len(opts) == 0:
            continue
        
        loc = choice(totuple(opts))
        print(f"loc: {loc}")
        
        srcsucc += 1
        gi = paint(gi, shift(obj, loc))
        print(f"gi after painting: {gi}")
        
        shpplcd = shift(set(shp), loc)
        print(f"shpplcd: {shpplcd}")
        
        inds = (inds - shpplcd) - mapply(neighbors, shpplcd)
        print(f"inds after updating: {inds}")
        
        srcs.append((obj, markers))
        abclist.append(sorted(shape({a, b, c})))
    
    return {'input': gi}

Printed Outputs:
diff_lb: 0, diff_ub: 1
cols: (0, 1, 2, 3, 4, 5, 6, 7, 8, 9)
h: 27
w: 29
bgc: 6, acol: 5, bcol: 3, ccol: 8, Dcol: 0
gi: ((6, 6, 6, 6, 6, 6, 6, 6, 6, 6, 6, 6, 6, 6, 6, 6, 6, 6, 6, 6, 6, 6, 6, 6, 6, 6, 6, 6, 6), (6, 6, 6, 6, 6, 6, 6, 6, 6, 6, 6, 6, 6, 6, 6, 6, 6, 6, 6, 6, 6, 6, 6, 6, 6, 6, 6, 6, 6), (6, 6, 6, 6, 6, 6, 6, 6, 6, 6, 6, 6, 6, 6, 6, 6, 6, 6, 6, 6, 6, 6, 6, 6, 6, 6, 6, 6, 6), (6, 6, 6, 6, 6, 6, 6, 6, 6, 6, 6, 6, 6, 6, 6, 6, 6, 6, 6, 6, 6, 6, 6, 6, 6, 6, 6, 6, 6), (6, 6, 6, 6, 6, 6, 6, 6, 6, 6, 6, 6, 6, 6, 6, 6, 6, 6, 6, 6, 6, 6, 6, 6, 6, 6, 6, 6, 6), (6, 6, 6, 6, 6, 6, 6, 6, 6, 6, 6, 6, 6, 6, 6, 6, 6, 6, 6, 6, 6, 6, 6, 6, 6, 6, 6, 6, 6), (6, 6, 6, 6, 6, 6, 6, 6, 6, 6, 6, 6, 6, 6, 6, 6, 6, 6, 6, 6, 6, 6, 6, 6, 6, 6, 6, 6, 6), (6, 6, 6, 6, 6, 6, 6, 6, 6, 6, 6, 6, 6, 6, 6, 6, 6, 6, 6, 6, 6, 6, 6, 6, 6, 6, 6, 6, 6), (6, 6, 6, 6, 6, 6, 6, 6, 6, 6, 6, 6, 6, 6, 6, 6, 6, 6, 6, 6, 6, 6, 6, 6, 6, 6, 6, 6, 6), (6, 6, 6, 6, 6, 6, 6, 6, 6, 6, 6, 6, 6, 6, 6, 6, 6, 6, 6, 6, 6, 6, 6, 6, 6, 6, 6, 6, 6), (6, 6, 6, 6, 6, 6, 6, 6, 6, 6, 6, 6, 6, 6, 6, 6, 6, 6, 6, 6, 6, 6, 6, 6, 6, 6, 6, 6, 6), (6, 6, 6, 6, 6, 6, 6, 6, 6, 6, 6, 6, 6, 6, 6, 6, 6, 6, 6, 6, 6, 6, 6, 6, 6, 6, 6, 6, 6), (6, 6, 6, 6, 6, 6, 6, 6, 6, 6, 6, 6, 6, 6, 6, 6, 6, 6, 6, 6, 6, 6, 6, 6, 6, 6, 6, 6, 6), (6, 6, 6, 6, 6, 6, 6, 6, 6, 6, 6, 6, 6, 6, 6, 6, 6, 6, 6, 6, 6, 6, 6, 6, 6, 6, 6, 6, 6), (6, 6, 6, 6, 6, 6, 6, 6, 6, 6, 6, 6, 6, 6, 6, 6, 6, 6, 6, 6, 6, 6, 6, 6, 6, 6, 6, 6, 6), (6, 6, 6, 6, 6, 6, 6, 6, 6, 6, 6, 6, 6, 6, 6, 6, 6, 6, 6, 6, 6, 6, 6, 6, 6, 6, 6, 6, 6), (6, 6, 6, 6, 6, 6, 6, 6, 6, 6, 6, 6, 6, 6, 6, 6, 6, 6, 6, 6, 6, 6, 6, 6, 6, 6, 6, 6, 6), (6, 6, 6, 6, 6, 6, 6, 6, 6, 6, 6, 6, 6, 6, 6, 6, 6, 6, 6, 6, 6, 6, 6, 6, 6, 6, 6, 6, 6), (6, 6, 6, 6, 6, 6, 6, 6, 6, 6, 6, 6, 6, 6, 6, 6, 6, 6, 6, 6, 6, 6, 6, 6, 6, 6, 6, 6, 6), (6, 6, 6, 6, 6, 6, 6, 6, 6, 6, 6, 6, 6, 6, 6, 6, 6, 6, 6, 6, 6, 6, 6, 6, 6, 6, 6, 6, 6), (6, 6, 6, 6, 6, 6, 6, 6, 6, 6, 6, 6, 6, 6, 6, 6, 6, 6, 6, 6, 6, 6, 6, 6, 6, 6, 6, 6, 6), (6, 6, 6, 6, 6, 6, 6, 6, 6, 6, 6, 6, 6, 6, 6, 6, 6, 6, 6, 6, 6, 6, 6, 6, 6, 6, 6, 6, 6), (6, 6, 6, 6, 6, 6, 6, 6, 6, 6, 6, 6, 6, 6, 6, 6, 6, 6, 6, 6, 6, 6, 6, 6, 6, 6, 6, 6, 6), (6, 6, 6, 6, 6, 6, 6, 6, 6, 6, 6, 6, 6, 6, 6, 6, 6, 6, 6, 6, 6, 6, 6, 6, 6, 6, 6, 6, 6), (6, 6, 6, 6, 6, 6, 6, 6, 6, 6, 6, 6, 6, 6, 6, 6, 6, 6, 6, 6, 6, 6, 6, 6, 6, 6, 6, 6, 6), (6, 6, 6, 6, 6, 6, 6, 6, 6, 6, 6, 6, 6, 6, 6, 6, 6, 6, 6, 6, 6, 6, 6, 6, 6, 6, 6, 6, 6), (6, 6, 6, 6, 6, 6, 6, 6, 6, 6, 6, 6, 6, 6, 6, 6, 6, 6, 6, 6, 6, 6, 6, 6, 6, 6, 6, 6, 6))
inds: frozenset({(15, 21), (26, 21), (7, 17), (18, 17), (7, 26), (18, 26), (8, 0), (19, 0), (8, 9), (19, 9), (0, 5), (11, 5), (8, 18), (19, 18), (0, 14), (11, 14), (0, 23), (11, 23), (10, 27), (25, 25), (4, 2), (22, 10), (3, 6), (22, 19), (3, 15), (14, 15), (22, 28), (3, 24), (14, 24), (15, 7), (26, 7), (7, 3), (18, 3), (15, 16), (26, 16), (7, 12), (18, 12), (15, 25), (26, 25), (7, 21), (18, 21), (8, 4), (19, 4), (0, 0), (11, 0), (0, 9), (11, 9), (25, 11), (10, 22), (25, 20), (2, 27), (22, 5), (3, 1), (14, 1), (22, 14), (3, 10), (14, 10), (22, 23), (3, 19), (14, 19), (3, 28), (14, 28), (15, 2), (26, 2), (15, 11), (26, 11), (7, 7), (18, 7), (26, 20), (7, 16), (18, 16), (21, 18), (21, 27), (11, 4), (10, 8), (25, 6), (10, 17), (2, 13), (25, 15), (10, 26), (2, 22), (25, 24), (22, 0), (22, 9), (3, 5), (14, 5), (22, 18), (3, 14), (14, 14), (22, 27), (3, 23), (14, 23), (15, 6), (17, 25), (26, 6), (7, 2), (18, 2), (7, 11), (18, 11), (6, 15), (21, 13), (6, 24), (21, 22), (10, 3), (25, 1), (10, 12), (2, 8), (25, 10), (10, 21), (2, 17), (25, 19), (2, 26), (25, 28), (22, 4), (3, 0), (14, 0), (22, 13), (3, 9), (14, 9), (3, 18), (14, 18), (26, 1), (17, 20), (5, 27), (9, 25), (6, 10), (21, 8), (6, 19), (21, 17), (6, 28), (21, 26), (10, 7), (2, 3), (25, 5), (10, 16), (2, 12), (25, 14), (10, 25), (2, 21), (22, 8), (13, 27), (24, 27), (3, 4), (14, 4), (17, 6), (17, 15), (9, 11), (5, 22), (17, 24), (9, 20), (6, 5), (21, 3), (6, 14), (21, 12), (6, 23), (21, 21), (10, 2), (25, 0), (10, 11), (2, 7), (25, 9), (2, 16), (13, 13), (24, 13), (13, 22), (24, 22), (16, 18), (16, 27), (17, 1), (5, 8), (17, 10), (9, 6), (5, 17), (17, 19), (9, 15), (5, 26), (17, 28), (9, 24), (6, 0), (6, 9), (21, 7), (6, 18), (21, 16), (20, 20), (10, 6), (12, 25), (23, 25), (2, 2), (2, 11), (13, 8), (24, 8), (1, 15), (13, 17), (24, 17), (16, 13), (1, 24), (13, 26), (24, 26), (16, 22), (5, 3), (17, 5), (9, 1), (5, 12), (17, 14), (9, 10), (5, 21), (17, 23), (9, 19), (9, 28), (6, 4), (21, 2), (6, 13), (20, 15), (20, 24), (12, 20), (23, 20), (4, 25), (13, 3), (24, 3), (1, 10), (13, 12), (24, 12), (16, 8), (1, 19), (13, 21), (24, 21), (16, 17), (1, 28), (16, 26), (17, 0), (5, 7), (17, 9), (9, 5), (5, 16), (9, 14), (5, 25), (8, 27), (19, 27), (20, 1), (20, 10), (12, 6), (23, 6), (20, 19), (12, 15), (23, 15), (20, 28), (4, 11), (12, 24), (23, 24), (4, 20), (1, 5), (13, 7), (24, 7), (16, 3), (1, 14), (13, 16), (24, 16), (16, 12), (1, 23), (24, 25), (16, 21), (5, 2), (17, 4), (9, 0), (5, 11), (9, 9), (8, 13), (19, 13), (8, 22), (19, 22), (0, 18), (11, 18), (0, 27), (11, 27), (20, 5), (12, 1), (23, 1), (20, 14), (12, 10), (23, 10), (20, 23), (4, 6), (12, 19), (23, 19), (4, 15), (12, 28), (23, 28), (4, 24), (1, 0), (13, 2), (24, 2), (1, 9), (13, 11), (24, 11), (16, 7), (1, 18), (16, 16), (15, 20), (5, 6), (7, 25), (18, 8), (18, 25), (8, 8), (19, 8), (0, 4), (8, 17), (19, 17), (0, 13), (11, 13), (8, 26), (19, 26), (0, 22), (11, 22), (20, 0), (20, 9), (12, 5), (23, 5), (20, 18), (4, 1), (12, 14), (23, 14), (4, 10), (12, 23), (23, 23), (4, 19), (4, 28), (1, 4), (24, 6), (16, 2), (1, 13), (15, 15), (26, 15), (15, 24), (26, 24), (7, 20), (18, 20), (8, 3), (19, 3), (8, 12), (19, 12), (0, 8), (11, 8), (8, 21), (19, 21), (0, 17), (11, 17), (0, 26), (11, 26), (20, 4), (12, 0), (23, 0), (20, 13), (12, 9), (23, 9), (4, 5), (23, 18), (4, 14), (22, 22), (3, 27), (14, 27), (15, 1), (15, 10), (26, 10), (7, 6), (18, 6), (15, 19), (26, 19), (7, 15), (18, 15), (15, 28), (26, 28), (7, 24), (18, 24), (8, 7), (19, 7), (0, 3), (11, 3), (8, 16), (19, 16), (0, 12), (11, 12), (19, 25), (0, 21), (11, 21), (12, 4), (23, 4), (25, 23), (4, 0), (4, 9), (22, 17), (3, 13), (14, 13), (22, 26), (3, 22), (14, 22), (15, 5), (26, 5), (7, 1), (18, 1), (15, 14), (26, 14), (7, 10), (18, 10), (15, 23), (26, 23), (7, 19), (18, 19), (7, 28), (18, 28), (8, 2), (19, 2), (8, 11), (19, 11), (0, 7), (11, 7), (0, 16), (11, 16), (10, 20), (25, 18), (2, 25), (25, 27), (22, 3), (22, 12), (3, 8), (14, 8), (22, 21), (3, 17), (14, 17), (3, 26), (14, 26), (15, 0), (26, 0), (15, 9), (26, 9), (7, 5), (18, 5), (15, 18), (26, 18), (7, 14), (18, 14), (7, 23), (18, 23), (6, 27), (19, 6), (21, 25), (0, 2), (11, 2), (25, 4), (10, 15), (25, 13), (10, 24), (2, 20), (25, 22), (22, 7), (3, 3), (14, 3), (22, 16), (3, 12), (14, 12), (22, 25), (3, 21), (14, 21), (15, 4), (26, 4), (7, 0), (18, 0), (15, 13), (26, 13), (7, 9), (18, 9), (18, 18), (21, 11), (6, 22), (21, 20), (10, 1), (10, 10), (2, 6), (25, 8), (10, 19), (2, 15), (25, 17), (10, 28), (2, 24), (25, 26), (22, 2), (22, 11), (3, 7), (14, 7), (22, 20), (3, 16), (14, 16), (3, 25), (14, 25), (17, 18), (17, 27), (7, 4), (9, 23), (18, 4), (26, 12), (6, 8), (21, 6), (6, 17), (21, 15), (6, 26), (21, 24), (10, 5), (2, 1), (25, 3), (10, 14), (2, 10), (25, 12), (10, 23), (2, 19), (25, 21), (2, 28), (22, 6), (13, 25), (3, 2), (14, 2), (3, 11), (14, 11), (17, 13), (5, 20), (17, 22), (9, 18), (9, 27), (6, 3), (21, 1), (6, 12), (21, 10), (6, 21), (21, 19), (21, 28), (10, 0), (10, 9), (2, 5), (25, 7), (10, 18), (2, 14), (25, 16), (2, 23), (22, 1), (13, 20), (24, 20), (1, 27), (14, 6), (16, 25), (17, 8), (9, 4), (5, 15), (17, 17), (9, 13), (5, 24), (17, 26), (9, 22), (6, 7), (21, 5), (6, 16), (21, 14), (6, 25), (21, 23), (20, 27), (10, 4), (2, 0), (25, 2), (10, 13), (2, 9), (13, 6), (2, 18), (13, 15), (24, 15), (16, 11), (1, 22), (13, 24), (24, 24), (16, 20), (5, 1), (17, 3), (5, 10), (17, 12), (9, 8), (5, 19), (17, 21), (9, 17), (5, 28), (9, 26), (6, 2), (21, 0), (6, 11), (21, 9), (6, 20), (20, 22), (12, 18), (12, 27), (23, 27), (2, 4), (4, 23), (13, 1), (24, 1), (1, 8), (13, 10), (24, 10), (16, 6), (1, 17), (13, 19), (24, 19), (16, 15), (1, 26), (13, 28), (24, 28), (16, 24), (5, 5), (17, 7), (9, 3), (5, 14), (17, 16), (9, 12), (5, 23), (9, 21), (6, 6), (8, 25), (21, 4), (20, 8), (20, 17), (12, 13), (23, 13), (20, 26), (12, 22), (23, 22), (4, 18), (4, 27), (1, 3), (13, 5), (24, 5), (16, 1), (1, 12), (13, 14), (24, 14), (16, 10), (1, 21), (13, 23), (24, 23), (16, 19), (16, 28), (5, 0), (17, 2), (5, 9), (17, 11), (9, 7), (5, 18), (9, 16), (6, 1), (8, 20), (19, 20), (0, 25), (11, 25), (20, 3), (20, 12), (12, 8), (23, 8), (20, 21), (4, 4), (12, 17), (23, 17), (4, 13), (12, 26), (23, 26), (4, 22), (13, 0), (24, 0), (1, 7), (13, 9), (24, 9), (16, 5), (1, 16), (13, 18), (24, 18), (16, 14), (1, 25), (16, 23), (15, 27), (26, 27), (5, 4), (9, 2), (5, 13), (8, 6), (8, 15), (19, 15), (0, 11), (11, 11), (8, 24), (19, 24), (0, 20), (11, 20), (20, 7), (12, 3), (23, 3), (20, 16), (12, 12), (23, 12), (20, 25), (4, 8), (12, 21), (23, 21), (4, 17), (4, 26), (1, 2), (13, 4), (24, 4), (16, 0), (1, 11), (16, 9), (1, 20), (15, 22), (26, 22), (7, 18), (7, 27), (18, 27), (8, 1), (19, 1), (8, 10), (19, 10), (0, 6), (11, 6), (8, 19), (19, 19), (0, 15), (11, 15), (8, 28), (19, 28), (0, 24), (11, 24), (20, 2), (20, 11), (12, 7), (23, 7), (4, 3), (12, 16), (23, 16), (4, 12), (4, 21), (1, 6), (16, 4), (15, 8), (26, 8), (15, 17), (26, 17), (7, 13), (18, 13), (15, 26), (26, 26), (7, 22), (18, 22), (8, 5), (19, 5), (0, 1), (11, 1), (8, 14), (19, 14), (0, 10), (11, 10), (8, 23), (19, 23), (0, 19), (11, 19), (0, 28), (11, 28), (20, 6), (12, 2), (23, 2), (12, 11), (23, 11), (4, 7), (4, 16), (22, 15), (22, 24), (1, 1), (3, 20), (14, 20), (15, 3), (26, 3), (15, 12), (7, 8)})
nsrcs: 4
trforsrc: 1
objsize: 19
bb: frozenset({(4, 0), (3, 4), (4, 3), (3, 1), (5, 4), (4, 6), (5, 1), (0, 2), (0, 5), (2, 2), (1, 0), (1, 6), (2, 5), (1, 3), (6, 2), (6, 5), (4, 2), (3, 0), (4, 5), (3, 3), (5, 0), (5, 6), (3, 6), (5, 3), (0, 1), (2, 4), (1, 2), (0, 4), (2, 1), (1, 5), (6, 1), (6, 4), (3, 2), (4, 1), (3, 5), (5, 2), (4, 4), (5, 5), (0, 0), (1, 1), (0, 3), (2, 0), (1, 4), (0, 6), (2, 3), (2, 6), (6, 0), (6, 6), (6, 3)})
sp: (5, 6)
bb after remove: frozenset({(4, 0), (3, 4), (4, 3), (3, 1), (5, 4), (4, 6), (5, 1), (0, 2), (0, 5), (2, 2), (1, 0), (1, 6), (2, 5), (1, 3), (6, 2), (6, 5), (4, 2), (3, 0), (4, 5), (3, 3), (5, 0), (3, 6), (5, 3), (0, 1), (2, 4), (1, 2), (0, 4), (2, 1), (1, 5), (6, 1), (6, 4), (3, 2), (4, 1), (3, 5), (5, 2), (4, 4), (5, 5), (0, 0), (1, 1), (0, 3), (2, 0), (1, 4), (0, 6), (2, 3), (2, 6), (6, 0), (6, 6), (6, 3)})
shp after adding objects: {(3, 4), (4, 6), (2, 5), (6, 5), (4, 2), (4, 5), (3, 3), (5, 6), (3, 6), (5, 3), (2, 4), (6, 4), (3, 5), (5, 2), (4, 4), (5, 5), (2, 6), (6, 6), (6, 3)}
shp after ensuring no 1s: {(3, 4), (4, 6), (2, 5), (6, 5), (4, 2), (4, 5), (3, 3), (5, 6), (3, 6), (5, 3), (2, 4), (6, 4), (3, 5), (5, 2), (4, 4), (5, 5), (2, 6), (6, 6), (6, 3)}
shp after checking shape: {(3, 4), (4, 6), (2, 5), (6, 5), (4, 2), (4, 5), (3, 3), (5, 6), (3, 6), (5, 3), (2, 4), (6, 4), (3, 5), (5, 2), (4, 4), (5, 5), (2, 6), (6, 6), (6, 3)}
shp after normalization: frozenset({(3, 4), (4, 3), (3, 1), (0, 2), (2, 2), (1, 3), (4, 2), (3, 0), (3, 3), (2, 4), (1, 2), (0, 4), (4, 1), (4, 4), (1, 1), (0, 3), (2, 0), (1, 4), (2, 3)})
shp after shuffling: [(4, 2), (4, 4), (2, 3), (4, 1), (1, 4), (3, 1), (1, 3), (1, 2), (2, 2), (0, 4), (0, 3), (2, 4), (2, 0), (4, 3), (3, 3), (3, 4), (1, 1), (0, 2), (3, 0)]
a, b, c: (4, 2), (4, 4), (2, 3)
obj: frozenset({(0, (1, 3)), (0, (2, 0)), (0, (1, 2)), (0, (0, 2)), (3, (4, 4)), (0, (1, 4)), (0, (3, 0)), (0, (0, 3)), (0, (2, 4)), (0, (3, 1)), (0, (3, 3)), (0, (4, 1)), (5, (4, 2)), (0, (0, 4)), (0, (4, 3)), (8, (2, 3)), (0, (3, 4)), (0, (1, 1)), (0, (2, 2))}), oh: 5, ow: 5
opts: frozenset({(15, 21), (18, 17), (7, 17), (8, 0), (19, 0), (8, 9), (19, 9), (0, 5), (11, 5), (8, 18), (19, 18), (11, 14), (0, 14), (0, 23), (11, 23), (4, 2), (22, 10), (3, 6), (22, 19), (3, 15), (14, 15), (3, 24), (14, 24), (15, 7), (7, 3), (18, 3), (15, 16), (7, 12), (18, 12), (7, 21), (18, 21), (8, 4), (19, 4), (0, 0), (11, 0), (0, 9), (11, 9), (10, 22), (22, 5), (3, 1), (14, 1), (22, 14), (3, 10), (14, 10), (22, 23), (3, 19), (14, 19), (15, 2), (15, 11), (7, 7), (18, 7), (7, 16), (18, 16), (21, 18), (11, 4), (10, 8), (10, 17), (2, 13), (2, 22), (22, 0), (22, 9), (3, 5), (14, 5), (22, 18), (3, 14), (14, 14), (3, 23), (14, 23), (15, 6), (7, 2), (18, 2), (18, 11), (7, 11), (6, 15), (21, 13), (6, 24), (21, 22), (10, 3), (10, 12), (2, 8), (10, 21), (2, 17), (22, 4), (3, 0), (14, 0), (22, 13), (3, 9), (14, 9), (3, 18), (14, 18), (17, 20), (6, 10), (21, 8), (6, 19), (21, 17), (10, 7), (2, 3), (10, 16), (2, 12), (2, 21), (22, 8), (3, 4), (14, 4), (17, 6), (17, 15), (9, 11), (5, 22), (17, 24), (9, 20), (6, 5), (21, 3), (6, 14), (21, 12), (6, 23), (21, 21), (10, 2), (10, 11), (2, 7), (2, 16), (13, 13), (13, 22), (16, 18), (17, 1), (5, 8), (17, 10), (9, 6), (5, 17), (17, 19), (9, 15), (9, 24), (6, 0), (6, 9), (21, 7), (6, 18), (21, 16), (20, 20), (10, 6), (2, 2), (2, 11), (13, 8), (1, 15), (13, 17), (16, 13), (1, 24), (16, 22), (5, 3), (17, 5), (9, 1), (5, 12), (17, 14), (9, 10), (5, 21), (17, 23), (9, 19), (6, 4), (21, 2), (6, 13), (20, 15), (20, 24), (12, 20), (13, 3), (1, 10), (13, 12), (16, 8), (1, 19), (13, 21), (16, 17), (17, 0), (5, 7), (17, 9), (9, 5), (5, 16), (9, 14), (20, 1), (20, 10), (12, 6), (20, 19), (12, 15), (4, 11), (12, 24), (4, 20), (1, 5), (13, 7), (16, 3), (1, 14), (13, 16), (16, 12), (1, 23), (16, 21), (5, 2), (17, 4), (9, 0), (5, 11), (9, 9), (8, 13), (19, 13), (8, 22), (19, 22), (0, 18), (11, 18), (20, 5), (12, 1), (20, 14), (12, 10), (20, 23), (4, 6), (12, 19), (4, 15), (4, 24), (1, 0), (13, 2), (1, 9), (13, 11), (16, 7), (1, 18), (16, 16), (15, 20), (5, 6), (8, 8), (19, 8), (0, 4), (8, 17), (19, 17), (0, 13), (11, 13), (0, 22), (11, 22), (20, 0), (20, 9), (12, 5), (20, 18), (4, 1), (12, 14), (4, 10), (12, 23), (4, 19), (1, 4), (16, 2), (1, 13), (15, 15), (15, 24), (7, 20), (18, 20), (8, 3), (19, 3), (8, 12), (19, 12), (0, 8), (11, 8), (8, 21), (19, 21), (0, 17), (11, 17), (20, 4), (12, 0), (20, 13), (12, 9), (4, 5), (4, 14), (22, 22), (15, 1), (15, 10), (7, 6), (18, 6), (15, 19), (7, 15), (18, 15), (7, 24), (18, 24), (8, 7), (19, 7), (0, 3), (11, 3), (8, 16), (19, 16), (0, 12), (11, 12), (0, 21), (11, 21), (12, 4), (4, 0), (4, 9), (22, 17), (3, 13), (14, 13), (3, 22), (14, 22), (15, 5), (7, 1), (18, 1), (15, 14), (7, 10), (18, 10), (15, 23), (7, 19), (18, 19), (8, 2), (19, 2), (8, 11), (19, 11), (0, 7), (11, 7), (0, 16), (11, 16), (10, 20), (22, 3), (22, 12), (3, 8), (14, 8), (22, 21), (3, 17), (14, 17), (15, 0), (15, 9), (7, 5), (18, 5), (15, 18), (7, 14), (18, 14), (7, 23), (18, 23), (19, 6), (0, 2), (11, 2), (10, 15), (10, 24), (2, 20), (22, 7), (3, 3), (14, 3), (22, 16), (3, 12), (14, 12), (3, 21), (14, 21), (15, 4), (7, 0), (18, 0), (15, 13), (7, 9), (18, 9), (18, 18), (21, 11), (6, 22), (21, 20), (10, 1), (10, 10), (2, 6), (10, 19), (7, 8), (2, 15), (2, 24), (22, 2), (22, 11), (3, 7), (14, 7), (22, 20), (3, 16), (14, 16), (17, 18), (7, 4), (9, 23), (18, 4), (6, 8), (21, 6), (6, 17), (21, 15), (21, 24), (10, 5), (2, 1), (10, 14), (2, 10), (10, 23), (2, 19), (22, 6), (3, 2), (14, 2), (3, 11), (14, 11), (17, 13), (5, 20), (17, 22), (9, 18), (6, 3), (21, 1), (6, 12), (21, 10), (6, 21), (21, 19), (10, 0), (10, 9), (2, 5), (10, 18), (2, 14), (2, 23), (22, 1), (13, 20), (14, 6), (17, 8), (9, 4), (5, 15), (17, 17), (9, 13), (5, 24), (9, 22), (6, 7), (21, 5), (6, 16), (21, 14), (21, 23), (10, 4), (2, 0), (10, 13), (2, 9), (13, 6), (2, 18), (13, 15), (16, 11), (1, 22), (13, 24), (16, 20), (5, 1), (17, 3), (5, 10), (17, 12), (9, 8), (5, 19), (17, 21), (9, 17), (6, 2), (21, 0), (6, 11), (21, 9), (6, 20), (20, 22), (12, 18), (2, 4), (4, 23), (13, 1), (1, 8), (13, 10), (16, 6), (1, 17), (13, 19), (16, 15), (16, 24), (5, 5), (17, 7), (9, 3), (5, 14), (17, 16), (9, 12), (5, 23), (9, 21), (6, 6), (21, 4), (20, 8), (20, 17), (12, 13), (12, 22), (4, 18), (1, 3), (13, 5), (16, 1), (1, 12), (13, 14), (16, 10), (1, 21), (13, 23), (16, 19), (5, 0), (17, 2), (5, 9), (17, 11), (9, 7), (5, 18), (9, 16), (6, 1), (8, 20), (19, 20), (20, 3), (20, 12), (12, 8), (20, 21), (4, 4), (12, 17), (4, 13), (4, 22), (13, 0), (1, 7), (13, 9), (16, 5), (1, 16), (13, 18), (16, 14), (16, 23), (5, 4), (9, 2), (5, 13), (8, 6), (8, 15), (19, 15), (0, 11), (11, 11), (8, 24), (19, 24), (0, 20), (11, 20), (20, 7), (12, 3), (20, 16), (12, 12), (4, 8), (12, 21), (4, 17), (1, 2), (13, 4), (16, 0), (1, 11), (16, 9), (1, 20), (15, 22), (7, 18), (8, 1), (19, 1), (8, 10), (19, 10), (0, 6), (11, 6), (8, 19), (19, 19), (0, 15), (11, 15), (0, 24), (11, 24), (20, 2), (20, 11), (12, 7), (4, 3), (12, 16), (4, 12), (4, 21), (1, 6), (16, 4), (15, 8), (15, 17), (7, 13), (18, 13), (7, 22), (18, 22), (8, 5), (19, 5), (0, 1), (11, 1), (8, 14), (19, 14), (0, 10), (11, 10), (8, 23), (19, 23), (0, 19), (11, 19), (20, 6), (12, 2), (12, 11), (4, 7), (4, 16), (22, 15), (22, 24), (1, 1), (3, 20), (14, 20), (15, 3), (15, 12), (18, 8)})
loc: (15, 11)
gi after painting: ((6, 6, 6, 6, 6, 6, 6, 6, 6, 6, 6, 6, 6, 6, 6, 6, 6, 6, 6, 6, 6, 6, 6, 6, 6, 6, 6, 6, 6), (6, 6, 6, 6, 6, 6, 6, 6, 6, 6, 6, 6, 6, 6, 6, 6, 6, 6, 6, 6, 6, 6, 6, 6, 6, 6, 6, 6, 6), (6, 6, 6, 6, 6, 6, 6, 6, 6, 6, 6, 6, 6, 6, 6, 6, 6, 6, 6, 6, 6, 6, 6, 6, 6, 6, 6, 6, 6), (6, 6, 6, 6, 6, 6, 6, 6, 6, 6, 6, 6, 6, 6, 6, 6, 6, 6, 6, 6, 6, 6, 6, 6, 6, 6, 6, 6, 6), (6, 6, 6, 6, 6, 6, 6, 6, 6, 6, 6, 6, 6, 6, 6, 6, 6, 6, 6, 6, 6, 6, 6, 6, 6, 6, 6, 6, 6), (6, 6, 6, 6, 6, 6, 6, 6, 6, 6, 6, 6, 6, 6, 6, 6, 6, 6, 6, 6, 6, 6, 6, 6, 6, 6, 6, 6, 6), (6, 6, 6, 6, 6, 6, 6, 6, 6, 6, 6, 6, 6, 6, 6, 6, 6, 6, 6, 6, 6, 6, 6, 6, 6, 6, 6, 6, 6), (6, 6, 6, 6, 6, 6, 6, 6, 6, 6, 6, 6, 6, 6, 6, 6, 6, 6, 6, 6, 6, 6, 6, 6, 6, 6, 6, 6, 6), (6, 6, 6, 6, 6, 6, 6, 6, 6, 6, 6, 6, 6, 6, 6, 6, 6, 6, 6, 6, 6, 6, 6, 6, 6, 6, 6, 6, 6), (6, 6, 6, 6, 6, 6, 6, 6, 6, 6, 6, 6, 6, 6, 6, 6, 6, 6, 6, 6, 6, 6, 6, 6, 6, 6, 6, 6, 6), (6, 6, 6, 6, 6, 6, 6, 6, 6, 6, 6, 6, 6, 6, 6, 6, 6, 6, 6, 6, 6, 6, 6, 6, 6, 6, 6, 6, 6), (6, 6, 6, 6, 6, 6, 6, 6, 6, 6, 6, 6, 6, 6, 6, 6, 6, 6, 6, 6, 6, 6, 6, 6, 6, 6, 6, 6, 6), (6, 6, 6, 6, 6, 6, 6, 6, 6, 6, 6, 6, 6, 6, 6, 6, 6, 6, 6, 6, 6, 6, 6, 6, 6, 6, 6, 6, 6), (6, 6, 6, 6, 6, 6, 6, 6, 6, 6, 6, 6, 6, 6, 6, 6, 6, 6, 6, 6, 6, 6, 6, 6, 6, 6, 6, 6, 6), (6, 6, 6, 6, 6, 6, 6, 6, 6, 6, 6, 6, 6, 6, 6, 6, 6, 6, 6, 6, 6, 6, 6, 6, 6, 6, 6, 6, 6), (6, 6, 6, 6, 6, 6, 6, 6, 6, 6, 6, 6, 6, 0, 0, 0, 6, 6, 6, 6, 6, 6, 6, 6, 6, 6, 6, 6, 6), (6, 6, 6, 6, 6, 6, 6, 6, 6, 6, 6, 6, 0, 0, 0, 0, 6, 6, 6, 6, 6, 6, 6, 6, 6, 6, 6, 6, 6), (6, 6, 6, 6, 6, 6, 6, 6, 6, 6, 6, 0, 6, 0, 8, 0, 6, 6, 6, 6, 6, 6, 6, 6, 6, 6, 6, 6, 6), (6, 6, 6, 6, 6, 6, 6, 6, 6, 6, 6, 0, 0, 6, 0, 0, 6, 6, 6, 6, 6, 6, 6, 6, 6, 6, 6, 6, 6), (6, 6, 6, 6, 6, 6, 6, 6, 6, 6, 6, 6, 0, 5, 0, 3, 6, 6, 6, 6, 6, 6, 6, 6, 6, 6, 6, 6, 6), (6, 6, 6, 6, 6, 6, 6, 6, 6, 6, 6, 6, 6, 6, 6, 6, 6, 6, 6, 6, 6, 6, 6, 6, 6, 6, 6, 6, 6), (6, 6, 6, 6, 6, 6, 6, 6, 6, 6, 6, 6, 6, 6, 6, 6, 6, 6, 6, 6, 6, 6, 6, 6, 6, 6, 6, 6, 6), (6, 6, 6, 6, 6, 6, 6, 6, 6, 6, 6, 6, 6, 6, 6, 6, 6, 6, 6, 6, 6, 6, 6, 6, 6, 6, 6, 6, 6), (6, 6, 6, 6, 6, 6, 6, 6, 6, 6, 6, 6, 6, 6, 6, 6, 6, 6, 6, 6, 6, 6, 6, 6, 6, 6, 6, 6, 6), (6, 6, 6, 6, 6, 6, 6, 6, 6, 6, 6, 6, 6, 6, 6, 6, 6, 6, 6, 6, 6, 6, 6, 6, 6, 6, 6, 6, 6), (6, 6, 6, 6, 6, 6, 6, 6, 6, 6, 6, 6, 6, 6, 6, 6, 6, 6, 6, 6, 6, 6, 6, 6, 6, 6, 6, 6, 6), (6, 6, 6, 6, 6, 6, 6, 6, 6, 6, 6, 6, 6, 6, 6, 6, 6, 6, 6, 6, 6, 6, 6, 6, 6, 6, 6, 6, 6))
shpplcd: frozenset({(17, 15), (19, 12), (19, 15), (18, 14), (15, 14), (16, 13), (17, 11), (17, 14), (19, 14), (15, 13), (16, 12), (16, 15), (18, 12), (18, 15), (17, 13), (19, 13), (16, 14), (18, 11), (15, 15)})
inds after updating: frozenset({(15, 21), (26, 21), (7, 17), (18, 17), (7, 26), (18, 26), (8, 0), (19, 0), (8, 9), (19, 9), (0, 5), (11, 5), (8, 18), (19, 18), (0, 14), (11, 14), (0, 23), (11, 23), (10, 27), (25, 25), (4, 2), (22, 10), (3, 6), (22, 19), (3, 15), (22, 28), (3, 24), (14, 24), (15, 7), (26, 7), (7, 3), (18, 3), (26, 16), (7, 12), (15, 25), (26, 25), (7, 21), (18, 21), (8, 4), (19, 4), (0, 0), (11, 0), (0, 9), (11, 9), (25, 11), (10, 22), (25, 20), (2, 27), (22, 5), (3, 1), (14, 1), (22, 14), (3, 10), (14, 10), (22, 23), (3, 19), (14, 19), (3, 28), (14, 28), (15, 2), (26, 2), (26, 11), (7, 7), (18, 7), (26, 20), (7, 16), (21, 18), (21, 27), (11, 4), (10, 8), (25, 6), (10, 17), (2, 13), (25, 15), (10, 26), (2, 22), (25, 24), (22, 0), (22, 9), (3, 5), (14, 5), (22, 18), (3, 14), (22, 27), (3, 23), (14, 23), (15, 6), (17, 25), (26, 6), (7, 2), (18, 2), (7, 11), (6, 15), (21, 13), (6, 24), (21, 22), (10, 3), (25, 1), (10, 12), (2, 8), (25, 10), (10, 21), (2, 17), (25, 19), (2, 26), (25, 28), (22, 4), (3, 0), (14, 0), (22, 13), (3, 9), (14, 9), (3, 18), (14, 18), (26, 1), (17, 20), (5, 27), (9, 25), (6, 10), (21, 8), (6, 19), (21, 17), (6, 28), (21, 26), (10, 7), (2, 3), (25, 5), (10, 16), (2, 12), (25, 14), (10, 25), (2, 21), (22, 8), (13, 27), (24, 27), (3, 4), (14, 4), (17, 6), (9, 11), (5, 22), (17, 24), (9, 20), (6, 5), (21, 3), (6, 14), (21, 12), (6, 23), (21, 21), (10, 2), (25, 0), (10, 11), (2, 7), (25, 9), (2, 16), (13, 13), (24, 13), (13, 22), (24, 22), (16, 18), (16, 27), (17, 1), (5, 8), (9, 6), (5, 17), (17, 19), (9, 15), (5, 26), (17, 28), (9, 24), (6, 0), (6, 9), (21, 7), (6, 18), (21, 16), (20, 20), (10, 6), (12, 25), (23, 25), (2, 2), (2, 11), (13, 8), (24, 8), (1, 15), (13, 17), (24, 17), (1, 24), (13, 26), (24, 26), (16, 22), (5, 3), (17, 5), (9, 1), (5, 12), (9, 10), (5, 21), (17, 23), (9, 19), (9, 28), (6, 4), (21, 2), (6, 13), (20, 24), (12, 20), (23, 20), (4, 25), (13, 3), (24, 3), (1, 10), (13, 12), (24, 12), (16, 8), (1, 19), (13, 21), (24, 21), (16, 17), (1, 28), (16, 26), (17, 0), (5, 7), (17, 9), (9, 5), (5, 16), (9, 14), (5, 25), (8, 27), (19, 27), (20, 1), (20, 10), (12, 6), (23, 6), (20, 19), (12, 15), (23, 15), (20, 28), (4, 11), (12, 24), (23, 24), (4, 20), (1, 5), (13, 7), (24, 7), (16, 3), (1, 14), (13, 16), (24, 16), (1, 23), (24, 25), (16, 21), (5, 2), (17, 4), (9, 0), (5, 11), (9, 9), (8, 13), (8, 22), (19, 22), (0, 18), (11, 18), (0, 27), (11, 27), (20, 5), (12, 1), (23, 1), (12, 10), (23, 10), (20, 23), (4, 6), (12, 19), (23, 19), (4, 15), (12, 28), (23, 28), (4, 24), (1, 0), (13, 2), (24, 2), (1, 9), (13, 11), (24, 11), (16, 7), (1, 18), (15, 20), (5, 6), (7, 25), (18, 25), (8, 8), (19, 8), (0, 4), (8, 17), (19, 17), (0, 13), (11, 13), (8, 26), (19, 26), (0, 22), (11, 22), (20, 0), (20, 9), (12, 5), (23, 5), (20, 18), (4, 1), (12, 14), (23, 14), (4, 10), (12, 23), (23, 23), (4, 19), (4, 28), (1, 4), (24, 6), (16, 2), (1, 13), (26, 15), (15, 24), (26, 24), (7, 20), (18, 20), (8, 3), (19, 3), (8, 12), (0, 8), (11, 8), (8, 21), (19, 21), (0, 17), (11, 17), (0, 26), (11, 26), (20, 4), (12, 0), (23, 0), (12, 9), (23, 9), (4, 5), (23, 18), (4, 14), (22, 22), (3, 27), (14, 27), (15, 1), (15, 10), (26, 10), (7, 6), (18, 6), (15, 19), (26, 19), (7, 15), (15, 28), (26, 28), (7, 24), (18, 24), (8, 7), (19, 7), (0, 3), (11, 3), (8, 16), (0, 12), (11, 12), (19, 25), (0, 21), (11, 21), (12, 4), (23, 4), (25, 23), (4, 0), (4, 9), (22, 17), (3, 13), (22, 26), (3, 22), (14, 22), (15, 5), (26, 5), (7, 1), (18, 1), (26, 14), (7, 10), (15, 23), (26, 23), (7, 19), (18, 19), (7, 28), (18, 28), (8, 2), (19, 2), (8, 11), (0, 7), (11, 7), (0, 16), (11, 16), (10, 20), (25, 18), (2, 25), (25, 27), (22, 3), (22, 12), (3, 8), (14, 8), (22, 21), (3, 17), (14, 17), (3, 26), (14, 26), (15, 0), (26, 0), (15, 9), (26, 9), (7, 5), (18, 5), (15, 18), (26, 18), (7, 14), (7, 23), (18, 23), (6, 27), (19, 6), (21, 25), (0, 2), (11, 2), (25, 4), (10, 15), (25, 13), (10, 24), (2, 20), (25, 22), (22, 7), (3, 3), (14, 3), (22, 16), (3, 12), (22, 25), (3, 21), (14, 21), (15, 4), (26, 4), (7, 0), (18, 0), (26, 13), (7, 9), (18, 9), (18, 18), (21, 11), (6, 22), (21, 20), (10, 1), (10, 10), (2, 6), (25, 8), (10, 19), (7, 8), (2, 15), (25, 17), (10, 28), (2, 24), (25, 26), (22, 2), (22, 11), (3, 7), (14, 7), (22, 20), (3, 16), (3, 25), (14, 25), (17, 18), (17, 27), (7, 4), (9, 23), (18, 4), (6, 8), (21, 6), (6, 17), (21, 15), (6, 26), (21, 24), (10, 5), (2, 1), (25, 3), (10, 14), (2, 10), (25, 12), (10, 23), (2, 19), (25, 21), (2, 28), (22, 6), (13, 25), (3, 2), (14, 2), (3, 11), (14, 11), (5, 20), (17, 22), (9, 18), (9, 27), (6, 3), (21, 1), (6, 12), (21, 10), (6, 21), (21, 19), (21, 28), (10, 0), (10, 9), (2, 5), (25, 7), (10, 18), (2, 14), (25, 16), (2, 23), (22, 1), (13, 20), (24, 20), (1, 27), (14, 6), (16, 25), (17, 8), (9, 4), (5, 15), (17, 17), (9, 13), (5, 24), (17, 26), (9, 22), (6, 7), (21, 5), (6, 16), (21, 14), (6, 25), (21, 23), (20, 27), (10, 4), (2, 0), (25, 2), (10, 13), (2, 9), (13, 6), (2, 18), (13, 15), (24, 15), (1, 22), (13, 24), (24, 24), (16, 20), (5, 1), (17, 3), (5, 10), (9, 8), (5, 19), (17, 21), (9, 17), (5, 28), (9, 26), (6, 2), (21, 0), (6, 11), (21, 9), (6, 20), (20, 22), (12, 18), (12, 27), (23, 27), (2, 4), (4, 23), (13, 1), (24, 1), (1, 8), (13, 10), (24, 10), (16, 6), (1, 17), (13, 19), (24, 19), (1, 26), (13, 28), (24, 28), (16, 24), (5, 5), (17, 7), (9, 3), (5, 14), (9, 12), (5, 23), (9, 21), (6, 6), (8, 25), (21, 4), (20, 8), (20, 17), (12, 13), (23, 13), (20, 26), (12, 22), (23, 22), (4, 18), (4, 27), (1, 3), (13, 5), (24, 5), (16, 1), (1, 12), (13, 14), (24, 14), (1, 21), (13, 23), (24, 23), (16, 19), (16, 28), (5, 0), (17, 2), (5, 9), (9, 7), (5, 18), (9, 16), (6, 1), (8, 20), (19, 20), (0, 25), (11, 25), (20, 3), (12, 8), (23, 8), (20, 21), (4, 4), (12, 17), (23, 17), (4, 13), (12, 26), (23, 26), (4, 22), (13, 0), (24, 0), (1, 7), (13, 9), (24, 9), (16, 5), (1, 16), (13, 18), (24, 18), (1, 25), (16, 23), (15, 27), (26, 27), (5, 4), (9, 2), (5, 13), (8, 6), (8, 15), (0, 11), (11, 11), (8, 24), (19, 24), (0, 20), (11, 20), (20, 7), (12, 3), (23, 3), (12, 12), (23, 12), (20, 25), (4, 8), (12, 21), (23, 21), (4, 17), (4, 26), (1, 2), (13, 4), (24, 4), (16, 0), (1, 11), (16, 9), (1, 20), (15, 22), (26, 22), (7, 18), (7, 27), (18, 27), (8, 1), (19, 1), (8, 10), (0, 6), (11, 6), (8, 19), (19, 19), (0, 15), (11, 15), (8, 28), (19, 28), (0, 24), (11, 24), (20, 2), (12, 7), (23, 7), (4, 3), (12, 16), (23, 16), (4, 12), (4, 21), (1, 6), (16, 4), (15, 8), (26, 8), (15, 17), (26, 17), (7, 13), (15, 26), (26, 26), (7, 22), (18, 22), (8, 5), (19, 5), (0, 1), (11, 1), (8, 14), (0, 10), (11, 10), (8, 23), (19, 23), (0, 19), (11, 19), (0, 28), (11, 28), (20, 6), (12, 2), (23, 2), (12, 11), (23, 11), (4, 7), (4, 16), (22, 15), (22, 24), (1, 1), (3, 20), (14, 20), (15, 3), (26, 3), (26, 12), (18, 8)})
trforsrc: 2
objsize: 11
bb: frozenset({(4, 0), (3, 4), (4, 3), (3, 1), (5, 4), (4, 6), (5, 1), (0, 2), (0, 5), (2, 2), (1, 0), (1, 6), (2, 5), (1, 3), (6, 2), (6, 5), (4, 2), (3, 0), (4, 5), (3, 3), (5, 0), (5, 6), (3, 6), (5, 3), (0, 1), (2, 4), (1, 2), (0, 4), (2, 1), (1, 5), (6, 1), (6, 4), (3, 2), (4, 1), (3, 5), (5, 2), (4, 4), (5, 5), (0, 0), (1, 1), (0, 3), (2, 0), (1, 4), (0, 6), (2, 3), (2, 6), (6, 0), (6, 6), (6, 3)})
sp: (2, 5)
bb after remove: frozenset({(4, 0), (3, 4), (4, 3), (3, 1), (5, 4), (4, 6), (5, 1), (0, 2), (0, 5), (2, 2), (1, 0), (1, 6), (1, 3), (6, 2), (6, 5), (4, 2), (3, 0), (4, 5), (3, 3), (5, 0), (5, 6), (3, 6), (5, 3), (0, 1), (2, 4), (1, 2), (0, 4), (2, 1), (1, 5), (6, 1), (6, 4), (3, 2), (4, 1), (3, 5), (5, 2), (4, 4), (5, 5), (0, 0), (1, 1), (0, 3), (2, 0), (1, 4), (0, 6), (2, 3), (2, 6), (6, 0), (6, 6), (6, 3)})
shp after adding objects: {(4, 4), (2, 4), (1, 2), (3, 4), (1, 5), (1, 4), (0, 6), (2, 6), (1, 6), (2, 5), (1, 3)}
shp after ensuring no 1s: {(4, 4), (2, 4), (1, 2), (3, 4), (1, 5), (1, 4), (0, 6), (2, 6), (1, 6), (2, 5), (1, 3)}
shp after checking shape: {(4, 4), (2, 4), (1, 2), (3, 4), (1, 5), (1, 4), (0, 6), (2, 6), (1, 6), (2, 5), (1, 3)}
shp after normalization: frozenset({(2, 4), (1, 2), (0, 4), (1, 1), (4, 2), (1, 4), (2, 3), (2, 2), (1, 0), (3, 2), (1, 3)})
shp after shuffling: [(2, 2), (4, 2), (1, 1), (0, 4), (1, 3), (2, 3), (1, 2), (1, 0), (1, 4), (3, 2), (2, 4)]
a, b, c: (2, 2), (4, 2), (1, 1)
obj: frozenset({(8, (1, 1)), (0, (1, 3)), (0, (1, 2)), (5, (2, 2)), (3, (4, 2)), (0, (1, 0)), (0, (0, 4)), (0, (2, 3)), (0, (1, 4)), (0, (3, 2)), (0, (2, 4))}), oh: 5, ow: 5
opts: frozenset({(15, 21), (18, 17), (7, 17), (8, 0), (19, 0), (8, 9), (0, 5), (11, 5), (8, 18), (19, 18), (0, 14), (0, 23), (11, 23), (4, 2), (22, 10), (3, 6), (22, 19), (3, 15), (3, 24), (14, 24), (7, 3), (18, 3), (7, 12), (7, 21), (18, 21), (8, 4), (19, 4), (0, 0), (11, 0), (0, 9), (10, 22), (22, 5), (3, 1), (14, 1), (22, 14), (3, 10), (22, 23), (3, 19), (14, 19), (15, 2), (7, 7), (7, 16), (21, 18), (11, 4), (10, 8), (10, 17), (2, 13), (2, 22), (22, 0), (22, 9), (3, 5), (14, 5), (22, 18), (3, 14), (3, 23), (14, 23), (7, 2), (18, 2), (7, 11), (6, 15), (21, 13), (6, 24), (21, 22), (10, 3), (2, 8), (10, 21), (2, 17), (22, 4), (3, 0), (14, 0), (22, 13), (3, 9), (3, 18), (14, 18), (17, 20), (6, 10), (21, 8), (6, 19), (21, 17), (10, 7), (2, 3), (10, 16), (2, 12), (2, 21), (22, 8), (3, 4), (14, 4), (9, 11), (5, 22), (17, 24), (9, 20), (6, 5), (21, 3), (6, 14), (21, 12), (6, 23), (21, 21), (10, 2), (2, 7), (2, 16), (13, 22), (16, 18), (17, 1), (5, 8), (9, 6), (5, 17), (17, 19), (9, 15), (9, 24), (6, 0), (6, 9), (21, 7), (6, 18), (21, 16), (20, 20), (10, 6), (2, 2), (2, 11), (1, 15), (13, 17), (1, 24), (16, 22), (5, 3), (17, 5), (9, 1), (5, 12), (9, 10), (5, 21), (17, 23), (9, 19), (6, 4), (21, 2), (6, 13), (20, 24), (12, 20), (13, 3), (1, 10), (1, 19), (13, 21), (16, 17), (17, 0), (5, 7), (9, 5), (5, 16), (9, 14), (20, 1), (12, 6), (20, 19), (12, 15), (4, 11), (12, 24), (4, 20), (1, 5), (16, 3), (1, 14), (1, 23), (16, 21), (5, 2), (17, 4), (9, 0), (5, 11), (9, 9), (8, 13), (8, 22), (19, 22), (0, 18), (11, 18), (20, 5), (12, 1), (20, 23), (4, 6), (12, 19), (4, 15), (4, 24), (1, 0), (13, 2), (1, 9), (1, 18), (15, 20), (5, 6), (8, 8), (0, 4), (8, 17), (19, 17), (0, 13), (0, 22), (11, 22), (20, 0), (12, 5), (20, 18), (4, 1), (4, 10), (12, 23), (4, 19), (1, 4), (16, 2), (1, 13), (15, 24), (7, 20), (18, 20), (8, 3), (19, 3), (8, 12), (0, 8), (11, 8), (8, 21), (19, 21), (0, 17), (11, 17), (20, 4), (12, 0), (4, 5), (4, 14), (22, 22), (15, 1), (7, 6), (15, 19), (7, 15), (7, 24), (18, 24), (8, 7), (0, 3), (11, 3), (8, 16), (0, 12), (0, 21), (11, 21), (12, 4), (4, 0), (4, 9), (22, 17), (3, 13), (3, 22), (14, 22), (15, 5), (7, 1), (18, 1), (7, 10), (15, 23), (7, 19), (18, 19), (8, 2), (19, 2), (8, 11), (0, 7), (11, 7), (0, 16), (11, 16), (10, 20), (22, 3), (22, 12), (3, 8), (22, 21), (3, 17), (14, 17), (15, 0), (7, 5), (18, 5), (15, 18), (7, 14), (7, 23), (18, 23), (0, 2), (11, 2), (10, 15), (10, 24), (2, 20), (22, 7), (3, 3), (14, 3), (22, 16), (3, 12), (3, 21), (14, 21), (15, 4), (7, 0), (18, 0), (7, 9), (18, 18), (21, 11), (6, 22), (21, 20), (10, 1), (2, 6), (10, 19), (2, 15), (2, 24), (22, 2), (22, 11), (3, 7), (22, 20), (3, 16), (17, 18), (7, 4), (9, 23), (18, 4), (6, 8), (21, 6), (6, 17), (21, 15), (21, 24), (10, 5), (2, 1), (2, 10), (10, 23), (2, 19), (22, 6), (3, 2), (14, 2), (3, 11), (5, 20), (17, 22), (9, 18), (6, 3), (21, 1), (6, 12), (21, 10), (6, 21), (21, 19), (10, 0), (10, 9), (2, 5), (10, 18), (2, 14), (2, 23), (22, 1), (13, 20), (9, 4), (5, 15), (17, 17), (9, 13), (5, 24), (9, 22), (6, 7), (21, 5), (6, 16), (21, 14), (21, 23), (10, 4), (2, 0), (2, 9), (13, 6), (2, 18), (1, 22), (13, 24), (16, 20), (5, 1), (17, 3), (5, 10), (9, 8), (5, 19), (17, 21), (9, 17), (6, 2), (21, 0), (6, 11), (21, 9), (6, 20), (20, 22), (12, 18), (2, 4), (4, 23), (13, 1), (1, 8), (1, 17), (13, 19), (16, 24), (5, 5), (9, 3), (5, 14), (9, 12), (5, 23), (9, 21), (6, 6), (21, 4), (20, 17), (12, 22), (4, 18), (1, 3), (13, 5), (16, 1), (1, 12), (1, 21), (13, 23), (16, 19), (5, 0), (17, 2), (5, 9), (9, 7), (5, 18), (9, 16), (6, 1), (8, 20), (19, 20), (20, 3), (20, 21), (4, 4), (12, 17), (4, 13), (4, 22), (13, 0), (1, 7), (16, 5), (1, 16), (13, 18), (16, 23), (5, 4), (9, 2), (5, 13), (8, 6), (8, 15), (0, 11), (8, 24), (19, 24), (0, 20), (11, 20), (12, 3), (4, 8), (12, 21), (4, 17), (1, 2), (13, 4), (16, 0), (1, 11), (1, 20), (15, 22), (7, 18), (8, 1), (19, 1), (8, 10), (0, 6), (11, 6), (8, 19), (19, 19), (0, 15), (11, 15), (0, 24), (11, 24), (20, 2), (12, 7), (4, 3), (12, 16), (4, 12), (4, 21), (1, 6), (16, 4), (15, 17), (7, 13), (7, 22), (18, 22), (8, 5), (19, 5), (0, 1), (11, 1), (8, 14), (0, 10), (8, 23), (19, 23), (0, 19), (11, 19), (20, 6), (12, 2), (4, 7), (4, 16), (22, 15), (22, 24), (1, 1), (3, 20), (14, 20), (15, 3), (7, 8)})
loc: (17, 2)
gi after painting: ((6, 6, 6, 6, 6, 6, 6, 6, 6, 6, 6, 6, 6, 6, 6, 6, 6, 6, 6, 6, 6, 6, 6, 6, 6, 6, 6, 6, 6), (6, 6, 6, 6, 6, 6, 6, 6, 6, 6, 6, 6, 6, 6, 6, 6, 6, 6, 6, 6, 6, 6, 6, 6, 6, 6, 6, 6, 6), (6, 6, 6, 6, 6, 6, 6, 6, 6, 6, 6, 6, 6, 6, 6, 6, 6, 6, 6, 6, 6, 6, 6, 6, 6, 6, 6, 6, 6), (6, 6, 6, 6, 6, 6, 6, 6, 6, 6, 6, 6, 6, 6, 6, 6, 6, 6, 6, 6, 6, 6, 6, 6, 6, 6, 6, 6, 6), (6, 6, 6, 6, 6, 6, 6, 6, 6, 6, 6, 6, 6, 6, 6, 6, 6, 6, 6, 6, 6, 6, 6, 6, 6, 6, 6, 6, 6), (6, 6, 6, 6, 6, 6, 6, 6, 6, 6, 6, 6, 6, 6, 6, 6, 6, 6, 6, 6, 6, 6, 6, 6, 6, 6, 6, 6, 6), (6, 6, 6, 6, 6, 6, 6, 6, 6, 6, 6, 6, 6, 6, 6, 6, 6, 6, 6, 6, 6, 6, 6, 6, 6, 6, 6, 6, 6), (6, 6, 6, 6, 6, 6, 6, 6, 6, 6, 6, 6, 6, 6, 6, 6, 6, 6, 6, 6, 6, 6, 6, 6, 6, 6, 6, 6, 6), (6, 6, 6, 6, 6, 6, 6, 6, 6, 6, 6, 6, 6, 6, 6, 6, 6, 6, 6, 6, 6, 6, 6, 6, 6, 6, 6, 6, 6), (6, 6, 6, 6, 6, 6, 6, 6, 6, 6, 6, 6, 6, 6, 6, 6, 6, 6, 6, 6, 6, 6, 6, 6, 6, 6, 6, 6, 6), (6, 6, 6, 6, 6, 6, 6, 6, 6, 6, 6, 6, 6, 6, 6, 6, 6, 6, 6, 6, 6, 6, 6, 6, 6, 6, 6, 6, 6), (6, 6, 6, 6, 6, 6, 6, 6, 6, 6, 6, 6, 6, 6, 6, 6, 6, 6, 6, 6, 6, 6, 6, 6, 6, 6, 6, 6, 6), (6, 6, 6, 6, 6, 6, 6, 6, 6, 6, 6, 6, 6, 6, 6, 6, 6, 6, 6, 6, 6, 6, 6, 6, 6, 6, 6, 6, 6), (6, 6, 6, 6, 6, 6, 6, 6, 6, 6, 6, 6, 6, 6, 6, 6, 6, 6, 6, 6, 6, 6, 6, 6, 6, 6, 6, 6, 6), (6, 6, 6, 6, 6, 6, 6, 6, 6, 6, 6, 6, 6, 6, 6, 6, 6, 6, 6, 6, 6, 6, 6, 6, 6, 6, 6, 6, 6), (6, 6, 6, 6, 6, 6, 6, 6, 6, 6, 6, 6, 6, 0, 0, 0, 6, 6, 6, 6, 6, 6, 6, 6, 6, 6, 6, 6, 6), (6, 6, 6, 6, 6, 6, 6, 6, 6, 6, 6, 6, 0, 0, 0, 0, 6, 6, 6, 6, 6, 6, 6, 6, 6, 6, 6, 6, 6), (6, 6, 6, 6, 6, 6, 0, 6, 6, 6, 6, 0, 6, 0, 8, 0, 6, 6, 6, 6, 6, 6, 6, 6, 6, 6, 6, 6, 6), (6, 6, 0, 8, 0, 0, 0, 6, 6, 6, 6, 0, 0, 6, 0, 0, 6, 6, 6, 6, 6, 6, 6, 6, 6, 6, 6, 6, 6), (6, 6, 6, 6, 5, 0, 0, 6, 6, 6, 6, 6, 0, 5, 0, 3, 6, 6, 6, 6, 6, 6, 6, 6, 6, 6, 6, 6, 6), (6, 6, 6, 6, 0, 6, 6, 6, 6, 6, 6, 6, 6, 6, 6, 6, 6, 6, 6, 6, 6, 6, 6, 6, 6, 6, 6, 6, 6), (6, 6, 6, 6, 3, 6, 6, 6, 6, 6, 6, 6, 6, 6, 6, 6, 6, 6, 6, 6, 6, 6, 6, 6, 6, 6, 6, 6, 6), (6, 6, 6, 6, 6, 6, 6, 6, 6, 6, 6, 6, 6, 6, 6, 6, 6, 6, 6, 6, 6, 6, 6, 6, 6, 6, 6, 6, 6), (6, 6, 6, 6, 6, 6, 6, 6, 6, 6, 6, 6, 6, 6, 6, 6, 6, 6, 6, 6, 6, 6, 6, 6, 6, 6, 6, 6, 6), (6, 6, 6, 6, 6, 6, 6, 6, 6, 6, 6, 6, 6, 6, 6, 6, 6, 6, 6, 6, 6, 6, 6, 6, 6, 6, 6, 6, 6), (6, 6, 6, 6, 6, 6, 6, 6, 6, 6, 6, 6, 6, 6, 6, 6, 6, 6, 6, 6, 6, 6, 6, 6, 6, 6, 6, 6, 6), (6, 6, 6, 6, 6, 6, 6, 6, 6, 6, 6, 6, 6, 6, 6, 6, 6, 6, 6, 6, 6, 6, 6, 6, 6, 6, 6, 6, 6))
shpplcd: frozenset({(18, 4), (19, 4), (20, 4), (18, 3), (19, 6), (17, 6), (18, 6), (18, 2), (18, 5), (21, 4), (19, 5)})
inds after updating: frozenset({(15, 21), (26, 21), (7, 17), (18, 17), (7, 26), (18, 26), (8, 0), (19, 0), (8, 9), (19, 9), (0, 5), (11, 5), (8, 18), (19, 18), (0, 14), (11, 14), (0, 23), (11, 23), (10, 27), (25, 25), (4, 2), (22, 10), (3, 6), (22, 19), (3, 15), (22, 28), (3, 24), (14, 24), (15, 7), (26, 7), (7, 3), (26, 16), (7, 12), (15, 25), (26, 25), (7, 21), (18, 21), (8, 4), (0, 0), (11, 0), (0, 9), (11, 9), (25, 11), (10, 22), (25, 20), (2, 27), (3, 1), (14, 1), (22, 14), (3, 10), (14, 10), (22, 23), (3, 19), (14, 19), (3, 28), (14, 28), (15, 2), (26, 2), (26, 11), (7, 7), (26, 20), (7, 16), (21, 18), (21, 27), (11, 4), (10, 8), (25, 6), (10, 17), (2, 13), (25, 15), (10, 26), (2, 22), (25, 24), (22, 0), (22, 9), (3, 5), (14, 5), (22, 18), (3, 14), (22, 27), (3, 23), (14, 23), (15, 6), (17, 25), (26, 6), (7, 2), (7, 11), (6, 15), (21, 13), (6, 24), (21, 22), (10, 3), (25, 1), (10, 12), (2, 8), (25, 10), (10, 21), (2, 17), (25, 19), (2, 26), (25, 28), (3, 0), (14, 0), (22, 13), (3, 9), (14, 9), (3, 18), (14, 18), (26, 1), (17, 20), (5, 27), (9, 25), (6, 10), (21, 8), (6, 19), (21, 17), (6, 28), (21, 26), (10, 7), (2, 3), (25, 5), (10, 16), (2, 12), (25, 14), (10, 25), (2, 21), (22, 8), (13, 27), (24, 27), (3, 4), (14, 4), (9, 11), (5, 22), (17, 24), (9, 20), (6, 5), (6, 14), (21, 12), (6, 23), (21, 21), (10, 2), (25, 0), (10, 11), (2, 7), (25, 9), (2, 16), (13, 13), (24, 13), (13, 22), (24, 22), (16, 18), (16, 27), (5, 8), (9, 6), (5, 17), (17, 19), (9, 15), (5, 26), (17, 28), (9, 24), (6, 0), (6, 9), (21, 7), (6, 18), (21, 16), (20, 20), (10, 6), (12, 25), (23, 25), (2, 2), (2, 11), (13, 8), (24, 8), (1, 15), (13, 17), (24, 17), (1, 24), (13, 26), (24, 26), (16, 22), (5, 3), (9, 1), (5, 12), (9, 10), (5, 21), (17, 23), (9, 19), (9, 28), (6, 4), (21, 2), (6, 13), (20, 24), (12, 20), (23, 20), (4, 25), (13, 3), (24, 3), (1, 10), (13, 12), (24, 12), (16, 8), (1, 19), (13, 21), (24, 21), (16, 17), (1, 28), (16, 26), (17, 0), (5, 7), (17, 9), (9, 5), (5, 16), (9, 14), (5, 25), (8, 27), (19, 27), (20, 1), (20, 10), (12, 6), (23, 6), (20, 19), (12, 15), (23, 15), (20, 28), (4, 11), (12, 24), (23, 24), (4, 20), (1, 5), (13, 7), (24, 7), (16, 3), (1, 14), (13, 16), (24, 16), (1, 23), (24, 25), (16, 21), (5, 2), (9, 0), (5, 11), (9, 9), (8, 13), (8, 22), (19, 22), (0, 18), (11, 18), (0, 27), (11, 27), (12, 1), (23, 1), (12, 10), (23, 10), (20, 23), (4, 6), (12, 19), (23, 19), (4, 15), (12, 28), (23, 28), (4, 24), (1, 0), (13, 2), (24, 2), (1, 9), (13, 11), (24, 11), (1, 18), (15, 20), (5, 6), (7, 25), (18, 25), (8, 8), (19, 8), (0, 4), (8, 17), (19, 17), (0, 13), (11, 13), (8, 26), (19, 26), (0, 22), (11, 22), (20, 0), (20, 9), (12, 5), (23, 5), (20, 18), (4, 1), (12, 14), (23, 14), (4, 10), (12, 23), (23, 23), (4, 19), (4, 28), (1, 4), (24, 6), (16, 2), (1, 13), (26, 15), (15, 24), (26, 24), (7, 20), (18, 20), (8, 3), (8, 12), (0, 8), (11, 8), (8, 21), (19, 21), (0, 17), (11, 17), (0, 26), (11, 26), (12, 0), (23, 0), (12, 9), (23, 9), (4, 5), (23, 18), (4, 14), (22, 22), (3, 27), (14, 27), (15, 1), (15, 10), (26, 10), (7, 6), (15, 19), (26, 19), (7, 15), (15, 28), (26, 28), (7, 24), (18, 24), (8, 7), (0, 3), (11, 3), (8, 16), (0, 12), (11, 12), (19, 25), (0, 21), (11, 21), (12, 4), (23, 4), (25, 23), (4, 0), (4, 9), (22, 17), (3, 13), (22, 26), (3, 22), (14, 22), (15, 5), (26, 5), (7, 1), (26, 14), (7, 10), (15, 23), (26, 23), (7, 19), (18, 19), (7, 28), (18, 28), (8, 2), (8, 11), (0, 7), (11, 7), (0, 16), (11, 16), (10, 20), (25, 18), (2, 25), (25, 27), (22, 12), (3, 8), (14, 8), (22, 21), (3, 17), (14, 17), (3, 26), (14, 26), (15, 0), (26, 0), (15, 9), (26, 9), (7, 5), (15, 18), (26, 18), (7, 14), (7, 23), (18, 23), (6, 27), (21, 25), (0, 2), (11, 2), (25, 4), (10, 15), (25, 13), (10, 24), (2, 20), (25, 22), (22, 7), (3, 3), (14, 3), (22, 16), (3, 12), (22, 25), (3, 21), (14, 21), (15, 4), (26, 4), (7, 0), (18, 0), (26, 13), (7, 9), (18, 9), (18, 18), (21, 11), (6, 22), (21, 20), (10, 1), (10, 10), (2, 6), (25, 8), (10, 19), (7, 8), (2, 15), (25, 17), (10, 28), (2, 24), (25, 26), (22, 2), (22, 11), (3, 7), (14, 7), (22, 20), (3, 16), (3, 25), (14, 25), (17, 18), (17, 27), (7, 4), (9, 23), (6, 8), (21, 6), (6, 17), (21, 15), (6, 26), (21, 24), (10, 5), (2, 1), (25, 3), (10, 14), (2, 10), (25, 12), (10, 23), (2, 19), (25, 21), (2, 28), (22, 6), (13, 25), (3, 2), (14, 2), (3, 11), (14, 11), (5, 20), (17, 22), (9, 18), (9, 27), (6, 3), (21, 1), (6, 12), (21, 10), (6, 21), (21, 19), (21, 28), (10, 0), (10, 9), (2, 5), (25, 7), (10, 18), (2, 14), (25, 16), (2, 23), (22, 1), (13, 20), (24, 20), (1, 27), (14, 6), (16, 25), (17, 8), (9, 4), (5, 15), (17, 17), (9, 13), (5, 24), (17, 26), (9, 22), (6, 7), (6, 16), (21, 14), (6, 25), (21, 23), (20, 27), (10, 4), (2, 0), (25, 2), (10, 13), (2, 9), (13, 6), (2, 18), (13, 15), (24, 15), (1, 22), (13, 24), (24, 24), (16, 20), (5, 1), (5, 10), (9, 8), (5, 19), (17, 21), (9, 17), (5, 28), (9, 26), (6, 2), (21, 0), (6, 11), (21, 9), (6, 20), (20, 22), (12, 18), (12, 27), (23, 27), (2, 4), (4, 23), (13, 1), (24, 1), (1, 8), (13, 10), (24, 10), (1, 17), (13, 19), (24, 19), (1, 26), (13, 28), (24, 28), (16, 24), (5, 5), (9, 3), (5, 14), (9, 12), (5, 23), (9, 21), (6, 6), (8, 25), (20, 8), (20, 17), (12, 13), (23, 13), (20, 26), (12, 22), (23, 22), (4, 18), (4, 27), (1, 3), (13, 5), (24, 5), (16, 1), (1, 12), (13, 14), (24, 14), (1, 21), (13, 23), (24, 23), (16, 19), (16, 28), (5, 0), (5, 9), (9, 7), (5, 18), (9, 16), (6, 1), (8, 20), (19, 20), (0, 25), (11, 25), (12, 8), (23, 8), (20, 21), (4, 4), (12, 17), (23, 17), (4, 13), (12, 26), (23, 26), (4, 22), (13, 0), (24, 0), (1, 7), (13, 9), (24, 9), (1, 16), (13, 18), (24, 18), (1, 25), (16, 23), (15, 27), (26, 27), (5, 4), (9, 2), (5, 13), (8, 6), (8, 15), (0, 11), (11, 11), (8, 24), (19, 24), (0, 20), (11, 20), (12, 3), (23, 3), (12, 12), (23, 12), (20, 25), (4, 8), (12, 21), (23, 21), (4, 17), (4, 26), (1, 2), (13, 4), (24, 4), (16, 0), (1, 11), (16, 9), (1, 20), (15, 22), (26, 22), (7, 18), (7, 27), (18, 27), (8, 1), (8, 10), (0, 6), (11, 6), (8, 19), (19, 19), (0, 15), (11, 15), (8, 28), (19, 28), (0, 24), (11, 24), (20, 2), (12, 7), (23, 7), (4, 3), (12, 16), (23, 16), (4, 12), (4, 21), (1, 6), (16, 4), (15, 8), (26, 8), (15, 17), (26, 17), (7, 13), (15, 26), (26, 26), (7, 22), (18, 22), (8, 5), (0, 1), (11, 1), (8, 14), (0, 10), (11, 10), (8, 23), (19, 23), (0, 19), (11, 19), (0, 28), (11, 28), (12, 2), (23, 2), (12, 11), (23, 11), (4, 7), (4, 16), (22, 15), (22, 24), (1, 1), (3, 20), (14, 20), (15, 3), (26, 3), (26, 12), (18, 8)})
trforsrc: 3
objsize: 20
bb: frozenset({(4, 0), (3, 4), (4, 3), (3, 1), (5, 4), (4, 6), (5, 1), (0, 2), (0, 5), (2, 2), (1, 0), (1, 6), (2, 5), (1, 3), (6, 2), (6, 5), (4, 2), (3, 0), (4, 5), (3, 3), (5, 0), (5, 6), (3, 6), (5, 3), (0, 1), (2, 4), (1, 2), (0, 4), (2, 1), (1, 5), (6, 1), (6, 4), (3, 2), (4, 1), (3, 5), (5, 2), (4, 4), (5, 5), (0, 0), (1, 1), (0, 3), (2, 0), (1, 4), (0, 6), (2, 3), (2, 6), (6, 0), (6, 6), (6, 3)})
sp: (0, 6)
bb after remove: frozenset({(4, 0), (3, 4), (4, 3), (3, 1), (5, 4), (4, 6), (5, 1), (0, 2), (0, 5), (2, 2), (1, 0), (1, 6), (2, 5), (1, 3), (6, 2), (6, 5), (4, 2), (3, 0), (4, 5), (3, 3), (5, 0), (5, 6), (3, 6), (5, 3), (0, 1), (2, 4), (1, 2), (0, 4), (2, 1), (1, 5), (6, 1), (6, 4), (3, 2), (4, 1), (3, 5), (5, 2), (4, 4), (5, 5), (0, 0), (1, 1), (0, 3), (2, 0), (1, 4), (2, 3), (2, 6), (6, 0), (6, 6), (6, 3)})
shp after adding objects: {(3, 4), (4, 3), (0, 2), (0, 5), (1, 6), (2, 5), (1, 3), (4, 5), (3, 3), (3, 6), (0, 1), (2, 4), (0, 4), (1, 5), (3, 5), (5, 5), (0, 3), (0, 6), (2, 3), (2, 6)}
shp after ensuring no 1s: {(3, 4), (4, 3), (0, 2), (0, 5), (1, 6), (2, 5), (1, 3), (4, 5), (3, 3), (3, 6), (0, 1), (2, 4), (0, 4), (1, 5), (3, 5), (5, 5), (0, 3), (0, 6), (2, 3), (2, 6)}
shp after checking shape: {(3, 4), (4, 3), (0, 2), (0, 5), (1, 6), (2, 5), (1, 3), (4, 5), (3, 3), (3, 6), (0, 1), (2, 4), (0, 4), (1, 5), (3, 5), (5, 5), (0, 3), (0, 6), (2, 3), (2, 6)}
shp after normalization: frozenset({(3, 4), (5, 4), (0, 2), (0, 5), (2, 2), (2, 5), (4, 2), (3, 3), (0, 1), (2, 4), (1, 2), (0, 4), (1, 5), (3, 2), (3, 5), (4, 4), (0, 0), (0, 3), (1, 4), (2, 3)})
shp after shuffling: [(3, 2), (3, 5), (2, 5), (1, 4), (4, 4), (1, 2), (1, 5), (0, 0), (5, 4), (0, 4), (2, 4), (3, 3), (0, 1), (0, 5), (0, 2), (0, 3), (2, 3), (4, 2), (2, 2), (3, 4)]
a, b, c: (3, 2), (3, 5), (2, 5)
trforsrc: 4
objsize: 14
bb: frozenset({(4, 0), (3, 4), (4, 3), (3, 1), (5, 4), (4, 6), (5, 1), (0, 2), (0, 5), (2, 2), (1, 0), (1, 6), (2, 5), (1, 3), (6, 2), (6, 5), (4, 2), (3, 0), (4, 5), (3, 3), (5, 0), (5, 6), (3, 6), (5, 3), (0, 1), (2, 4), (1, 2), (0, 4), (2, 1), (1, 5), (6, 1), (6, 4), (3, 2), (4, 1), (3, 5), (5, 2), (4, 4), (5, 5), (0, 0), (1, 1), (0, 3), (2, 0), (1, 4), (0, 6), (2, 3), (2, 6), (6, 0), (6, 6), (6, 3)})
sp: (3, 3)
bb after remove: frozenset({(4, 0), (3, 4), (4, 3), (3, 1), (5, 4), (4, 6), (5, 1), (0, 2), (0, 5), (2, 2), (1, 0), (1, 6), (2, 5), (1, 3), (6, 2), (6, 5), (4, 2), (3, 0), (4, 5), (5, 0), (5, 6), (3, 6), (5, 3), (0, 1), (2, 4), (1, 2), (0, 4), (2, 1), (1, 5), (6, 1), (6, 4), (3, 2), (4, 1), (3, 5), (5, 2), (4, 4), (5, 5), (0, 0), (1, 1), (0, 3), (2, 0), (1, 4), (0, 6), (2, 3), (2, 6), (6, 0), (6, 6), (6, 3)})
shp after adding objects: {(2, 4), (0, 4), (2, 1), (4, 3), (0, 3), (2, 0), (6, 4), (2, 3), (3, 3), (2, 2), (5, 3), (3, 2), (6, 3), (1, 3)}
shp after ensuring no 1s: {(2, 4), (0, 4), (2, 1), (4, 3), (0, 3), (2, 0), (6, 4), (2, 3), (3, 3), (2, 2), (5, 3), (3, 2), (6, 3), (1, 3)}
shp after checking shape: {(2, 4), (0, 4), (2, 1), (4, 3), (0, 3), (2, 0), (6, 4), (2, 3), (3, 3), (2, 2), (5, 3), (3, 2), (6, 3), (1, 3)}
shp after normalization: frozenset({(2, 4), (0, 4), (2, 1), (4, 3), (0, 3), (2, 0), (6, 4), (2, 3), (3, 3), (2, 2), (5, 3), (3, 2), (6, 3), (1, 3)})
shp after shuffling: [(2, 1), (1, 3), (2, 2), (0, 3), (2, 4), (3, 2), (0, 4), (6, 4), (2, 0), (5, 3), (4, 3), (2, 3), (6, 3), (3, 3)]
a, b, c: (2, 1), (1, 3), (2, 2)
obj: frozenset({(8, (2, 2)), (0, (0, 3)), (0, (2, 0)), (0, (6, 4)), (3, (1, 3)), (0, (3, 3)), (0, (0, 4)), (0, (3, 2)), (0, (2, 3)), (0, (6, 3)), (0, (4, 3)), (0, (5, 3)), (5, (2, 1)), (0, (2, 4))}), oh: 7, ow: 5
opts: frozenset({(15, 21), (18, 17), (7, 17), (8, 0), (0, 5), (11, 5), (8, 18), (19, 18), (0, 14), (0, 23), (11, 23), (4, 2), (3, 6), (3, 15), (3, 24), (14, 24), (7, 3), (7, 12), (7, 21), (18, 21), (8, 4), (0, 0), (0, 9), (10, 22), (3, 1), (3, 10), (3, 19), (14, 19), (7, 7), (7, 16), (10, 17), (2, 13), (2, 22), (3, 5), (3, 14), (3, 23), (14, 23), (7, 2), (7, 11), (6, 15), (6, 24), (2, 8), (10, 21), (2, 17), (3, 0), (3, 9), (3, 18), (14, 18), (17, 20), (6, 10), (6, 19), (2, 3), (10, 16), (2, 12), (2, 21), (3, 4), (5, 22), (17, 24), (9, 20), (6, 5), (6, 14), (6, 23), (2, 7), (2, 16), (13, 22), (16, 18), (5, 8), (9, 6), (5, 17), (17, 19), (9, 15), (9, 24), (6, 0), (6, 9), (6, 18), (20, 20), (2, 2), (2, 11), (1, 15), (13, 17), (1, 24), (16, 22), (5, 3), (9, 1), (5, 12), (5, 21), (17, 23), (9, 19), (6, 4), (6, 13), (20, 24), (12, 20), (1, 10), (1, 19), (13, 21), (16, 17), (5, 7), (9, 5), (5, 16), (9, 14), (20, 19), (4, 11), (12, 24), (4, 20), (1, 5), (1, 14), (1, 23), (16, 21), (5, 2), (9, 0), (5, 11), (8, 22), (19, 22), (0, 18), (11, 18), (20, 23), (4, 6), (12, 19), (4, 15), (4, 24), (1, 0), (1, 9), (1, 18), (15, 20), (5, 6), (0, 4), (8, 17), (19, 17), (0, 13), (0, 22), (11, 22), (12, 5), (20, 18), (4, 1), (4, 10), (12, 23), (4, 19), (1, 4), (1, 13), (15, 24), (7, 20), (18, 20), (8, 3), (0, 8), (8, 21), (19, 21), (0, 17), (11, 17), (4, 5), (4, 14), (7, 6), (15, 19), (7, 15), (7, 24), (18, 24), (8, 7), (0, 3), (8, 16), (0, 12), (0, 21), (11, 21), (4, 0), (4, 9), (3, 13), (3, 22), (14, 22), (7, 1), (7, 10), (15, 23), (7, 19), (18, 19), (8, 2), (0, 7), (0, 16), (11, 16), (10, 20), (3, 8), (3, 17), (14, 17), (7, 5), (15, 18), (7, 14), (7, 23), (18, 23), (0, 2), (10, 15), (10, 24), (2, 20), (3, 3), (3, 12), (3, 21), (14, 21), (7, 0), (7, 9), (18, 18), (6, 22), (2, 6), (10, 19), (2, 15), (2, 24), (3, 7), (3, 16), (17, 18), (7, 4), (9, 23), (6, 8), (6, 17), (10, 5), (2, 1), (10, 14), (2, 10), (10, 23), (2, 19), (3, 2), (3, 11), (5, 20), (17, 22), (9, 18), (6, 3), (6, 12), (6, 21), (10, 0), (2, 5), (10, 18), (2, 14), (2, 23), (13, 20), (9, 4), (5, 15), (17, 17), (5, 24), (9, 22), (6, 7), (6, 16), (2, 0), (2, 9), (2, 18), (13, 24), (1, 22), (16, 20), (5, 1), (5, 10), (5, 19), (17, 21), (9, 17), (6, 2), (6, 11), (6, 20), (20, 22), (12, 18), (2, 4), (4, 23), (1, 8), (1, 17), (13, 19), (16, 24), (5, 5), (9, 3), (5, 14), (5, 23), (9, 21), (6, 6), (20, 17), (12, 22), (4, 18), (1, 3), (1, 12), (1, 21), (13, 23), (16, 19), (5, 0), (5, 9), (5, 18), (9, 16), (6, 1), (8, 20), (19, 20), (20, 21), (4, 4), (12, 17), (4, 13), (4, 22), (1, 7), (1, 16), (13, 18), (16, 23), (5, 4), (9, 2), (5, 13), (8, 6), (8, 15), (0, 11), (8, 24), (19, 24), (0, 20), (11, 20), (4, 8), (12, 21), (4, 17), (1, 2), (1, 11), (1, 20), (15, 22), (7, 18), (8, 1), (0, 6), (8, 19), (19, 19), (0, 15), (11, 15), (0, 24), (11, 24), (4, 3), (4, 12), (4, 21), (1, 6), (15, 17), (7, 13), (7, 22), (18, 22), (8, 5), (0, 1), (8, 14), (0, 10), (8, 23), (19, 23), (0, 19), (11, 19), (4, 7), (4, 16), (1, 1), (3, 20), (14, 20), (7, 8)})
loc: (6, 18)
gi after painting: ((6, 6, 6, 6, 6, 6, 6, 6, 6, 6, 6, 6, 6, 6, 6, 6, 6, 6, 6, 6, 6, 6, 6, 6, 6, 6, 6, 6, 6), (6, 6, 6, 6, 6, 6, 6, 6, 6, 6, 6, 6, 6, 6, 6, 6, 6, 6, 6, 6, 6, 6, 6, 6, 6, 6, 6, 6, 6), (6, 6, 6, 6, 6, 6, 6, 6, 6, 6, 6, 6, 6, 6, 6, 6, 6, 6, 6, 6, 6, 6, 6, 6, 6, 6, 6, 6, 6), (6, 6, 6, 6, 6, 6, 6, 6, 6, 6, 6, 6, 6, 6, 6, 6, 6, 6, 6, 6, 6, 6, 6, 6, 6, 6, 6, 6, 6), (6, 6, 6, 6, 6, 6, 6, 6, 6, 6, 6, 6, 6, 6, 6, 6, 6, 6, 6, 6, 6, 6, 6, 6, 6, 6, 6, 6, 6), (6, 6, 6, 6, 6, 6, 6, 6, 6, 6, 6, 6, 6, 6, 6, 6, 6, 6, 6, 6, 6, 6, 6, 6, 6, 6, 6, 6, 6), (6, 6, 6, 6, 6, 6, 6, 6, 6, 6, 6, 6, 6, 6, 6, 6, 6, 6, 6, 6, 6, 0, 0, 6, 6, 6, 6, 6, 6), (6, 6, 6, 6, 6, 6, 6, 6, 6, 6, 6, 6, 6, 6, 6, 6, 6, 6, 6, 6, 6, 3, 6, 6, 6, 6, 6, 6, 6), (6, 6, 6, 6, 6, 6, 6, 6, 6, 6, 6, 6, 6, 6, 6, 6, 6, 6, 0, 5, 8, 0, 0, 6, 6, 6, 6, 6, 6), (6, 6, 6, 6, 6, 6, 6, 6, 6, 6, 6, 6, 6, 6, 6, 6, 6, 6, 6, 6, 0, 0, 6, 6, 6, 6, 6, 6, 6), (6, 6, 6, 6, 6, 6, 6, 6, 6, 6, 6, 6, 6, 6, 6, 6, 6, 6, 6, 6, 6, 0, 6, 6, 6, 6, 6, 6, 6), (6, 6, 6, 6, 6, 6, 6, 6, 6, 6, 6, 6, 6, 6, 6, 6, 6, 6, 6, 6, 6, 0, 6, 6, 6, 6, 6, 6, 6), (6, 6, 6, 6, 6, 6, 6, 6, 6, 6, 6, 6, 6, 6, 6, 6, 6, 6, 6, 6, 6, 0, 0, 6, 6, 6, 6, 6, 6), (6, 6, 6, 6, 6, 6, 6, 6, 6, 6, 6, 6, 6, 6, 6, 6, 6, 6, 6, 6, 6, 6, 6, 6, 6, 6, 6, 6, 6), (6, 6, 6, 6, 6, 6, 6, 6, 6, 6, 6, 6, 6, 6, 6, 6, 6, 6, 6, 6, 6, 6, 6, 6, 6, 6, 6, 6, 6), (6, 6, 6, 6, 6, 6, 6, 6, 6, 6, 6, 6, 6, 0, 0, 0, 6, 6, 6, 6, 6, 6, 6, 6, 6, 6, 6, 6, 6), (6, 6, 6, 6, 6, 6, 6, 6, 6, 6, 6, 6, 0, 0, 0, 0, 6, 6, 6, 6, 6, 6, 6, 6, 6, 6, 6, 6, 6), (6, 6, 6, 6, 6, 6, 0, 6, 6, 6, 6, 0, 6, 0, 8, 0, 6, 6, 6, 6, 6, 6, 6, 6, 6, 6, 6, 6, 6), (6, 6, 0, 8, 0, 0, 0, 6, 6, 6, 6, 0, 0, 6, 0, 0, 6, 6, 6, 6, 6, 6, 6, 6, 6, 6, 6, 6, 6), (6, 6, 6, 6, 5, 0, 0, 6, 6, 6, 6, 6, 0, 5, 0, 3, 6, 6, 6, 6, 6, 6, 6, 6, 6, 6, 6, 6, 6), (6, 6, 6, 6, 0, 6, 6, 6, 6, 6, 6, 6, 6, 6, 6, 6, 6, 6, 6, 6, 6, 6, 6, 6, 6, 6, 6, 6, 6), (6, 6, 6, 6, 3, 6, 6, 6, 6, 6, 6, 6, 6, 6, 6, 6, 6, 6, 6, 6, 6, 6, 6, 6, 6, 6, 6, 6, 6), (6, 6, 6, 6, 6, 6, 6, 6, 6, 6, 6, 6, 6, 6, 6, 6, 6, 6, 6, 6, 6, 6, 6, 6, 6, 6, 6, 6, 6), (6, 6, 6, 6, 6, 6, 6, 6, 6, 6, 6, 6, 6, 6, 6, 6, 6, 6, 6, 6, 6, 6, 6, 6, 6, 6, 6, 6, 6), (6, 6, 6, 6, 6, 6, 6, 6, 6, 6, 6, 6, 6, 6, 6, 6, 6, 6, 6, 6, 6, 6, 6, 6, 6, 6, 6, 6, 6), (6, 6, 6, 6, 6, 6, 6, 6, 6, 6, 6, 6, 6, 6, 6, 6, 6, 6, 6, 6, 6, 6, 6, 6, 6, 6, 6, 6, 6), (6, 6, 6, 6, 6, 6, 6, 6, 6, 6, 6, 6, 6, 6, 6, 6, 6, 6, 6, 6, 6, 6, 6, 6, 6, 6, 6, 6, 6))
shpplcd: frozenset({(10, 21), (9, 20), (6, 21), (8, 20), (9, 21), (8, 19), (12, 22), (12, 21), (8, 22), (11, 21), (8, 18), (7, 21), (8, 21), (6, 22)})
inds after updating: frozenset({(15, 21), (26, 21), (18, 17), (7, 26), (18, 26), (8, 0), (19, 0), (8, 9), (19, 9), (0, 5), (11, 5), (19, 18), (0, 14), (11, 14), (0, 23), (10, 27), (25, 25), (4, 2), (22, 10), (3, 6), (22, 19), (3, 15), (22, 28), (3, 24), (14, 24), (15, 7), (26, 7), (7, 3), (26, 16), (7, 12), (15, 25), (26, 25), (18, 21), (8, 4), (0, 0), (11, 0), (0, 9), (11, 9), (25, 11), (25, 20), (2, 27), (3, 1), (14, 1), (22, 14), (3, 10), (14, 10), (22, 23), (3, 19), (14, 19), (3, 28), (14, 28), (15, 2), (26, 2), (26, 11), (7, 7), (26, 20), (7, 16), (21, 18), (21, 27), (11, 4), (10, 8), (25, 6), (10, 17), (2, 13), (25, 15), (10, 26), (2, 22), (25, 24), (22, 0), (22, 9), (3, 5), (14, 5), (22, 18), (3, 14), (22, 27), (3, 23), (14, 23), (15, 6), (17, 25), (26, 6), (7, 2), (7, 11), (6, 15), (21, 13), (6, 24), (21, 22), (10, 3), (25, 1), (10, 12), (2, 8), (25, 10), (2, 17), (25, 19), (2, 26), (25, 28), (3, 0), (14, 0), (22, 13), (3, 9), (14, 9), (3, 18), (14, 18), (26, 1), (17, 20), (5, 27), (9, 25), (6, 10), (21, 8), (6, 19), (21, 17), (6, 28), (21, 26), (10, 7), (2, 3), (25, 5), (10, 16), (2, 12), (25, 14), (10, 25), (2, 21), (22, 8), (13, 27), (24, 27), (3, 4), (14, 4), (9, 11), (17, 24), (6, 5), (6, 14), (21, 12), (21, 21), (10, 2), (25, 0), (10, 11), (2, 7), (25, 9), (2, 16), (13, 13), (24, 13), (24, 22), (16, 18), (16, 27), (5, 8), (9, 6), (5, 17), (17, 19), (9, 15), (5, 26), (17, 28), (9, 24), (6, 0), (6, 9), (21, 7), (6, 18), (21, 16), (20, 20), (10, 6), (12, 25), (23, 25), (2, 2), (2, 11), (13, 8), (24, 8), (1, 15), (13, 17), (24, 17), (1, 24), (13, 26), (24, 26), (16, 22), (5, 3), (9, 1), (5, 12), (9, 10), (17, 23), (9, 28), (6, 4), (21, 2), (6, 13), (20, 24), (23, 20), (4, 25), (13, 3), (24, 3), (1, 10), (13, 12), (24, 12), (16, 8), (1, 19), (24, 21), (16, 17), (1, 28), (16, 26), (17, 0), (5, 7), (17, 9), (9, 5), (5, 16), (9, 14), (5, 25), (8, 27), (19, 27), (20, 1), (20, 10), (12, 6), (23, 6), (20, 19), (12, 15), (23, 15), (20, 28), (4, 11), (12, 24), (23, 24), (4, 20), (1, 5), (13, 7), (24, 7), (16, 3), (1, 14), (13, 16), (24, 16), (1, 23), (24, 25), (16, 21), (5, 2), (9, 0), (5, 11), (9, 9), (8, 13), (19, 22), (0, 18), (11, 18), (0, 27), (11, 27), (12, 1), (23, 1), (12, 10), (23, 10), (20, 23), (4, 6), (12, 19), (23, 19), (4, 15), (12, 28), (23, 28), (4, 24), (1, 0), (13, 2), (24, 2), (1, 9), (13, 11), (24, 11), (1, 18), (15, 20), (5, 6), (7, 25), (18, 25), (8, 8), (19, 8), (0, 4), (19, 17), (0, 13), (11, 13), (8, 26), (19, 26), (0, 22), (20, 0), (20, 9), (12, 5), (23, 5), (20, 18), (4, 1), (12, 14), (23, 14), (4, 10), (23, 23), (4, 19), (4, 28), (1, 4), (24, 6), (16, 2), (1, 13), (26, 15), (15, 24), (26, 24), (18, 20), (8, 3), (8, 12), (0, 8), (11, 8), (19, 21), (0, 17), (11, 17), (0, 26), (11, 26), (12, 0), (23, 0), (12, 9), (23, 9), (4, 5), (23, 18), (4, 14), (22, 22), (3, 27), (14, 27), (15, 1), (15, 10), (26, 10), (7, 6), (15, 19), (26, 19), (7, 15), (15, 28), (26, 28), (7, 24), (18, 24), (8, 7), (0, 3), (11, 3), (8, 16), (0, 12), (11, 12), (19, 25), (0, 21), (12, 4), (23, 4), (25, 23), (4, 0), (4, 9), (22, 17), (3, 13), (22, 26), (3, 22), (14, 22), (15, 5), (26, 5), (7, 1), (26, 14), (7, 10), (15, 23), (26, 23), (18, 19), (7, 28), (18, 28), (8, 2), (8, 11), (0, 7), (11, 7), (0, 16), (11, 16), (25, 18), (2, 25), (25, 27), (22, 12), (3, 8), (14, 8), (22, 21), (3, 17), (14, 17), (3, 26), (14, 26), (15, 0), (26, 0), (15, 9), (26, 9), (7, 5), (15, 18), (26, 18), (7, 14), (18, 23), (6, 27), (21, 25), (0, 2), (11, 2), (25, 4), (10, 15), (25, 13), (10, 24), (2, 20), (25, 22), (22, 7), (3, 3), (14, 3), (22, 16), (3, 12), (22, 25), (3, 21), (14, 21), (15, 4), (26, 4), (7, 0), (18, 0), (26, 13), (7, 9), (18, 9), (18, 18), (21, 11), (21, 20), (10, 1), (10, 10), (2, 6), (25, 8), (7, 8), (2, 15), (25, 17), (10, 28), (2, 24), (25, 26), (22, 2), (22, 11), (3, 7), (14, 7), (22, 20), (3, 16), (3, 25), (14, 25), (17, 18), (17, 27), (7, 4), (6, 8), (21, 6), (6, 17), (21, 15), (6, 26), (21, 24), (10, 5), (2, 1), (25, 3), (10, 14), (2, 10), (25, 12), (10, 23), (2, 19), (25, 21), (2, 28), (22, 6), (13, 25), (3, 2), (14, 2), (3, 11), (14, 11), (17, 22), (9, 27), (6, 3), (21, 1), (6, 12), (21, 10), (21, 19), (21, 28), (10, 0), (10, 9), (2, 5), (25, 7), (10, 18), (2, 14), (25, 16), (2, 23), (22, 1), (24, 20), (1, 27), (14, 6), (16, 25), (17, 8), (9, 4), (5, 15), (17, 17), (9, 13), (5, 24), (17, 26), (6, 7), (6, 16), (21, 14), (6, 25), (21, 23), (20, 27), (10, 4), (2, 0), (25, 2), (10, 13), (2, 9), (13, 6), (2, 18), (13, 15), (24, 15), (1, 22), (13, 24), (24, 24), (16, 20), (5, 1), (5, 10), (9, 8), (5, 19), (17, 21), (5, 28), (9, 26), (6, 2), (21, 0), (6, 11), (21, 9), (20, 22), (12, 18), (12, 27), (23, 27), (2, 4), (4, 23), (13, 1), (24, 1), (1, 8), (13, 10), (24, 10), (1, 17), (13, 19), (24, 19), (1, 26), (13, 28), (24, 28), (16, 24), (5, 5), (9, 3), (5, 14), (9, 12), (6, 6), (8, 25), (20, 8), (20, 17), (12, 13), (23, 13), (20, 26), (23, 22), (4, 18), (4, 27), (1, 3), (13, 5), (24, 5), (16, 1), (1, 12), (13, 14), (24, 14), (1, 21), (24, 23), (16, 19), (16, 28), (5, 0), (5, 9), (9, 7), (5, 18), (9, 16), (6, 1), (19, 20), (0, 25), (11, 25), (12, 8), (23, 8), (20, 21), (4, 4), (12, 17), (23, 17), (4, 13), (12, 26), (23, 26), (4, 22), (13, 0), (24, 0), (1, 7), (13, 9), (24, 9), (1, 16), (13, 18), (24, 18), (1, 25), (16, 23), (15, 27), (26, 27), (5, 4), (9, 2), (5, 13), (8, 6), (8, 15), (0, 11), (11, 11), (8, 24), (19, 24), (0, 20), (12, 3), (23, 3), (12, 12), (23, 12), (20, 25), (4, 8), (23, 21), (4, 17), (4, 26), (1, 2), (13, 4), (24, 4), (16, 0), (1, 11), (16, 9), (1, 20), (15, 22), (26, 22), (7, 27), (18, 27), (8, 1), (8, 10), (0, 6), (11, 6), (19, 19), (0, 15), (11, 15), (8, 28), (19, 28), (0, 24), (11, 24), (20, 2), (12, 7), (23, 7), (4, 3), (12, 16), (23, 16), (4, 12), (4, 21), (1, 6), (16, 4), (15, 8), (26, 8), (15, 17), (26, 17), (7, 13), (15, 26), (26, 26), (18, 22), (8, 5), (0, 1), (11, 1), (8, 14), (0, 10), (11, 10), (19, 23), (0, 19), (11, 19), (0, 28), (11, 28), (12, 2), (23, 2), (12, 11), (23, 11), (4, 7), (4, 16), (22, 15), (22, 24), (1, 1), (3, 20), (14, 20), (15, 3), (26, 3), (26, 12), (18, 8)})
trforsrc: 5
objsize: 11
bb: frozenset({(4, 0), (3, 4), (4, 3), (3, 1), (5, 4), (4, 6), (5, 1), (0, 2), (0, 5), (2, 2), (1, 0), (1, 6), (2, 5), (1, 3), (6, 2), (6, 5), (4, 2), (3, 0), (4, 5), (3, 3), (5, 0), (5, 6), (3, 6), (5, 3), (0, 1), (2, 4), (1, 2), (0, 4), (2, 1), (1, 5), (6, 1), (6, 4), (3, 2), (4, 1), (3, 5), (5, 2), (4, 4), (5, 5), (0, 0), (1, 1), (0, 3), (2, 0), (1, 4), (0, 6), (2, 3), (2, 6), (6, 0), (6, 6), (6, 3)})
sp: (4, 6)
bb after remove: frozenset({(4, 0), (3, 4), (4, 3), (3, 1), (5, 4), (5, 1), (0, 2), (0, 5), (2, 2), (1, 0), (1, 6), (2, 5), (1, 3), (6, 2), (6, 5), (4, 2), (3, 0), (4, 5), (3, 3), (5, 0), (5, 6), (3, 6), (5, 3), (0, 1), (2, 4), (1, 2), (0, 4), (2, 1), (1, 5), (6, 1), (6, 4), (3, 2), (4, 1), (3, 5), (5, 2), (4, 4), (5, 5), (0, 0), (1, 1), (0, 3), (2, 0), (1, 4), (0, 6), (2, 3), (2, 6), (6, 0), (6, 6), (6, 3)})
shp after adding objects: {(4, 4), (2, 4), (3, 4), (4, 6), (2, 3), (4, 5), (5, 6), (3, 6), (6, 6), (2, 5), (3, 5)}
shp after ensuring no 1s: {(4, 4), (2, 4), (3, 4), (4, 6), (2, 3), (4, 5), (5, 6), (3, 6), (6, 6), (2, 5), (3, 5)}
shp after checking shape: {(4, 4), (2, 4), (3, 4), (4, 6), (2, 3), (4, 5), (5, 6), (3, 6), (6, 6), (2, 5), (3, 5)}
shp after normalization: frozenset({(0, 1), (1, 2), (2, 1), (0, 0), (4, 3), (1, 1), (2, 3), (0, 2), (3, 3), (2, 2), (1, 3)})
shp after shuffling: [(1, 3), (0, 1), (2, 2), (0, 2), (1, 2), (1, 1), (2, 3), (4, 3), (2, 1), (0, 0), (3, 3)]
a, b, c: (1, 3), (0, 1), (2, 2)
trforsrc: 6
objsize: 17
bb: frozenset({(4, 0), (3, 4), (4, 3), (3, 1), (5, 4), (4, 6), (5, 1), (0, 2), (0, 5), (2, 2), (1, 0), (1, 6), (2, 5), (1, 3), (6, 2), (6, 5), (4, 2), (3, 0), (4, 5), (3, 3), (5, 0), (5, 6), (3, 6), (5, 3), (0, 1), (2, 4), (1, 2), (0, 4), (2, 1), (1, 5), (6, 1), (6, 4), (3, 2), (4, 1), (3, 5), (5, 2), (4, 4), (5, 5), (0, 0), (1, 1), (0, 3), (2, 0), (1, 4), (0, 6), (2, 3), (2, 6), (6, 0), (6, 6), (6, 3)})
sp: (4, 6)
bb after remove: frozenset({(4, 0), (3, 4), (4, 3), (3, 1), (5, 4), (5, 1), (0, 2), (0, 5), (2, 2), (1, 0), (1, 6), (2, 5), (1, 3), (6, 2), (6, 5), (4, 2), (3, 0), (4, 5), (3, 3), (5, 0), (5, 6), (3, 6), (5, 3), (0, 1), (2, 4), (1, 2), (0, 4), (2, 1), (1, 5), (6, 1), (6, 4), (3, 2), (4, 1), (3, 5), (5, 2), (4, 4), (5, 5), (0, 0), (1, 1), (0, 3), (2, 0), (1, 4), (0, 6), (2, 3), (2, 6), (6, 0), (6, 6), (6, 3)})
shp after adding objects: {(4, 4), (3, 4), (6, 5), (1, 5), (4, 6), (1, 4), (0, 6), (4, 5), (3, 3), (2, 6), (5, 6), (0, 5), (3, 6), (6, 6), (2, 5), (1, 3), (3, 5)}
shp after ensuring no 1s: {(4, 4), (3, 4), (6, 5), (1, 5), (4, 6), (1, 4), (0, 6), (4, 5), (3, 3), (2, 6), (5, 6), (0, 5), (3, 6), (6, 6), (2, 5), (1, 3), (3, 5)}
shp after checking shape: {(4, 4), (3, 4), (6, 5), (1, 5), (4, 6), (1, 4), (0, 6), (4, 5), (3, 3), (2, 6), (5, 6), (0, 5), (3, 6), (6, 6), (2, 5), (1, 3), (3, 5)}
shp after normalization: frozenset({(6, 2), (1, 2), (4, 3), (3, 1), (1, 1), (0, 3), (4, 2), (3, 0), (2, 3), (1, 0), (0, 2), (3, 3), (2, 2), (5, 3), (3, 2), (6, 3), (4, 1)})
shp after shuffling: [(1, 2), (3, 1), (3, 2), (3, 3), (0, 2), (2, 3), (4, 2), (6, 3), (4, 3), (3, 0), (5, 3), (1, 0), (6, 2), (4, 1), (1, 1), (0, 3), (2, 2)]
a, b, c: (1, 2), (3, 1), (3, 2)
trforsrc: 7
objsize: 9
bb: frozenset({(4, 0), (3, 4), (4, 3), (3, 1), (5, 4), (4, 6), (5, 1), (0, 2), (0, 5), (2, 2), (1, 0), (1, 6), (2, 5), (1, 3), (6, 2), (6, 5), (4, 2), (3, 0), (4, 5), (3, 3), (5, 0), (5, 6), (3, 6), (5, 3), (0, 1), (2, 4), (1, 2), (0, 4), (2, 1), (1, 5), (6, 1), (6, 4), (3, 2), (4, 1), (3, 5), (5, 2), (4, 4), (5, 5), (0, 0), (1, 1), (0, 3), (2, 0), (1, 4), (0, 6), (2, 3), (2, 6), (6, 0), (6, 6), (6, 3)})
sp: (3, 5)
bb after remove: frozenset({(4, 0), (3, 4), (4, 3), (3, 1), (5, 4), (4, 6), (5, 1), (0, 2), (0, 5), (2, 2), (1, 0), (1, 6), (2, 5), (1, 3), (6, 2), (6, 5), (4, 2), (3, 0), (4, 5), (3, 3), (5, 0), (5, 6), (3, 6), (5, 3), (0, 1), (2, 4), (1, 2), (0, 4), (2, 1), (1, 5), (6, 1), (6, 4), (3, 2), (4, 1), (5, 2), (4, 4), (5, 5), (0, 0), (1, 1), (0, 3), (2, 0), (1, 4), (0, 6), (2, 3), (2, 6), (6, 0), (6, 6), (6, 3)})
shp after adding objects: {(5, 5), (3, 4), (4, 6), (4, 5), (2, 6), (5, 6), (3, 6), (2, 5), (3, 5)}
shp after ensuring no 1s: {(5, 5), (3, 4), (4, 6), (4, 5), (2, 6), (5, 6), (3, 6), (2, 5), (3, 5)}
shp after checking shape: {(5, 5), (3, 4), (4, 6), (4, 5), (2, 6), (5, 6), (3, 6), (2, 5), (3, 5)}
shp after normalization: frozenset({(0, 1), (1, 2), (2, 1), (3, 1), (1, 1), (0, 2), (2, 2), (1, 0), (3, 2)})
shp after shuffling: [(1, 1), (2, 1), (0, 1), (1, 0), (1, 2), (2, 2), (3, 2), (0, 2), (3, 1)]
a, b, c: (1, 1), (2, 1), (0, 1)
reshuffled a, b, c: (1, 0), (2, 1), (0, 2)
trforsrc: 8
objsize: 12
bb: frozenset({(4, 0), (3, 4), (4, 3), (3, 1), (5, 4), (4, 6), (5, 1), (0, 2), (0, 5), (2, 2), (1, 0), (1, 6), (2, 5), (1, 3), (6, 2), (6, 5), (4, 2), (3, 0), (4, 5), (3, 3), (5, 0), (5, 6), (3, 6), (5, 3), (0, 1), (2, 4), (1, 2), (0, 4), (2, 1), (1, 5), (6, 1), (6, 4), (3, 2), (4, 1), (3, 5), (5, 2), (4, 4), (5, 5), (0, 0), (1, 1), (0, 3), (2, 0), (1, 4), (0, 6), (2, 3), (2, 6), (6, 0), (6, 6), (6, 3)})
sp: (5, 3)
bb after remove: frozenset({(4, 0), (3, 4), (4, 3), (3, 1), (5, 4), (4, 6), (5, 1), (0, 2), (0, 5), (2, 2), (1, 0), (1, 6), (2, 5), (1, 3), (6, 2), (6, 5), (4, 2), (3, 0), (4, 5), (3, 3), (5, 0), (5, 6), (3, 6), (0, 1), (2, 4), (1, 2), (0, 4), (2, 1), (1, 5), (6, 1), (6, 4), (3, 2), (4, 1), (3, 5), (5, 2), (4, 4), (5, 5), (0, 0), (1, 1), (0, 3), (2, 0), (1, 4), (0, 6), (2, 3), (2, 6), (6, 0), (6, 6), (6, 3)})
shp after adding objects: {(4, 4), (5, 5), (3, 4), (4, 3), (6, 1), (5, 4), (5, 1), (5, 0), (6, 0), (5, 3), (6, 3), (5, 2)}
shp after ensuring no 1s: {(4, 4), (5, 5), (3, 4), (4, 3), (6, 1), (5, 4), (5, 1), (5, 0), (6, 0), (5, 3), (6, 3), (5, 2)}
shp after checking shape: {(4, 4), (5, 5), (3, 4), (4, 3), (6, 1), (5, 4), (5, 1), (5, 0), (6, 0), (5, 3), (6, 3), (5, 2)}
shp after normalization: frozenset({(2, 4), (0, 4), (2, 1), (3, 1), (2, 0), (1, 4), (3, 0), (2, 3), (3, 3), (2, 2), (2, 5), (1, 3)})
shp after shuffling: [(2, 0), (2, 5), (1, 3), (3, 3), (2, 3), (3, 1), (0, 4), (2, 4), (2, 2), (1, 4), (2, 1), (3, 0)]
a, b, c: (2, 0), (2, 5), (1, 3)
obj: frozenset({(0, (3, 1)), (8, (1, 3)), (0, (3, 3)), (0, (2, 1)), (0, (0, 4)), (0, (2, 3)), (0, (1, 4)), (0, (3, 0)), (3, (2, 5)), (0, (2, 2)), (0, (2, 4)), (5, (2, 0))}), oh: 4, ow: 6
opts: frozenset({(15, 21), (12, 4), (23, 4), (18, 17), (21, 16), (4, 0), (16, 20), (4, 9), (20, 20), (8, 0), (22, 17), (5, 1), (3, 13), (5, 10), (8, 9), (10, 6), (9, 8), (0, 5), (11, 5), (19, 18), (2, 2), (14, 22), (0, 14), (2, 11), (17, 21), (0, 23), (6, 2), (7, 1), (1, 15), (6, 11), (7, 10), (21, 9), (15, 23), (16, 22), (4, 2), (18, 19), (22, 10), (3, 6), (5, 3), (22, 19), (8, 2), (9, 1), (20, 22), (8, 11), (9, 10), (0, 7), (17, 23), (11, 7), (2, 4), (0, 16), (13, 1), (1, 8), (6, 4), (7, 3), (1, 17), (18, 21), (22, 12), (3, 8), (5, 5), (8, 4), (22, 21), (23, 20), (0, 0), (11, 0), (14, 17), (9, 3), (9, 12), (0, 9), (1, 10), (6, 6), (7, 5), (1, 19), (15, 18), (16, 17), (18, 23), (3, 1), (20, 17), (22, 14), (23, 13), (3, 10), (5, 7), (22, 23), (9, 5), (14, 19), (0, 2), (11, 2), (23, 22), (1, 3), (1, 12), (7, 7), (1, 21), (16, 19), (22, 7), (12, 6), (23, 6), (20, 19), (3, 3), (21, 18), (23, 15), (22, 16), (3, 12), (4, 11), (5, 0), (5, 9), (11, 4), (14, 21), (9, 7), (10, 8), (1, 5), (6, 1), (19, 20), (7, 0), (1, 14), (2, 13), (7, 9), (1, 23), (16, 21), (18, 18), (22, 9), (21, 11), (23, 8), (3, 5), (5, 2), (22, 18), (21, 20), (9, 0), (3, 14), (5, 11), (20, 21), (4, 4), (9, 9), (14, 23), (23, 17), (4, 13), (1, 22), (10, 1), (13, 0), (10, 10), (1, 7), (2, 6), (19, 22), (7, 2), (1, 16), (0, 18), (2, 15), (7, 11), (16, 23), (22, 2), (12, 1), (23, 1), (22, 11), (21, 13), (23, 10), (3, 7), (20, 23), (4, 6), (21, 22), (23, 19), (22, 20), (5, 4), (9, 2), (8, 6), (10, 3), (1, 0), (17, 18), (10, 12), (1, 9), (0, 11), (2, 8), (7, 4), (1, 18), (0, 20), (6, 8), (21, 6), (15, 20), (3, 0), (12, 3), (22, 13), (21, 15), (23, 3), (3, 9), (5, 6), (23, 12), (4, 8), (23, 21), (14, 18), (8, 8), (10, 5), (1, 2), (0, 4), (17, 20), (19, 17), (2, 1), (10, 14), (0, 13), (2, 10), (1, 11), (1, 20), (0, 22), (6, 10), (22, 6), (21, 8), (12, 5), (23, 5), (20, 18), (4, 1), (21, 17), (23, 14), (3, 2), (3, 11), (4, 10), (15, 22), (23, 23), (8, 1), (8, 10), (10, 7), (1, 4), (0, 6), (2, 3), (17, 22), (11, 6), (1, 13), (19, 19), (2, 12), (0, 15), (6, 3), (22, 8), (21, 10), (23, 7), (3, 4), (18, 20), (21, 19), (4, 3), (23, 16), (4, 12), (8, 3), (10, 0), (8, 12), (10, 9), (9, 11), (0, 8), (11, 8), (19, 21), (2, 5), (1, 6), (0, 17), (2, 14), (6, 5), (12, 0), (23, 0), (15, 17), (21, 12), (23, 9), (4, 5), (21, 21), (23, 18), (18, 22), (22, 22), (10, 2), (9, 4), (8, 5), (17, 17), (0, 1), (10, 11), (11, 1), (0, 10), (2, 7), (19, 23), (0, 19), (2, 16), (6, 7), (7, 6), (15, 19), (12, 2), (16, 18), (23, 2), (21, 14), (23, 11), (4, 7), (21, 23), (22, 15), (5, 8), (8, 7), (10, 4), (9, 6), (0, 3), (17, 19), (11, 3), (2, 0), (10, 13), (0, 12), (2, 9), (1, 1), (14, 20), (0, 21), (6, 0), (6, 9), (7, 8), (21, 7)})
loc: (14, 20)
gi after painting: ((6, 6, 6, 6, 6, 6, 6, 6, 6, 6, 6, 6, 6, 6, 6, 6, 6, 6, 6, 6, 6, 6, 6, 6, 6, 6, 6, 6, 6), (6, 6, 6, 6, 6, 6, 6, 6, 6, 6, 6, 6, 6, 6, 6, 6, 6, 6, 6, 6, 6, 6, 6, 6, 6, 6, 6, 6, 6), (6, 6, 6, 6, 6, 6, 6, 6, 6, 6, 6, 6, 6, 6, 6, 6, 6, 6, 6, 6, 6, 6, 6, 6, 6, 6, 6, 6, 6), (6, 6, 6, 6, 6, 6, 6, 6, 6, 6, 6, 6, 6, 6, 6, 6, 6, 6, 6, 6, 6, 6, 6, 6, 6, 6, 6, 6, 6), (6, 6, 6, 6, 6, 6, 6, 6, 6, 6, 6, 6, 6, 6, 6, 6, 6, 6, 6, 6, 6, 6, 6, 6, 6, 6, 6, 6, 6), (6, 6, 6, 6, 6, 6, 6, 6, 6, 6, 6, 6, 6, 6, 6, 6, 6, 6, 6, 6, 6, 6, 6, 6, 6, 6, 6, 6, 6), (6, 6, 6, 6, 6, 6, 6, 6, 6, 6, 6, 6, 6, 6, 6, 6, 6, 6, 6, 6, 6, 0, 0, 6, 6, 6, 6, 6, 6), (6, 6, 6, 6, 6, 6, 6, 6, 6, 6, 6, 6, 6, 6, 6, 6, 6, 6, 6, 6, 6, 3, 6, 6, 6, 6, 6, 6, 6), (6, 6, 6, 6, 6, 6, 6, 6, 6, 6, 6, 6, 6, 6, 6, 6, 6, 6, 0, 5, 8, 0, 0, 6, 6, 6, 6, 6, 6), (6, 6, 6, 6, 6, 6, 6, 6, 6, 6, 6, 6, 6, 6, 6, 6, 6, 6, 6, 6, 0, 0, 6, 6, 6, 6, 6, 6, 6), (6, 6, 6, 6, 6, 6, 6, 6, 6, 6, 6, 6, 6, 6, 6, 6, 6, 6, 6, 6, 6, 0, 6, 6, 6, 6, 6, 6, 6), (6, 6, 6, 6, 6, 6, 6, 6, 6, 6, 6, 6, 6, 6, 6, 6, 6, 6, 6, 6, 6, 0, 6, 6, 6, 6, 6, 6, 6), (6, 6, 6, 6, 6, 6, 6, 6, 6, 6, 6, 6, 6, 6, 6, 6, 6, 6, 6, 6, 6, 0, 0, 6, 6, 6, 6, 6, 6), (6, 6, 6, 6, 6, 6, 6, 6, 6, 6, 6, 6, 6, 6, 6, 6, 6, 6, 6, 6, 6, 6, 6, 6, 6, 6, 6, 6, 6), (6, 6, 6, 6, 6, 6, 6, 6, 6, 6, 6, 6, 6, 6, 6, 6, 6, 6, 6, 6, 6, 6, 6, 6, 0, 6, 6, 6, 6), (6, 6, 6, 6, 6, 6, 6, 6, 6, 6, 6, 6, 6, 0, 0, 0, 6, 6, 6, 6, 6, 6, 6, 8, 0, 6, 6, 6, 6), (6, 6, 6, 6, 6, 6, 6, 6, 6, 6, 6, 6, 0, 0, 0, 0, 6, 6, 6, 6, 5, 0, 0, 0, 0, 3, 6, 6, 6), (6, 6, 6, 6, 6, 6, 0, 6, 6, 6, 6, 0, 6, 0, 8, 0, 6, 6, 6, 6, 0, 0, 6, 0, 6, 6, 6, 6, 6), (6, 6, 0, 8, 0, 0, 0, 6, 6, 6, 6, 0, 0, 6, 0, 0, 6, 6, 6, 6, 6, 6, 6, 6, 6, 6, 6, 6, 6), (6, 6, 6, 6, 5, 0, 0, 6, 6, 6, 6, 6, 0, 5, 0, 3, 6, 6, 6, 6, 6, 6, 6, 6, 6, 6, 6, 6, 6), (6, 6, 6, 6, 0, 6, 6, 6, 6, 6, 6, 6, 6, 6, 6, 6, 6, 6, 6, 6, 6, 6, 6, 6, 6, 6, 6, 6, 6), (6, 6, 6, 6, 3, 6, 6, 6, 6, 6, 6, 6, 6, 6, 6, 6, 6, 6, 6, 6, 6, 6, 6, 6, 6, 6, 6, 6, 6), (6, 6, 6, 6, 6, 6, 6, 6, 6, 6, 6, 6, 6, 6, 6, 6, 6, 6, 6, 6, 6, 6, 6, 6, 6, 6, 6, 6, 6), (6, 6, 6, 6, 6, 6, 6, 6, 6, 6, 6, 6, 6, 6, 6, 6, 6, 6, 6, 6, 6, 6, 6, 6, 6, 6, 6, 6, 6), (6, 6, 6, 6, 6, 6, 6, 6, 6, 6, 6, 6, 6, 6, 6, 6, 6, 6, 6, 6, 6, 6, 6, 6, 6, 6, 6, 6, 6), (6, 6, 6, 6, 6, 6, 6, 6, 6, 6, 6, 6, 6, 6, 6, 6, 6, 6, 6, 6, 6, 6, 6, 6, 6, 6, 6, 6, 6), (6, 6, 6, 6, 6, 6, 6, 6, 6, 6, 6, 6, 6, 6, 6, 6, 6, 6, 6, 6, 6, 6, 6, 6, 6, 6, 6, 6, 6))
shpplcd: frozenset({(14, 24), (16, 20), (17, 23), (15, 24), (17, 20), (15, 23), (16, 22), (16, 25), (16, 21), (17, 21), (16, 24), (16, 23)})
inds after updating: frozenset({(26, 21), (18, 17), (7, 26), (18, 26), (8, 0), (19, 0), (8, 9), (19, 9), (0, 5), (11, 5), (19, 18), (0, 14), (11, 14), (0, 23), (10, 27), (25, 25), (4, 2), (22, 10), (3, 6), (22, 19), (3, 15), (22, 28), (3, 24), (15, 7), (26, 7), (7, 3), (26, 16), (7, 12), (26, 25), (8, 4), (0, 0), (11, 0), (0, 9), (11, 9), (25, 11), (25, 20), (2, 27), (3, 1), (14, 1), (22, 14), (3, 10), (14, 10), (22, 23), (3, 19), (14, 19), (3, 28), (14, 28), (15, 2), (26, 2), (26, 11), (7, 7), (26, 20), (7, 16), (21, 18), (21, 27), (11, 4), (10, 8), (25, 6), (10, 17), (2, 13), (25, 15), (10, 26), (2, 22), (25, 24), (22, 0), (22, 9), (3, 5), (14, 5), (22, 18), (3, 14), (22, 27), (3, 23), (15, 6), (26, 6), (7, 2), (7, 11), (6, 15), (21, 13), (6, 24), (21, 22), (10, 3), (25, 1), (10, 12), (2, 8), (25, 10), (2, 17), (25, 19), (2, 26), (25, 28), (3, 0), (14, 0), (22, 13), (3, 9), (14, 9), (3, 18), (14, 18), (26, 1), (5, 27), (9, 25), (6, 10), (21, 8), (6, 19), (21, 17), (6, 28), (21, 26), (10, 7), (2, 3), (25, 5), (10, 16), (2, 12), (25, 14), (10, 25), (2, 21), (22, 8), (13, 27), (24, 27), (3, 4), (14, 4), (9, 11), (6, 5), (6, 14), (21, 12), (21, 21), (10, 2), (25, 0), (10, 11), (2, 7), (25, 9), (2, 16), (13, 13), (24, 13), (24, 22), (16, 18), (16, 27), (5, 8), (9, 6), (5, 17), (9, 15), (5, 26), (17, 28), (9, 24), (6, 0), (6, 9), (21, 7), (6, 18), (21, 16), (20, 20), (10, 6), (12, 25), (23, 25), (2, 2), (2, 11), (13, 8), (24, 8), (1, 15), (13, 17), (24, 17), (1, 24), (13, 26), (24, 26), (5, 3), (9, 1), (5, 12), (9, 10), (9, 28), (6, 4), (21, 2), (6, 13), (20, 24), (23, 20), (4, 25), (13, 3), (24, 3), (1, 10), (13, 12), (24, 12), (16, 8), (1, 19), (24, 21), (16, 17), (1, 28), (17, 0), (5, 7), (17, 9), (9, 5), (5, 16), (9, 14), (5, 25), (8, 27), (19, 27), (20, 1), (20, 10), (12, 6), (23, 6), (20, 19), (12, 15), (23, 15), (20, 28), (4, 11), (12, 24), (23, 24), (4, 20), (1, 5), (13, 7), (24, 7), (16, 3), (1, 14), (13, 16), (24, 16), (1, 23), (24, 25), (5, 2), (9, 0), (5, 11), (9, 9), (8, 13), (19, 22), (0, 18), (11, 18), (0, 27), (11, 27), (12, 1), (23, 1), (12, 10), (23, 10), (20, 23), (4, 6), (12, 19), (23, 19), (4, 15), (12, 28), (23, 28), (4, 24), (1, 0), (13, 2), (24, 2), (1, 9), (13, 11), (24, 11), (1, 18), (5, 6), (7, 25), (18, 25), (8, 8), (19, 8), (0, 4), (19, 17), (0, 13), (11, 13), (8, 26), (19, 26), (0, 22), (20, 0), (20, 9), (12, 5), (23, 5), (20, 18), (4, 1), (12, 14), (23, 14), (4, 10), (23, 23), (4, 19), (4, 28), (1, 4), (24, 6), (16, 2), (1, 13), (26, 15), (26, 24), (8, 3), (8, 12), (0, 8), (11, 8), (19, 21), (0, 17), (11, 17), (0, 26), (11, 26), (12, 0), (23, 0), (12, 9), (23, 9), (4, 5), (23, 18), (4, 14), (22, 22), (3, 27), (14, 27), (15, 1), (15, 10), (26, 10), (7, 6), (26, 19), (7, 15), (15, 28), (26, 28), (7, 24), (8, 7), (0, 3), (11, 3), (8, 16), (0, 12), (11, 12), (19, 25), (0, 21), (12, 4), (23, 4), (25, 23), (4, 0), (4, 9), (22, 17), (3, 13), (22, 26), (3, 22), (15, 5), (26, 5), (7, 1), (26, 14), (7, 10), (26, 23), (7, 28), (18, 28), (8, 2), (8, 11), (0, 7), (11, 7), (0, 16), (11, 16), (25, 18), (2, 25), (25, 27), (22, 12), (3, 8), (14, 8), (22, 21), (3, 17), (14, 17), (3, 26), (14, 26), (15, 0), (26, 0), (15, 9), (26, 9), (7, 5), (15, 18), (26, 18), (7, 14), (6, 27), (21, 25), (0, 2), (11, 2), (25, 4), (10, 15), (25, 13), (10, 24), (2, 20), (25, 22), (22, 7), (3, 3), (14, 3), (22, 16), (3, 12), (22, 25), (3, 21), (14, 21), (15, 4), (26, 4), (7, 0), (18, 0), (26, 13), (7, 9), (18, 9), (18, 18), (21, 11), (21, 20), (10, 1), (10, 10), (2, 6), (25, 8), (7, 8), (2, 15), (25, 17), (10, 28), (2, 24), (25, 26), (22, 2), (22, 11), (3, 7), (14, 7), (22, 20), (3, 16), (3, 25), (17, 18), (17, 27), (7, 4), (6, 8), (21, 6), (6, 17), (21, 15), (6, 26), (21, 24), (10, 5), (2, 1), (25, 3), (10, 14), (2, 10), (25, 12), (10, 23), (2, 19), (25, 21), (2, 28), (22, 6), (3, 2), (14, 2), (3, 11), (14, 11), (9, 27), (6, 3), (21, 1), (6, 12), (21, 10), (21, 19), (21, 28), (10, 0), (10, 9), (2, 5), (25, 7), (10, 18), (2, 14), (25, 16), (2, 23), (22, 1), (24, 20), (1, 27), (14, 6), (17, 8), (9, 4), (5, 15), (17, 17), (9, 13), (5, 24), (6, 7), (6, 16), (21, 14), (6, 25), (21, 23), (20, 27), (10, 4), (2, 0), (25, 2), (10, 13), (2, 9), (13, 6), (2, 18), (13, 15), (24, 15), (1, 22), (24, 24), (5, 1), (5, 10), (9, 8), (5, 19), (5, 28), (9, 26), (6, 2), (21, 0), (6, 11), (21, 9), (20, 22), (12, 18), (12, 27), (23, 27), (2, 4), (4, 23), (13, 1), (24, 1), (1, 8), (13, 10), (24, 10), (1, 17), (13, 19), (24, 19), (1, 26), (13, 28), (24, 28), (5, 5), (9, 3), (5, 14), (9, 12), (6, 6), (8, 25), (20, 8), (20, 17), (12, 13), (23, 13), (20, 26), (23, 22), (4, 18), (4, 27), (1, 3), (13, 5), (24, 5), (16, 1), (1, 12), (13, 14), (24, 14), (1, 21), (24, 23), (16, 28), (5, 0), (5, 9), (9, 7), (5, 18), (9, 16), (6, 1), (19, 20), (0, 25), (11, 25), (12, 8), (23, 8), (20, 21), (4, 4), (12, 17), (23, 17), (4, 13), (12, 26), (23, 26), (4, 22), (13, 0), (24, 0), (1, 7), (13, 9), (24, 9), (1, 16), (13, 18), (24, 18), (1, 25), (15, 27), (26, 27), (5, 4), (9, 2), (5, 13), (8, 6), (8, 15), (0, 11), (11, 11), (8, 24), (19, 24), (0, 20), (12, 3), (23, 3), (12, 12), (23, 12), (20, 25), (4, 8), (23, 21), (4, 17), (4, 26), (1, 2), (13, 4), (24, 4), (16, 0), (1, 11), (16, 9), (1, 20), (26, 22), (7, 27), (18, 27), (8, 1), (8, 10), (0, 6), (11, 6), (19, 19), (0, 15), (11, 15), (8, 28), (19, 28), (0, 24), (11, 24), (20, 2), (12, 7), (23, 7), (4, 3), (12, 16), (23, 16), (4, 12), (4, 21), (1, 6), (16, 4), (15, 8), (26, 8), (15, 17), (26, 17), (7, 13), (26, 26), (8, 5), (0, 1), (11, 1), (8, 14), (0, 10), (11, 10), (19, 23), (0, 19), (11, 19), (0, 28), (11, 28), (12, 2), (23, 2), (12, 11), (23, 11), (4, 7), (4, 16), (22, 15), (22, 24), (1, 1), (3, 20), (14, 20), (15, 3), (26, 3), (26, 12), (18, 8)})
