Modified Function Code:
from re_arc.dsl import *
def generate_1190e5a7() -> dict:
    diff_lb = 0
    print(f"diff_lb: {diff_lb}")
    diff_ub = 1
    print(f"diff_ub: {diff_ub}")
    
    dim_bounds = (3, 30)
    colopts = interval(0, 10, 1)
    h = unifint(diff_lb, diff_ub, dim_bounds)
    print(f"h: {h}")
    w = unifint(diff_lb, diff_ub, dim_bounds)
    print(f"w: {w}")
    bgc = choice(colopts)
    print(f"bgc: {bgc}")
    c = canvas(bgc, (h, w))
    print(f"c: {c}")
    
    nhf_bounds = (1, h // 3)
    nvf_bounds = (1, w // 3)
    nhf = unifint(diff_lb, diff_ub, nhf_bounds)
    print(f"nhf: {nhf}")
    nvf = unifint(diff_lb, diff_ub, nvf_bounds)
    print(f"nvf: {nvf}")
    
    hf_options = interval(1, h - 1, 1)
    vf_options = interval(1, w - 1, 1)
    
    hf_selection = []
    for k in range(nhf):
        hf = choice(hf_options)
        hf_selection.append(hf)
        print(f"hf_selection: {hf_selection}")
        hf_options = difference(hf_options, (hf - 1, hf, hf + 1))
        print(f"hf_options: {hf_options}")
    
    vf_selection = []
    for k in range(nvf):
        vf = choice(vf_options)
        vf_selection.append(vf)
        print(f"vf_selection: {vf_selection}")
        vf_options = difference(vf_options, (vf - 1, vf, vf + 1))
        print(f"vf_options: {vf_options}")
    
    remcols = remove(bgc, colopts)
    print(f"remcols: {remcols}")
    rcf = lambda x: recolor(choice(remcols), x)
    hfs = mapply(chain(rcf, hfrontier, toivec), tuple(hf_selection))
    print(f"hfs: {hfs}")
    vfs = mapply(chain(rcf, vfrontier, tojvec), tuple(vf_selection))
    print(f"vfs: {vfs}")
    
    gi = paint(c, combine(hfs, vfs))
    print(f"gi: {gi}")
    
    return {'input': gi}

Printed Outputs:
diff_lb: 0
diff_ub: 1
h: 27
w: 4
bgc: 7
c: ((7, 7, 7, 7), (7, 7, 7, 7), (7, 7, 7, 7), (7, 7, 7, 7), (7, 7, 7, 7), (7, 7, 7, 7), (7, 7, 7, 7), (7, 7, 7, 7), (7, 7, 7, 7), (7, 7, 7, 7), (7, 7, 7, 7), (7, 7, 7, 7), (7, 7, 7, 7), (7, 7, 7, 7), (7, 7, 7, 7), (7, 7, 7, 7), (7, 7, 7, 7), (7, 7, 7, 7), (7, 7, 7, 7), (7, 7, 7, 7), (7, 7, 7, 7), (7, 7, 7, 7), (7, 7, 7, 7), (7, 7, 7, 7), (7, 7, 7, 7), (7, 7, 7, 7), (7, 7, 7, 7))
nhf: 5
nvf: 1
hf_selection: [9]
hf_options: (1, 2, 3, 4, 5, 6, 7, 11, 12, 13, 14, 15, 16, 17, 18, 19, 20, 21, 22, 23, 24, 25)
hf_selection: [9, 24]
hf_options: (1, 2, 3, 4, 5, 6, 7, 11, 12, 13, 14, 15, 16, 17, 18, 19, 20, 21, 22)
hf_selection: [9, 24, 14]
hf_options: (1, 2, 3, 4, 5, 6, 7, 11, 12, 16, 17, 18, 19, 20, 21, 22)
hf_selection: [9, 24, 14, 2]
hf_options: (4, 5, 6, 7, 11, 12, 16, 17, 18, 19, 20, 21, 22)
hf_selection: [9, 24, 14, 2, 12]
hf_options: (4, 5, 6, 7, 16, 17, 18, 19, 20, 21, 22)
vf_selection: [1]
vf_options: ()
remcols: (0, 1, 2, 3, 4, 5, 6, 8, 9)
hfs: ((1, (9, 25)), (1, (9, 20)), (1, (9, 0)), (1, (9, 26)), (1, (9, 6)), (1, (9, 1)), (1, (9, 21)), (1, (9, 16)), (1, (9, 27)), (1, (9, 2)), (1, (9, 11)), (1, (9, 22)), (1, (9, 17)), (1, (9, 12)), (1, (9, 23)), (1, (9, 18)), (1, (9, 7)), (1, (9, 13)), (1, (9, 19)), (1, (9, 8)), (1, (9, 28)), (1, (9, 14)), (1, (9, 3)), (1, (9, 9)), (1, (9, 29)), (1, (9, 15)), (1, (9, 4)), (1, (9, 24)), (1, (9, 10)), (1, (9, 5)), (8, (24, 14)), (8, (24, 5)), (8, (24, 20)), (8, (24, 0)), (8, (24, 15)), (8, (24, 21)), (8, (24, 10)), (8, (24, 16)), (8, (24, 11)), (8, (24, 6)), (8, (24, 17)), (8, (24, 26)), (8, (24, 12)), (8, (24, 1)), (8, (24, 27)), (8, (24, 7)), (8, (24, 2)), (8, (24, 13)), (8, (24, 22)), (8, (24, 8)), (8, (24, 28)), (8, (24, 23)), (8, (24, 3)), (8, (24, 9)), (8, (24, 18)), (8, (24, 29)), (8, (24, 4)), (8, (24, 24)), (8, (24, 19)), (8, (24, 25)), (5, (14, 16)), (5, (14, 2)), (5, (14, 22)), (5, (14, 17)), (5, (14, 12)), (5, (14, 23)), (5, (14, 18)), (5, (14, 7)), (5, (14, 13)), (5, (14, 19)), (5, (14, 28)), (5, (14, 8)), (5, (14, 14)), (5, (14, 3)), (5, (14, 9)), (5, (14, 29)), (5, (14, 15)), (5, (14, 4)), (5, (14, 24)), (5, (14, 10)), (5, (14, 25)), (5, (14, 5)), (5, (14, 11)), (5, (14, 0)), (5, (14, 6)), (5, (14, 20)), (5, (14, 26)), (5, (14, 1)), (5, (14, 21)), (5, (14, 27)), (6, (2, 14)), (6, (2, 0)), (6, (2, 20)), (6, (2, 15)), (6, (2, 21)), (6, (2, 10)), (6, (2, 16)), (6, (2, 25)), (6, (2, 11)), (6, (2, 17)), (6, (2, 26)), (6, (2, 6)), (6, (2, 12)), (6, (2, 1)), (6, (2, 7)), (6, (2, 27)), (6, (2, 2)), (6, (2, 22)), (6, (2, 13)), (6, (2, 8)), (6, (2, 28)), (6, (2, 23)), (6, (2, 3)), (6, (2, 29)), (6, (2, 9)), (6, (2, 18)), (6, (2, 4)), (6, (2, 24)), (6, (2, 19)), (6, (2, 5)), (9, (12, 2)), (9, (12, 22)), (9, (12, 28)), (9, (12, 17)), (9, (12, 3)), (9, (12, 23)), (9, (12, 12)), (9, (12, 18)), (9, (12, 24)), (9, (12, 13)), (9, (12, 8)), (9, (12, 19)), (9, (12, 14)), (9, (12, 9)), (9, (12, 20)), (9, (12, 29)), (9, (12, 15)), (9, (12, 4)), (9, (12, 10)), (9, (12, 5)), (9, (12, 25)), (9, (12, 11)), (9, (12, 0)), (9, (12, 27)), (9, (12, 6)), (9, (12, 26)), (9, (12, 1)), (9, (12, 21)), (9, (12, 7)), (9, (12, 16)))
vfs: ((2, (18, 1)), (2, (15, 1)), (2, (21, 1)), (2, (24, 1)), (2, (5, 1)), (2, (20, 1)), (2, (8, 1)), (2, (11, 1)), (2, (14, 1)), (2, (29, 1)), (2, (2, 1)), (2, (4, 1)), (2, (17, 1)), (2, (1, 1)), (2, (23, 1)), (2, (7, 1)), (2, (26, 1)), (2, (10, 1)), (2, (16, 1)), (2, (13, 1)), (2, (0, 1)), (2, (19, 1)), (2, (3, 1)), (2, (25, 1)), (2, (9, 1)), (2, (22, 1)), (2, (6, 1)), (2, (28, 1)), (2, (12, 1)), (2, (27, 1)))
gi: ((7, 2, 7, 7), (7, 2, 7, 7), (6, 2, 6, 6), (7, 2, 7, 7), (7, 2, 7, 7), (7, 2, 7, 7), (7, 2, 7, 7), (7, 2, 7, 7), (7, 2, 7, 7), (1, 2, 1, 1), (7, 2, 7, 7), (7, 2, 7, 7), (9, 2, 9, 9), (7, 2, 7, 7), (5, 2, 5, 5), (7, 2, 7, 7), (7, 2, 7, 7), (7, 2, 7, 7), (7, 2, 7, 7), (7, 2, 7, 7), (7, 2, 7, 7), (7, 2, 7, 7), (7, 2, 7, 7), (7, 2, 7, 7), (8, 2, 8, 8), (7, 2, 7, 7), (7, 2, 7, 7))
