Modified Function Code:
from re_arc.dsl import *
def generate_178fcbfb() -> dict:
    diff_lb = 0
    diff_ub = 1
    print(f"diff_lb: {diff_lb}")
    print(f"diff_ub: {diff_ub}")

    cols = difference(interval(0, 10, 1), (1, 2, 3))
    print(f"cols: {cols}")

    h = unifint(diff_lb, diff_ub, (3, 30))
    print(f"h: {h}")

    w = unifint(diff_lb, diff_ub, (3, 30))
    print(f"w: {w}")

    bgc = choice(cols)
    print(f"bgc: {bgc}")

    gi = canvas(bgc, (h, w))
    print(f"gi: {gi}")

    inds = totuple(asindices(gi))
    print(f"inds: {inds}")

    iforb = set()
    jforb = set()
    mp = (h * w) // 3
    print(f"mp: {mp}")

    for col in (2, 1, 3):
        bnd = unifint(diff_lb, diff_ub, (1, w if col == 2 else h // 2))
        print(f"bnd for col {col}: {bnd}")

        for ndots in range(bnd):
            if col == 2:
                ij = choice(sfilter(inds, lambda ij: last(ij) not in jforb))
                jforb.add(last(ij))
            if col == 1 or col == 3:
                ij = choice(sfilter(inds, lambda ij: first(ij) not in iforb))
                iforb.add(first(ij))
            gi = fill(gi, col, initset(ij))
            print(f"gi after filling col {col}: {gi}")
            inds = remove(ij, inds)
            print(f"inds after removing ij: {inds}")

    return {'input': gi}

Printed Outputs:
diff_lb: 0
diff_ub: 1
cols: (0, 4, 5, 6, 7, 8, 9)
h: 15
w: 7
bgc: 6
gi: ((6, 6, 6, 6, 6, 6, 6), (6, 6, 6, 6, 6, 6, 6), (6, 6, 6, 6, 6, 6, 6), (6, 6, 6, 6, 6, 6, 6), (6, 6, 6, 6, 6, 6, 6), (6, 6, 6, 6, 6, 6, 6), (6, 6, 6, 6, 6, 6, 6), (6, 6, 6, 6, 6, 6, 6), (6, 6, 6, 6, 6, 6, 6), (6, 6, 6, 6, 6, 6, 6), (6, 6, 6, 6, 6, 6, 6), (6, 6, 6, 6, 6, 6, 6), (6, 6, 6, 6, 6, 6, 6), (6, 6, 6, 6, 6, 6, 6), (6, 6, 6, 6, 6, 6, 6))
inds: ((12, 4), (4, 0), (5, 1), (8, 0), (10, 6), (0, 5), (2, 2), (11, 5), (6, 2), (7, 1), (4, 2), (3, 6), (5, 3), (8, 2), (9, 1), (2, 4), (13, 1), (6, 4), (7, 3), (5, 5), (8, 4), (9, 3), (0, 0), (11, 0), (13, 3), (6, 6), (7, 5), (3, 1), (14, 1), (9, 5), (0, 2), (11, 2), (1, 3), (13, 5), (12, 6), (3, 3), (5, 0), (14, 3), (11, 4), (1, 5), (6, 1), (7, 0), (3, 5), (5, 2), (4, 4), (14, 5), (9, 0), (10, 1), (13, 0), (2, 6), (7, 2), (12, 1), (5, 4), (4, 6), (9, 2), (8, 6), (10, 3), (1, 0), (13, 2), (7, 4), (12, 3), (3, 0), (14, 0), (5, 6), (10, 5), (1, 2), (0, 4), (2, 1), (13, 4), (12, 5), (3, 2), (14, 2), (4, 1), (8, 1), (1, 4), (0, 6), (2, 3), (11, 6), (6, 3), (3, 4), (14, 4), (4, 3), (8, 3), (10, 0), (1, 6), (2, 5), (6, 5), (12, 0), (14, 6), (4, 5), (8, 5), (10, 2), (9, 4), (0, 1), (11, 1), (7, 6), (12, 2), (10, 4), (1, 1), (0, 3), (2, 0), (9, 6), (11, 3), (13, 6), (6, 0))
mp: 35
bnd for col 2: 2
gi after filling col 2: ((6, 6, 6, 6, 6, 6, 6), (6, 6, 6, 2, 6, 6, 6), (6, 6, 6, 6, 6, 6, 6), (6, 6, 6, 6, 6, 6, 6), (6, 6, 6, 6, 6, 6, 6), (6, 6, 6, 6, 6, 6, 6), (6, 6, 6, 6, 6, 6, 6), (6, 6, 6, 6, 6, 6, 6), (6, 6, 6, 6, 6, 6, 6), (6, 6, 6, 6, 6, 6, 6), (6, 6, 6, 6, 6, 6, 6), (6, 6, 6, 6, 6, 6, 6), (6, 6, 6, 6, 6, 6, 6), (6, 6, 6, 6, 6, 6, 6), (6, 6, 6, 6, 6, 6, 6))
inds after removing ij: ((12, 4), (4, 0), (5, 1), (8, 0), (10, 6), (0, 5), (2, 2), (11, 5), (6, 2), (7, 1), (4, 2), (3, 6), (5, 3), (8, 2), (9, 1), (2, 4), (13, 1), (6, 4), (7, 3), (5, 5), (8, 4), (9, 3), (0, 0), (11, 0), (13, 3), (6, 6), (7, 5), (3, 1), (14, 1), (9, 5), (0, 2), (11, 2), (13, 5), (12, 6), (3, 3), (5, 0), (14, 3), (11, 4), (1, 5), (6, 1), (7, 0), (3, 5), (5, 2), (4, 4), (14, 5), (9, 0), (10, 1), (13, 0), (2, 6), (7, 2), (12, 1), (5, 4), (4, 6), (9, 2), (8, 6), (10, 3), (1, 0), (13, 2), (7, 4), (12, 3), (3, 0), (14, 0), (5, 6), (10, 5), (1, 2), (0, 4), (2, 1), (13, 4), (12, 5), (3, 2), (14, 2), (4, 1), (8, 1), (1, 4), (0, 6), (2, 3), (11, 6), (6, 3), (3, 4), (14, 4), (4, 3), (8, 3), (10, 0), (1, 6), (2, 5), (6, 5), (12, 0), (14, 6), (4, 5), (8, 5), (10, 2), (9, 4), (0, 1), (11, 1), (7, 6), (12, 2), (10, 4), (1, 1), (0, 3), (2, 0), (9, 6), (11, 3), (13, 6), (6, 0))
gi after filling col 2: ((6, 6, 6, 6, 6, 6, 6), (6, 6, 6, 2, 6, 6, 6), (6, 6, 6, 6, 6, 6, 6), (6, 6, 6, 6, 6, 6, 6), (2, 6, 6, 6, 6, 6, 6), (6, 6, 6, 6, 6, 6, 6), (6, 6, 6, 6, 6, 6, 6), (6, 6, 6, 6, 6, 6, 6), (6, 6, 6, 6, 6, 6, 6), (6, 6, 6, 6, 6, 6, 6), (6, 6, 6, 6, 6, 6, 6), (6, 6, 6, 6, 6, 6, 6), (6, 6, 6, 6, 6, 6, 6), (6, 6, 6, 6, 6, 6, 6), (6, 6, 6, 6, 6, 6, 6))
inds after removing ij: ((12, 4), (5, 1), (8, 0), (10, 6), (0, 5), (2, 2), (11, 5), (6, 2), (7, 1), (4, 2), (3, 6), (5, 3), (8, 2), (9, 1), (2, 4), (13, 1), (6, 4), (7, 3), (5, 5), (8, 4), (9, 3), (0, 0), (11, 0), (13, 3), (6, 6), (7, 5), (3, 1), (14, 1), (9, 5), (0, 2), (11, 2), (13, 5), (12, 6), (3, 3), (5, 0), (14, 3), (11, 4), (1, 5), (6, 1), (7, 0), (3, 5), (5, 2), (4, 4), (14, 5), (9, 0), (10, 1), (13, 0), (2, 6), (7, 2), (12, 1), (5, 4), (4, 6), (9, 2), (8, 6), (10, 3), (1, 0), (13, 2), (7, 4), (12, 3), (3, 0), (14, 0), (5, 6), (10, 5), (1, 2), (0, 4), (2, 1), (13, 4), (12, 5), (3, 2), (14, 2), (4, 1), (8, 1), (1, 4), (0, 6), (2, 3), (11, 6), (6, 3), (3, 4), (14, 4), (4, 3), (8, 3), (10, 0), (1, 6), (2, 5), (6, 5), (12, 0), (14, 6), (4, 5), (8, 5), (10, 2), (9, 4), (0, 1), (11, 1), (7, 6), (12, 2), (10, 4), (1, 1), (0, 3), (2, 0), (9, 6), (11, 3), (13, 6), (6, 0))
bnd for col 1: 2
gi after filling col 1: ((6, 6, 6, 6, 6, 6, 6), (6, 6, 6, 2, 6, 6, 6), (6, 6, 6, 6, 6, 6, 6), (6, 6, 6, 6, 6, 6, 6), (2, 6, 6, 6, 6, 6, 6), (6, 1, 6, 6, 6, 6, 6), (6, 6, 6, 6, 6, 6, 6), (6, 6, 6, 6, 6, 6, 6), (6, 6, 6, 6, 6, 6, 6), (6, 6, 6, 6, 6, 6, 6), (6, 6, 6, 6, 6, 6, 6), (6, 6, 6, 6, 6, 6, 6), (6, 6, 6, 6, 6, 6, 6), (6, 6, 6, 6, 6, 6, 6), (6, 6, 6, 6, 6, 6, 6))
inds after removing ij: ((12, 4), (8, 0), (10, 6), (0, 5), (2, 2), (11, 5), (6, 2), (7, 1), (4, 2), (3, 6), (5, 3), (8, 2), (9, 1), (2, 4), (13, 1), (6, 4), (7, 3), (5, 5), (8, 4), (9, 3), (0, 0), (11, 0), (13, 3), (6, 6), (7, 5), (3, 1), (14, 1), (9, 5), (0, 2), (11, 2), (13, 5), (12, 6), (3, 3), (5, 0), (14, 3), (11, 4), (1, 5), (6, 1), (7, 0), (3, 5), (5, 2), (4, 4), (14, 5), (9, 0), (10, 1), (13, 0), (2, 6), (7, 2), (12, 1), (5, 4), (4, 6), (9, 2), (8, 6), (10, 3), (1, 0), (13, 2), (7, 4), (12, 3), (3, 0), (14, 0), (5, 6), (10, 5), (1, 2), (0, 4), (2, 1), (13, 4), (12, 5), (3, 2), (14, 2), (4, 1), (8, 1), (1, 4), (0, 6), (2, 3), (11, 6), (6, 3), (3, 4), (14, 4), (4, 3), (8, 3), (10, 0), (1, 6), (2, 5), (6, 5), (12, 0), (14, 6), (4, 5), (8, 5), (10, 2), (9, 4), (0, 1), (11, 1), (7, 6), (12, 2), (10, 4), (1, 1), (0, 3), (2, 0), (9, 6), (11, 3), (13, 6), (6, 0))
gi after filling col 1: ((6, 6, 6, 6, 6, 6, 6), (6, 6, 6, 2, 6, 6, 6), (6, 6, 6, 6, 6, 6, 6), (1, 6, 6, 6, 6, 6, 6), (2, 6, 6, 6, 6, 6, 6), (6, 1, 6, 6, 6, 6, 6), (6, 6, 6, 6, 6, 6, 6), (6, 6, 6, 6, 6, 6, 6), (6, 6, 6, 6, 6, 6, 6), (6, 6, 6, 6, 6, 6, 6), (6, 6, 6, 6, 6, 6, 6), (6, 6, 6, 6, 6, 6, 6), (6, 6, 6, 6, 6, 6, 6), (6, 6, 6, 6, 6, 6, 6), (6, 6, 6, 6, 6, 6, 6))
inds after removing ij: ((12, 4), (8, 0), (10, 6), (0, 5), (2, 2), (11, 5), (6, 2), (7, 1), (4, 2), (3, 6), (5, 3), (8, 2), (9, 1), (2, 4), (13, 1), (6, 4), (7, 3), (5, 5), (8, 4), (9, 3), (0, 0), (11, 0), (13, 3), (6, 6), (7, 5), (3, 1), (14, 1), (9, 5), (0, 2), (11, 2), (13, 5), (12, 6), (3, 3), (5, 0), (14, 3), (11, 4), (1, 5), (6, 1), (7, 0), (3, 5), (5, 2), (4, 4), (14, 5), (9, 0), (10, 1), (13, 0), (2, 6), (7, 2), (12, 1), (5, 4), (4, 6), (9, 2), (8, 6), (10, 3), (1, 0), (13, 2), (7, 4), (12, 3), (14, 0), (5, 6), (10, 5), (1, 2), (0, 4), (2, 1), (13, 4), (12, 5), (3, 2), (14, 2), (4, 1), (8, 1), (1, 4), (0, 6), (2, 3), (11, 6), (6, 3), (3, 4), (14, 4), (4, 3), (8, 3), (10, 0), (1, 6), (2, 5), (6, 5), (12, 0), (14, 6), (4, 5), (8, 5), (10, 2), (9, 4), (0, 1), (11, 1), (7, 6), (12, 2), (10, 4), (1, 1), (0, 3), (2, 0), (9, 6), (11, 3), (13, 6), (6, 0))
bnd for col 3: 3
gi after filling col 3: ((6, 6, 6, 6, 6, 6, 6), (6, 6, 6, 2, 6, 6, 6), (6, 6, 6, 6, 6, 6, 6), (1, 6, 6, 6, 6, 6, 6), (2, 6, 6, 6, 6, 6, 6), (6, 1, 6, 6, 6, 6, 6), (6, 6, 6, 6, 6, 6, 6), (6, 6, 6, 6, 6, 6, 6), (6, 6, 6, 6, 6, 6, 6), (6, 6, 6, 6, 6, 6, 6), (6, 6, 6, 6, 6, 6, 6), (6, 6, 6, 6, 6, 6, 6), (6, 6, 6, 6, 6, 6, 6), (6, 6, 6, 6, 6, 6, 6), (6, 6, 6, 6, 6, 6, 3))
inds after removing ij: ((12, 4), (8, 0), (10, 6), (0, 5), (2, 2), (11, 5), (6, 2), (7, 1), (4, 2), (3, 6), (5, 3), (8, 2), (9, 1), (2, 4), (13, 1), (6, 4), (7, 3), (5, 5), (8, 4), (9, 3), (0, 0), (11, 0), (13, 3), (6, 6), (7, 5), (3, 1), (14, 1), (9, 5), (0, 2), (11, 2), (13, 5), (12, 6), (3, 3), (5, 0), (14, 3), (11, 4), (1, 5), (6, 1), (7, 0), (3, 5), (5, 2), (4, 4), (14, 5), (9, 0), (10, 1), (13, 0), (2, 6), (7, 2), (12, 1), (5, 4), (4, 6), (9, 2), (8, 6), (10, 3), (1, 0), (13, 2), (7, 4), (12, 3), (14, 0), (5, 6), (10, 5), (1, 2), (0, 4), (2, 1), (13, 4), (12, 5), (3, 2), (14, 2), (4, 1), (8, 1), (1, 4), (0, 6), (2, 3), (11, 6), (6, 3), (3, 4), (14, 4), (4, 3), (8, 3), (10, 0), (1, 6), (2, 5), (6, 5), (12, 0), (4, 5), (8, 5), (10, 2), (9, 4), (0, 1), (11, 1), (7, 6), (12, 2), (10, 4), (1, 1), (0, 3), (2, 0), (9, 6), (11, 3), (13, 6), (6, 0))
gi after filling col 3: ((6, 6, 6, 6, 6, 6, 6), (6, 6, 6, 2, 6, 6, 6), (6, 6, 6, 6, 6, 6, 6), (1, 6, 6, 6, 6, 6, 6), (2, 6, 3, 6, 6, 6, 6), (6, 1, 6, 6, 6, 6, 6), (6, 6, 6, 6, 6, 6, 6), (6, 6, 6, 6, 6, 6, 6), (6, 6, 6, 6, 6, 6, 6), (6, 6, 6, 6, 6, 6, 6), (6, 6, 6, 6, 6, 6, 6), (6, 6, 6, 6, 6, 6, 6), (6, 6, 6, 6, 6, 6, 6), (6, 6, 6, 6, 6, 6, 6), (6, 6, 6, 6, 6, 6, 3))
inds after removing ij: ((12, 4), (8, 0), (10, 6), (0, 5), (2, 2), (11, 5), (6, 2), (7, 1), (3, 6), (5, 3), (8, 2), (9, 1), (2, 4), (13, 1), (6, 4), (7, 3), (5, 5), (8, 4), (9, 3), (0, 0), (11, 0), (13, 3), (6, 6), (7, 5), (3, 1), (14, 1), (9, 5), (0, 2), (11, 2), (13, 5), (12, 6), (3, 3), (5, 0), (14, 3), (11, 4), (1, 5), (6, 1), (7, 0), (3, 5), (5, 2), (4, 4), (14, 5), (9, 0), (10, 1), (13, 0), (2, 6), (7, 2), (12, 1), (5, 4), (4, 6), (9, 2), (8, 6), (10, 3), (1, 0), (13, 2), (7, 4), (12, 3), (14, 0), (5, 6), (10, 5), (1, 2), (0, 4), (2, 1), (13, 4), (12, 5), (3, 2), (14, 2), (4, 1), (8, 1), (1, 4), (0, 6), (2, 3), (11, 6), (6, 3), (3, 4), (14, 4), (4, 3), (8, 3), (10, 0), (1, 6), (2, 5), (6, 5), (12, 0), (4, 5), (8, 5), (10, 2), (9, 4), (0, 1), (11, 1), (7, 6), (12, 2), (10, 4), (1, 1), (0, 3), (2, 0), (9, 6), (11, 3), (13, 6), (6, 0))
gi after filling col 3: ((6, 6, 6, 6, 6, 6, 6), (6, 6, 6, 2, 6, 6, 6), (6, 6, 6, 6, 6, 6, 6), (1, 6, 6, 6, 6, 6, 6), (2, 6, 3, 6, 6, 6, 6), (6, 1, 6, 6, 6, 6, 6), (6, 6, 6, 6, 6, 6, 6), (6, 6, 6, 6, 6, 6, 6), (6, 6, 6, 6, 6, 6, 3), (6, 6, 6, 6, 6, 6, 6), (6, 6, 6, 6, 6, 6, 6), (6, 6, 6, 6, 6, 6, 6), (6, 6, 6, 6, 6, 6, 6), (6, 6, 6, 6, 6, 6, 6), (6, 6, 6, 6, 6, 6, 3))
inds after removing ij: ((12, 4), (8, 0), (10, 6), (0, 5), (2, 2), (11, 5), (6, 2), (7, 1), (3, 6), (5, 3), (8, 2), (9, 1), (2, 4), (13, 1), (6, 4), (7, 3), (5, 5), (8, 4), (9, 3), (0, 0), (11, 0), (13, 3), (6, 6), (7, 5), (3, 1), (14, 1), (9, 5), (0, 2), (11, 2), (13, 5), (12, 6), (3, 3), (5, 0), (14, 3), (11, 4), (1, 5), (6, 1), (7, 0), (3, 5), (5, 2), (4, 4), (14, 5), (9, 0), (10, 1), (13, 0), (2, 6), (7, 2), (12, 1), (5, 4), (4, 6), (9, 2), (10, 3), (1, 0), (13, 2), (7, 4), (12, 3), (14, 0), (5, 6), (10, 5), (1, 2), (0, 4), (2, 1), (13, 4), (12, 5), (3, 2), (14, 2), (4, 1), (8, 1), (1, 4), (0, 6), (2, 3), (11, 6), (6, 3), (3, 4), (14, 4), (4, 3), (8, 3), (10, 0), (1, 6), (2, 5), (6, 5), (12, 0), (4, 5), (8, 5), (10, 2), (9, 4), (0, 1), (11, 1), (7, 6), (12, 2), (10, 4), (1, 1), (0, 3), (2, 0), (9, 6), (11, 3), (13, 6), (6, 0))
