Modified Function Code:
from re_arc.dsl import *
def generate_1b2d62fb() -> dict:
    diff_lb = 0
    print(f"diff_lb: {diff_lb}")
    diff_ub = 1
    print(f"diff_ub: {diff_ub}")
    
    cols = remove(8, interval(0, 10, 1))
    print(f"cols: {cols}")
    
    h = unifint(diff_lb, diff_ub, (2, 30))
    print(f"h: {h}")
    
    w = unifint(diff_lb, diff_ub, (2, 14))
    print(f"w: {w}")
    
    bgc = 0
    print(f"bgc: {bgc}")
    
    remcols = remove(bgc, cols)
    print(f"remcols: {remcols}")
    
    barcol = choice(remcols)
    print(f"barcol: {barcol}")
    
    remcols = remove(barcol, remcols)
    print(f"remcols after removing barcol: {remcols}")
    
    cola = choice(remcols)
    print(f"cola: {cola}")
    
    colb = choice(remcols)
    print(f"colb: {colb}")
    
    canv = canvas(0, (h, w))
    print(f"canv: {canv}")
    
    inds = totuple(asindices(canv))
    print(f"inds: {inds}")
    
    gbar = canvas(barcol, (h, 1))
    print(f"gbar: {gbar}")
    
    mp = (h * w) // 2
    print(f"mp: {mp}")
    
    devrng = (0, mp)
    print(f"devrng: {devrng}")
    
    deva = unifint(diff_lb, diff_ub, devrng)
    print(f"deva: {deva}")
    
    devb = unifint(diff_lb, diff_ub, devrng)
    print(f"devb: {devb}")
    
    sgna = choice((+1, -1))
    print(f"sgna: {sgna}")
    
    sgnb = choice((+1, -1))
    print(f"sgnb: {sgnb}")
    
    deva = sgna * deva
    print(f"deva after sign: {deva}")
    
    devb = sgnb * devb
    print(f"devb after sign: {devb}")
    
    numa = mp + deva
    print(f"numa: {numa}")
    
    numb = mp + devb
    print(f"numb: {numb}")
    
    numa = max(min(h * w - 1, numa), 1)
    print(f"numa after clamping: {numa}")
    
    numb = max(min(h * w - 1, numb), 1)
    print(f"numb after clamping: {numb}")
    
    a = sample(inds, numa)
    print(f"a: {a}")
    
    b = sample(inds, numb)
    print(f"b: {b}")
    
    gia = fill(canv, cola, a)
    print(f"gia: {gia}")
    
    gib = fill(canv, colb, b)
    print(f"gib: {gib}")
    
    gi = hconcat(hconcat(gia, gbar), gib)
    print(f"gi: {gi}")
    
    return {'input': gi}

Printed Outputs:
diff_lb: 0
diff_ub: 1
cols: (0, 1, 2, 3, 4, 5, 6, 7, 9)
h: 25
w: 5
bgc: 0
remcols: (1, 2, 3, 4, 5, 6, 7, 9)
barcol: 3
remcols after removing barcol: (1, 2, 4, 5, 6, 7, 9)
cola: 2
colb: 2
canv: ((0, 0, 0, 0, 0), (0, 0, 0, 0, 0), (0, 0, 0, 0, 0), (0, 0, 0, 0, 0), (0, 0, 0, 0, 0), (0, 0, 0, 0, 0), (0, 0, 0, 0, 0), (0, 0, 0, 0, 0), (0, 0, 0, 0, 0), (0, 0, 0, 0, 0), (0, 0, 0, 0, 0), (0, 0, 0, 0, 0), (0, 0, 0, 0, 0), (0, 0, 0, 0, 0), (0, 0, 0, 0, 0), (0, 0, 0, 0, 0), (0, 0, 0, 0, 0), (0, 0, 0, 0, 0), (0, 0, 0, 0, 0), (0, 0, 0, 0, 0), (0, 0, 0, 0, 0), (0, 0, 0, 0, 0), (0, 0, 0, 0, 0), (0, 0, 0, 0, 0), (0, 0, 0, 0, 0))
inds: ((12, 4), (23, 4), (4, 0), (5, 1), (8, 0), (17, 3), (19, 0), (2, 2), (6, 2), (7, 1), (18, 1), (21, 0), (4, 2), (5, 3), (8, 2), (19, 2), (9, 1), (2, 4), (13, 1), (24, 1), (6, 4), (7, 3), (18, 3), (21, 2), (22, 3), (8, 4), (19, 4), (9, 3), (0, 0), (11, 0), (13, 3), (15, 0), (24, 3), (21, 4), (3, 1), (14, 1), (17, 0), (0, 2), (11, 2), (1, 3), (15, 2), (16, 1), (20, 1), (3, 3), (5, 0), (14, 3), (17, 2), (11, 4), (15, 4), (6, 1), (16, 3), (7, 0), (18, 0), (20, 3), (22, 0), (5, 2), (4, 4), (17, 4), (9, 0), (10, 1), (13, 0), (24, 0), (7, 2), (18, 2), (22, 2), (12, 1), (23, 1), (5, 4), (9, 2), (10, 3), (1, 0), (13, 2), (24, 2), (7, 4), (18, 4), (22, 4), (12, 3), (3, 0), (14, 0), (23, 3), (1, 2), (0, 4), (2, 1), (13, 4), (16, 0), (24, 4), (20, 0), (3, 2), (14, 2), (4, 1), (8, 1), (19, 1), (1, 4), (2, 3), (16, 2), (6, 3), (20, 2), (21, 1), (3, 4), (14, 4), (4, 3), (8, 3), (10, 0), (19, 3), (16, 4), (20, 4), (22, 1), (21, 3), (12, 0), (23, 0), (10, 2), (9, 4), (0, 1), (11, 1), (15, 1), (12, 2), (23, 2), (17, 1), (10, 4), (1, 1), (0, 3), (2, 0), (11, 3), (15, 3), (6, 0))
gbar: ((3,), (3,), (3,), (3,), (3,), (3,), (3,), (3,), (3,), (3,), (3,), (3,), (3,), (3,), (3,), (3,), (3,), (3,), (3,), (3,), (3,), (3,), (3,), (3,), (3,))
mp: 62
devrng: (0, 62)
deva: 45
devb: 41
sgna: -1
sgnb: -1
deva after sign: -45
devb after sign: -41
numa: 17
numb: 21
numa after clamping: 17
numb after clamping: 21
a: [(16, 0), (3, 3), (6, 4), (24, 4), (9, 3), (11, 2), (22, 1), (4, 0), (14, 3), (20, 3), (10, 1), (16, 3), (23, 3), (20, 0), (6, 0), (6, 1), (1, 0)]
b: [(21, 1), (8, 1), (7, 2), (12, 4), (22, 4), (20, 0), (10, 4), (7, 0), (20, 3), (16, 1), (15, 0), (0, 2), (14, 2), (21, 2), (14, 1), (23, 4), (0, 1), (20, 1), (19, 2), (3, 0), (24, 0)]
gia: ((0, 0, 0, 0, 0), (2, 0, 0, 0, 0), (0, 0, 0, 0, 0), (0, 0, 0, 2, 0), (2, 0, 0, 0, 0), (0, 0, 0, 0, 0), (2, 2, 0, 0, 2), (0, 0, 0, 0, 0), (0, 0, 0, 0, 0), (0, 0, 0, 2, 0), (0, 2, 0, 0, 0), (0, 0, 2, 0, 0), (0, 0, 0, 0, 0), (0, 0, 0, 0, 0), (0, 0, 0, 2, 0), (0, 0, 0, 0, 0), (2, 0, 0, 2, 0), (0, 0, 0, 0, 0), (0, 0, 0, 0, 0), (0, 0, 0, 0, 0), (2, 0, 0, 2, 0), (0, 0, 0, 0, 0), (0, 2, 0, 0, 0), (0, 0, 0, 2, 0), (0, 0, 0, 0, 2))
gib: ((0, 2, 2, 0, 0), (0, 0, 0, 0, 0), (0, 0, 0, 0, 0), (2, 0, 0, 0, 0), (0, 0, 0, 0, 0), (0, 0, 0, 0, 0), (0, 0, 0, 0, 0), (2, 0, 2, 0, 0), (0, 2, 0, 0, 0), (0, 0, 0, 0, 0), (0, 0, 0, 0, 2), (0, 0, 0, 0, 0), (0, 0, 0, 0, 2), (0, 0, 0, 0, 0), (0, 2, 2, 0, 0), (2, 0, 0, 0, 0), (0, 2, 0, 0, 0), (0, 0, 0, 0, 0), (0, 0, 0, 0, 0), (0, 0, 2, 0, 0), (2, 2, 0, 2, 0), (0, 2, 2, 0, 0), (0, 0, 0, 0, 2), (0, 0, 0, 0, 2), (2, 0, 0, 0, 0))
gi: ((0, 0, 0, 0, 0, 3, 0, 2, 2, 0, 0), (2, 0, 0, 0, 0, 3, 0, 0, 0, 0, 0), (0, 0, 0, 0, 0, 3, 0, 0, 0, 0, 0), (0, 0, 0, 2, 0, 3, 2, 0, 0, 0, 0), (2, 0, 0, 0, 0, 3, 0, 0, 0, 0, 0), (0, 0, 0, 0, 0, 3, 0, 0, 0, 0, 0), (2, 2, 0, 0, 2, 3, 0, 0, 0, 0, 0), (0, 0, 0, 0, 0, 3, 2, 0, 2, 0, 0), (0, 0, 0, 0, 0, 3, 0, 2, 0, 0, 0), (0, 0, 0, 2, 0, 3, 0, 0, 0, 0, 0), (0, 2, 0, 0, 0, 3, 0, 0, 0, 0, 2), (0, 0, 2, 0, 0, 3, 0, 0, 0, 0, 0), (0, 0, 0, 0, 0, 3, 0, 0, 0, 0, 2), (0, 0, 0, 0, 0, 3, 0, 0, 0, 0, 0), (0, 0, 0, 2, 0, 3, 0, 2, 2, 0, 0), (0, 0, 0, 0, 0, 3, 2, 0, 0, 0, 0), (2, 0, 0, 2, 0, 3, 0, 2, 0, 0, 0), (0, 0, 0, 0, 0, 3, 0, 0, 0, 0, 0), (0, 0, 0, 0, 0, 3, 0, 0, 0, 0, 0), (0, 0, 0, 0, 0, 3, 0, 0, 2, 0, 0), (2, 0, 0, 2, 0, 3, 2, 2, 0, 2, 0), (0, 0, 0, 0, 0, 3, 0, 2, 2, 0, 0), (0, 2, 0, 0, 0, 3, 0, 0, 0, 0, 2), (0, 0, 0, 2, 0, 3, 0, 0, 0, 0, 2), (0, 0, 0, 0, 2, 3, 2, 0, 0, 0, 0))
