Modified Function Code:
from re_arc.dsl import *
def generate_1c786137(diff_lb: float = 0, diff_ub: float = 1) -> dict:
    print(f"diff_lb: {diff_lb}")
    print(f"diff_ub: {diff_ub}")
    
    dim_bounds = (3, 30)
    print(f"dim_bounds: {dim_bounds}")
    
    num_cols_card_bounds = (1, 8)
    print(f"num_cols_card_bounds: {num_cols_card_bounds}")
    
    colopts = interval(1, 10, 1)
    print(f"colopts: {colopts}")
    
    h = unifint(diff_lb, diff_ub, dim_bounds)
    print(f"h: {h}")
    
    w = unifint(diff_lb, diff_ub, dim_bounds)
    print(f"w: {w}")
    
    noise_card_bounds = (0, h * w)
    print(f"noise_card_bounds: {noise_card_bounds}")
    
    c = canvas(0, (h, w))
    print(f"c: {c}")
    
    inds = totuple(asindices(c))
    print(f"inds: {inds}")
    
    num_noise = unifint(diff_lb, diff_ub, noise_card_bounds)
    print(f"num_noise: {num_noise}")
    
    num_cols = unifint(diff_lb, diff_ub, num_cols_card_bounds)
    print(f"num_cols: {num_cols}")
    
    noiseinds = sample(inds, num_noise)
    print(f"noiseinds: {noiseinds}")
    
    colset = sample(colopts, num_cols)
    print(f"colset: {colset}")
    
    trgcol = choice(difference(colopts, colset))
    print(f"trgcol: {trgcol}")
    
    noise = frozenset((choice(colset), ij) for ij in noiseinds)
    print(f"noise: {noise}")
    
    gi = paint(c, noise)
    print(f"gi: {gi}")
    
    boxhrng = (3, max(3, h//2))
    print(f"boxhrng: {boxhrng}")
    
    boxwrng = (3, max(3, w//2))
    print(f"boxwrng: {boxwrng}")
    
    boxh = unifint(diff_lb, diff_ub, boxhrng)
    print(f"boxh: {boxh}")
    
    boxw = unifint(diff_lb, diff_ub, boxwrng)
    print(f"boxw: {boxw}")
    
    boxi = choice(interval(0, h - boxh + 1, 1))
    print(f"boxi: {boxi}")
    
    boxj = choice(interval(0, w - boxw + 1, 1))
    print(f"boxj: {boxj}")
    
    loc = (boxi, boxj)
    print(f"loc: {loc}")
    
    llc = add(loc, toivec(boxh - 1))
    print(f"llc: {llc}")
    
    urc = add(loc, tojvec(boxw - 1))
    print(f"urc: {urc}")
    
    lrc = add(loc, (boxh - 1, boxw - 1))
    print(f"lrc: {lrc}")
    
    l1 = connect(loc, llc)
    print(f"l1: {l1}")
    
    l2 = connect(loc, urc)
    print(f"l2: {l2}")
    
    l3 = connect(urc, lrc)
    print(f"l3: {l3}")
    
    l4 = connect(llc, lrc)
    print(f"l4: {l4}")
    
    l = l1 | l2 | l3 | l4
    print(f"l: {l}")
    
    gi = fill(gi, trgcol, l)
    print(f"gi after fill: {gi}")
    
    return {'input': gi}

Printed Outputs:
diff_lb: 0
diff_ub: 1
dim_bounds: (3, 30)
num_cols_card_bounds: (1, 8)
colopts: (1, 2, 3, 4, 5, 6, 7, 8, 9)
h: 29
w: 18
noise_card_bounds: (0, 522)
c: ((0, 0, 0, 0, 0, 0, 0, 0, 0, 0, 0, 0, 0, 0, 0, 0, 0, 0), (0, 0, 0, 0, 0, 0, 0, 0, 0, 0, 0, 0, 0, 0, 0, 0, 0, 0), (0, 0, 0, 0, 0, 0, 0, 0, 0, 0, 0, 0, 0, 0, 0, 0, 0, 0), (0, 0, 0, 0, 0, 0, 0, 0, 0, 0, 0, 0, 0, 0, 0, 0, 0, 0), (0, 0, 0, 0, 0, 0, 0, 0, 0, 0, 0, 0, 0, 0, 0, 0, 0, 0), (0, 0, 0, 0, 0, 0, 0, 0, 0, 0, 0, 0, 0, 0, 0, 0, 0, 0), (0, 0, 0, 0, 0, 0, 0, 0, 0, 0, 0, 0, 0, 0, 0, 0, 0, 0), (0, 0, 0, 0, 0, 0, 0, 0, 0, 0, 0, 0, 0, 0, 0, 0, 0, 0), (0, 0, 0, 0, 0, 0, 0, 0, 0, 0, 0, 0, 0, 0, 0, 0, 0, 0), (0, 0, 0, 0, 0, 0, 0, 0, 0, 0, 0, 0, 0, 0, 0, 0, 0, 0), (0, 0, 0, 0, 0, 0, 0, 0, 0, 0, 0, 0, 0, 0, 0, 0, 0, 0), (0, 0, 0, 0, 0, 0, 0, 0, 0, 0, 0, 0, 0, 0, 0, 0, 0, 0), (0, 0, 0, 0, 0, 0, 0, 0, 0, 0, 0, 0, 0, 0, 0, 0, 0, 0), (0, 0, 0, 0, 0, 0, 0, 0, 0, 0, 0, 0, 0, 0, 0, 0, 0, 0), (0, 0, 0, 0, 0, 0, 0, 0, 0, 0, 0, 0, 0, 0, 0, 0, 0, 0), (0, 0, 0, 0, 0, 0, 0, 0, 0, 0, 0, 0, 0, 0, 0, 0, 0, 0), (0, 0, 0, 0, 0, 0, 0, 0, 0, 0, 0, 0, 0, 0, 0, 0, 0, 0), (0, 0, 0, 0, 0, 0, 0, 0, 0, 0, 0, 0, 0, 0, 0, 0, 0, 0), (0, 0, 0, 0, 0, 0, 0, 0, 0, 0, 0, 0, 0, 0, 0, 0, 0, 0), (0, 0, 0, 0, 0, 0, 0, 0, 0, 0, 0, 0, 0, 0, 0, 0, 0, 0), (0, 0, 0, 0, 0, 0, 0, 0, 0, 0, 0, 0, 0, 0, 0, 0, 0, 0), (0, 0, 0, 0, 0, 0, 0, 0, 0, 0, 0, 0, 0, 0, 0, 0, 0, 0), (0, 0, 0, 0, 0, 0, 0, 0, 0, 0, 0, 0, 0, 0, 0, 0, 0, 0), (0, 0, 0, 0, 0, 0, 0, 0, 0, 0, 0, 0, 0, 0, 0, 0, 0, 0), (0, 0, 0, 0, 0, 0, 0, 0, 0, 0, 0, 0, 0, 0, 0, 0, 0, 0), (0, 0, 0, 0, 0, 0, 0, 0, 0, 0, 0, 0, 0, 0, 0, 0, 0, 0), (0, 0, 0, 0, 0, 0, 0, 0, 0, 0, 0, 0, 0, 0, 0, 0, 0, 0), (0, 0, 0, 0, 0, 0, 0, 0, 0, 0, 0, 0, 0, 0, 0, 0, 0, 0), (0, 0, 0, 0, 0, 0, 0, 0, 0, 0, 0, 0, 0, 0, 0, 0, 0, 0))
inds: ((7, 17), (18, 17), (27, 4), (8, 0), (19, 0), (27, 13), (8, 9), (19, 9), (0, 5), (11, 5), (0, 14), (11, 14), (4, 2), (22, 10), (3, 6), (3, 15), (14, 15), (15, 7), (26, 7), (7, 3), (18, 3), (15, 16), (26, 16), (7, 12), (18, 12), (27, 8), (8, 4), (19, 4), (0, 0), (11, 0), (0, 9), (11, 9), (25, 11), (22, 5), (3, 1), (14, 1), (22, 14), (3, 10), (14, 10), (15, 2), (26, 2), (15, 11), (26, 11), (7, 7), (18, 7), (7, 16), (18, 16), (11, 4), (10, 8), (25, 6), (10, 17), (2, 13), (25, 15), (22, 0), (22, 9), (3, 5), (14, 5), (3, 14), (14, 14), (15, 6), (26, 6), (7, 2), (18, 2), (7, 11), (18, 11), (6, 15), (21, 13), (10, 3), (25, 1), (10, 12), (2, 8), (25, 10), (2, 17), (22, 4), (3, 0), (14, 0), (22, 13), (3, 9), (14, 9), (26, 1), (6, 10), (21, 8), (21, 17), (10, 7), (2, 3), (25, 5), (10, 16), (2, 12), (25, 14), (22, 8), (3, 4), (14, 4), (17, 6), (28, 6), (17, 15), (28, 15), (9, 11), (6, 5), (21, 3), (6, 14), (21, 12), (10, 2), (25, 0), (10, 11), (2, 7), (25, 9), (2, 16), (13, 13), (24, 13), (17, 1), (28, 1), (5, 8), (17, 10), (28, 10), (9, 6), (5, 17), (9, 15), (6, 0), (6, 9), (21, 7), (21, 16), (10, 6), (2, 2), (2, 11), (13, 8), (24, 8), (1, 15), (13, 17), (24, 17), (16, 13), (5, 3), (17, 5), (28, 5), (9, 1), (5, 12), (17, 14), (28, 14), (9, 10), (6, 4), (21, 2), (6, 13), (20, 15), (13, 3), (24, 3), (1, 10), (13, 12), (24, 12), (16, 8), (16, 17), (17, 0), (28, 0), (5, 7), (17, 9), (28, 9), (9, 5), (5, 16), (9, 14), (20, 1), (20, 10), (12, 6), (23, 6), (12, 15), (23, 15), (4, 11), (1, 5), (13, 7), (24, 7), (16, 3), (1, 14), (13, 16), (24, 16), (16, 12), (5, 2), (17, 4), (28, 4), (9, 0), (5, 11), (9, 9), (27, 17), (8, 13), (19, 13), (20, 5), (12, 1), (23, 1), (20, 14), (12, 10), (23, 10), (4, 6), (4, 15), (1, 0), (13, 2), (24, 2), (1, 9), (13, 11), (24, 11), (16, 7), (16, 16), (5, 6), (18, 8), (27, 3), (27, 12), (8, 8), (19, 8), (0, 4), (8, 17), (19, 17), (0, 13), (11, 13), (20, 0), (20, 9), (12, 5), (23, 5), (4, 1), (12, 14), (23, 14), (4, 10), (1, 4), (24, 6), (16, 2), (1, 13), (15, 15), (26, 15), (27, 7), (8, 3), (19, 3), (27, 16), (8, 12), (19, 12), (0, 8), (11, 8), (0, 17), (11, 17), (20, 4), (12, 0), (23, 0), (20, 13), (12, 9), (23, 9), (4, 5), (4, 14), (15, 1), (15, 10), (26, 10), (7, 6), (18, 6), (7, 15), (18, 15), (27, 2), (27, 11), (8, 7), (19, 7), (0, 3), (11, 3), (8, 16), (19, 16), (0, 12), (11, 12), (12, 4), (23, 4), (4, 0), (4, 9), (22, 17), (3, 13), (14, 13), (15, 5), (26, 5), (7, 1), (18, 1), (15, 14), (26, 14), (7, 10), (18, 10), (27, 6), (8, 2), (19, 2), (8, 11), (19, 11), (0, 7), (11, 7), (0, 16), (11, 16), (22, 3), (22, 12), (3, 8), (14, 8), (3, 17), (14, 17), (15, 0), (26, 0), (15, 9), (26, 9), (7, 5), (18, 5), (7, 14), (18, 14), (27, 1), (19, 6), (0, 2), (11, 2), (25, 4), (10, 15), (25, 13), (22, 7), (3, 3), (14, 3), (22, 16), (3, 12), (14, 12), (15, 4), (26, 4), (7, 0), (18, 0), (15, 13), (26, 13), (7, 9), (18, 9), (21, 11), (10, 1), (10, 10), (2, 6), (25, 8), (2, 15), (25, 17), (22, 2), (22, 11), (3, 7), (14, 7), (3, 16), (14, 16), (7, 4), (18, 4), (26, 12), (6, 8), (21, 6), (6, 17), (21, 15), (10, 5), (2, 1), (25, 3), (10, 14), (2, 10), (25, 12), (22, 6), (3, 2), (14, 2), (3, 11), (14, 11), (17, 13), (28, 13), (6, 3), (21, 1), (6, 12), (21, 10), (10, 0), (10, 9), (2, 5), (25, 7), (2, 14), (25, 16), (22, 1), (14, 6), (17, 8), (28, 8), (9, 4), (5, 15), (17, 17), (28, 17), (9, 13), (6, 7), (21, 5), (6, 16), (21, 14), (10, 4), (2, 0), (25, 2), (10, 13), (2, 9), (13, 6), (13, 15), (24, 15), (16, 11), (5, 1), (17, 3), (28, 3), (5, 10), (17, 12), (28, 12), (9, 8), (9, 17), (6, 2), (21, 0), (6, 11), (21, 9), (2, 4), (13, 1), (24, 1), (1, 8), (13, 10), (24, 10), (16, 6), (1, 17), (16, 15), (5, 5), (17, 7), (28, 7), (9, 3), (5, 14), (17, 16), (28, 16), (9, 12), (6, 6), (21, 4), (20, 8), (20, 17), (12, 13), (23, 13), (1, 3), (13, 5), (24, 5), (16, 1), (1, 12), (13, 14), (24, 14), (16, 10), (5, 0), (17, 2), (28, 2), (5, 9), (17, 11), (28, 11), (9, 7), (9, 16), (27, 15), (6, 1), (20, 3), (20, 12), (12, 8), (23, 8), (4, 4), (12, 17), (23, 17), (4, 13), (13, 0), (24, 0), (1, 7), (13, 9), (24, 9), (16, 5), (1, 16), (16, 14), (5, 4), (9, 2), (5, 13), (27, 10), (8, 6), (8, 15), (19, 15), (0, 11), (11, 11), (20, 7), (12, 3), (23, 3), (20, 16), (12, 12), (23, 12), (4, 8), (4, 17), (1, 2), (13, 4), (24, 4), (16, 0), (1, 11), (16, 9), (27, 5), (8, 1), (19, 1), (27, 14), (8, 10), (19, 10), (0, 6), (11, 6), (0, 15), (11, 15), (20, 2), (20, 11), (12, 7), (23, 7), (4, 3), (12, 16), (23, 16), (4, 12), (1, 6), (16, 4), (15, 8), (26, 8), (15, 17), (26, 17), (7, 13), (18, 13), (27, 0), (27, 9), (8, 5), (19, 5), (0, 1), (11, 1), (8, 14), (19, 14), (0, 10), (11, 10), (20, 6), (12, 2), (23, 2), (12, 11), (23, 11), (4, 7), (4, 16), (22, 15), (1, 1), (15, 3), (26, 3), (15, 12), (7, 8))
num_noise: 216
num_cols: 5
noiseinds: [(17, 15), (6, 0), (4, 12), (5, 4), (5, 7), (14, 16), (11, 8), (19, 11), (23, 1), (13, 2), (9, 14), (27, 5), (5, 0), (15, 15), (5, 11), (1, 3), (21, 2), (22, 11), (25, 0), (16, 5), (14, 15), (25, 17), (26, 4), (20, 15), (15, 4), (16, 0), (25, 4), (21, 17), (21, 12), (21, 11), (23, 8), (2, 15), (3, 9), (20, 6), (24, 12), (0, 7), (17, 10), (19, 0), (22, 7), (3, 7), (22, 14), (24, 11), (14, 13), (0, 0), (1, 10), (22, 16), (12, 5), (11, 5), (18, 3), (25, 5), (17, 8), (19, 16), (18, 11), (20, 7), (9, 9), (20, 17), (3, 4), (15, 16), (16, 9), (2, 16), (19, 10), (6, 9), (25, 2), (19, 13), (16, 2), (11, 7), (16, 6), (0, 9), (23, 13), (19, 15), (26, 12), (23, 2), (18, 14), (24, 13), (8, 4), (17, 6), (8, 1), (3, 14), (10, 5), (20, 2), (18, 17), (5, 15), (20, 3), (14, 11), (4, 6), (16, 3), (4, 1), (26, 2), (4, 10), (9, 3), (0, 15), (11, 12), (5, 13), (9, 5), (0, 11), (20, 11), (25, 7), (25, 14), (3, 12), (14, 0), (6, 6), (27, 10), (23, 5), (19, 12), (13, 8), (28, 3), (4, 4), (17, 17), (28, 14), (4, 16), (6, 10), (3, 15), (26, 10), (9, 4), (13, 6), (14, 7), (26, 17), (6, 7), (2, 8), (17, 12), (9, 15), (14, 4), (28, 16), (2, 2), (28, 8), (0, 17), (22, 9), (28, 2), (24, 5), (18, 16), (24, 0), (16, 1), (27, 12), (17, 13), (12, 9), (25, 3), (20, 4), (15, 14), (18, 2), (4, 9), (0, 4), (0, 13), (12, 1), (10, 3), (28, 15), (20, 14), (13, 16), (3, 5), (13, 3), (20, 16), (5, 6), (21, 13), (27, 7), (3, 2), (15, 10), (22, 12), (6, 17), (4, 11), (10, 17), (27, 14), (23, 10), (11, 16), (3, 11), (21, 6), (23, 16), (1, 9), (12, 3), (19, 1), (12, 12), (15, 17), (19, 2), (24, 14), (8, 13), (10, 9), (0, 1), (1, 13), (14, 1), (24, 15), (1, 2), (8, 11), (23, 0), (5, 12), (20, 5), (0, 8), (7, 10), (23, 4), (1, 15), (18, 15), (6, 14), (8, 7), (21, 7), (19, 4), (7, 2), (4, 8), (19, 6), (16, 7), (5, 14), (20, 10), (18, 7), (7, 11), (18, 10), (7, 14), (0, 3), (18, 9), (15, 0), (20, 12), (4, 3), (4, 15), (10, 14), (21, 4), (10, 7), (26, 3), (28, 0), (22, 4), (14, 6), (11, 15)]
colset: [4, 7, 6, 3, 8]
trgcol: 2
noise: frozenset({(4, (6, 6)), (3, (1, 15)), (8, (12, 5)), (3, (11, 7)), (8, (5, 4)), (8, (10, 17)), (7, (9, 3)), (4, (11, 5)), (6, (23, 10)), (4, (28, 8)), (3, (15, 10)), (7, (27, 14)), (4, (19, 13)), (7, (20, 2)), (6, (20, 11)), (8, (20, 15)), (8, (24, 12)), (3, (23, 13)), (8, (10, 3)), (6, (26, 3)), (4, (11, 16)), (3, (14, 15)), (6, (15, 4)), (3, (4, 9)), (6, (16, 5)), (6, (10, 5)), (4, (17, 6)), (6, (4, 16)), (8, (23, 5)), (3, (17, 15)), (7, (17, 13)), (3, (20, 14)), (8, (9, 14)), (7, (13, 8)), (4, (9, 9)), (4, (28, 14)), (3, (17, 10)), (7, (25, 2)), (7, (0, 17)), (8, (20, 6)), (3, (18, 2)), (3, (6, 17)), (6, (1, 2)), (3, (10, 14)), (6, (18, 9)), (7, (14, 4)), (8, (6, 9)), (6, (26, 2)), (3, (23, 16)), (3, (10, 9)), (4, (19, 11)), (8, (16, 0)), (6, (11, 8)), (3, (27, 12)), (4, (15, 14)), (3, (17, 17)), (6, (19, 1)), (3, (21, 17)), (3, (27, 7)), (3, (0, 4)), (7, (18, 11)), (6, (4, 8)), (8, (16, 7)), (7, (22, 4)), (3, (13, 16)), (3, (23, 1)), (8, (27, 10)), (3, (18, 3)), (3, (26, 12)), (4, (3, 11)), (3, (4, 11)), (4, (22, 7)), (8, (0, 11)), (6, (28, 2)), (4, (21, 6)), (6, (2, 16)), (7, (19, 10)), (3, (19, 12)), (6, (12, 3)), (3, (14, 13)), (7, (17, 8)), (6, (20, 16)), (7, (8, 13)), (7, (25, 0)), (8, (14, 0)), (6, (6, 14)), (4, (17, 12)), (7, (18, 10)), (7, (27, 5)), (3, (4, 4)), (4, (18, 7)), (3, (28, 3)), (4, (12, 9)), (3, (11, 15)), (4, (19, 16)), (7, (2, 15)), (6, (24, 5)), (7, (8, 11)), (7, (0, 13)), (6, (6, 0)), (3, (24, 13)), (8, (18, 14)), (4, (0, 1)), (8, (7, 2)), (6, (20, 4)), (7, (8, 1)), (6, (6, 7)), (3, (20, 12)), (3, (21, 13)), (6, (12, 1)), (8, (24, 0)), (6, (21, 11)), (4, (13, 3)), (3, (25, 5)), (3, (23, 2)), (7, (4, 15)), (7, (20, 17)), (7, (19, 4)), (3, (14, 7)), (4, (1, 3)), (4, (24, 11)), (6, (5, 15)), (4, (0, 7)), (3, (16, 2)), (8, (5, 0)), (7, (3, 5)), (4, (21, 7)), (8, (25, 3)), (3, (15, 16)), (6, (18, 17)), (6, (8, 7)), (4, (1, 10)), (4, (21, 2)), (3, (8, 4)), (6, (25, 14)), (3, (3, 2)), (8, (23, 4)), (7, (5, 14)), (7, (20, 3)), (4, (26, 10)), (8, (14, 6)), (7, (3, 15)), (8, (5, 11)), (6, (26, 17)), (6, (2, 2)), (4, (5, 6)), (7, (22, 12)), (4, (14, 16)), (6, (20, 7)), (3, (3, 12)), (4, (3, 4)), (4, (22, 9)), (8, (4, 1)), (4, (28, 0)), (4, (11, 12)), (3, (0, 8)), (3, (25, 4)), (6, (7, 11)), (8, (0, 0)), (8, (5, 13)), (8, (28, 15)), (8, (13, 6)), (4, (15, 15)), (8, (22, 16)), (8, (4, 12)), (4, (22, 11)), (8, (19, 0)), (8, (0, 15)), (4, (24, 14)), (3, (19, 15)), (3, (5, 7)), (8, (13, 2)), (3, (9, 4)), (7, (15, 17)), (6, (1, 9)), (8, (16, 3)), (7, (21, 4)), (7, (5, 12)), (4, (21, 12)), (8, (25, 17)), (7, (2, 8)), (6, (0, 3)), (4, (3, 7)), (6, (16, 9)), (4, (14, 11)), (7, (9, 5)), (8, (18, 16)), (7, (4, 6)), (3, (1, 13)), (6, (14, 1)), (6, (23, 0)), (4, (7, 10)), (3, (15, 0)), (3, (26, 4)), (8, (20, 10)), (3, (23, 8)), (4, (3, 14)), (3, (4, 3)), (6, (4, 10)), (3, (20, 5)), (3, (7, 14)), (7, (12, 12)), (4, (3, 9)), (7, (19, 2)), (7, (24, 15)), (6, (16, 6)), (8, (22, 14)), (4, (9, 15)), (6, (6, 10)), (7, (18, 15)), (6, (10, 7)), (6, (28, 16)), (3, (0, 9)), (4, (16, 1)), (8, (19, 6)), (6, (25, 7))})
gi: ((8, 4, 0, 6, 3, 0, 0, 4, 3, 3, 0, 8, 0, 7, 0, 8, 0, 7), (0, 0, 6, 4, 0, 0, 0, 0, 0, 6, 4, 0, 0, 3, 0, 3, 0, 0), (0, 0, 6, 0, 0, 0, 0, 0, 7, 0, 0, 0, 0, 0, 0, 7, 6, 0), (0, 0, 3, 0, 4, 7, 0, 4, 0, 4, 0, 4, 3, 0, 4, 7, 0, 0), (0, 8, 0, 3, 3, 0, 7, 0, 6, 3, 6, 3, 8, 0, 0, 7, 6, 0), (8, 0, 0, 0, 8, 0, 4, 3, 0, 0, 0, 8, 7, 8, 7, 6, 0, 0), (6, 0, 0, 0, 0, 0, 4, 6, 0, 8, 6, 0, 0, 0, 6, 0, 0, 3), (0, 0, 8, 0, 0, 0, 0, 0, 0, 0, 4, 6, 0, 0, 3, 0, 0, 0), (0, 7, 0, 0, 3, 0, 0, 6, 0, 0, 0, 7, 0, 7, 0, 0, 0, 0), (0, 0, 0, 7, 3, 7, 0, 0, 0, 4, 0, 0, 0, 0, 8, 4, 0, 0), (0, 0, 0, 8, 0, 6, 0, 6, 0, 3, 0, 0, 0, 0, 3, 0, 0, 8), (0, 0, 0, 0, 0, 4, 0, 3, 6, 0, 0, 0, 4, 0, 0, 3, 4, 0), (0, 6, 0, 6, 0, 8, 0, 0, 0, 4, 0, 0, 7, 0, 0, 0, 0, 0), (0, 0, 8, 4, 0, 0, 8, 0, 7, 0, 0, 0, 0, 0, 0, 0, 3, 0), (8, 6, 0, 0, 7, 0, 8, 3, 0, 0, 0, 4, 0, 3, 0, 3, 4, 0), (3, 0, 0, 0, 6, 0, 0, 0, 0, 0, 3, 0, 0, 0, 4, 4, 3, 7), (8, 4, 3, 8, 0, 6, 6, 8, 0, 6, 0, 0, 0, 0, 0, 0, 0, 0), (0, 0, 0, 0, 0, 0, 4, 0, 7, 0, 3, 0, 4, 7, 0, 3, 0, 3), (0, 0, 3, 3, 0, 0, 0, 4, 0, 6, 7, 7, 0, 0, 8, 7, 8, 6), (8, 6, 7, 0, 7, 0, 8, 0, 0, 0, 7, 4, 3, 4, 0, 3, 4, 0), (0, 0, 7, 7, 6, 3, 8, 6, 0, 0, 8, 6, 3, 0, 3, 8, 6, 7), (0, 0, 4, 0, 7, 0, 4, 4, 0, 0, 0, 6, 4, 3, 0, 0, 0, 3), (0, 0, 0, 0, 7, 0, 0, 4, 0, 4, 0, 4, 7, 0, 8, 0, 8, 0), (6, 3, 3, 0, 8, 8, 0, 0, 3, 0, 6, 0, 0, 3, 0, 0, 3, 0), (8, 0, 0, 0, 0, 6, 0, 0, 0, 0, 0, 4, 8, 3, 4, 7, 0, 0), (7, 0, 7, 8, 3, 3, 0, 6, 0, 0, 0, 0, 0, 0, 6, 0, 0, 8), (0, 0, 6, 6, 3, 0, 0, 0, 0, 0, 4, 0, 3, 0, 0, 0, 0, 6), (0, 0, 0, 0, 0, 7, 0, 3, 0, 0, 8, 0, 3, 0, 7, 0, 0, 0), (4, 0, 6, 3, 0, 0, 0, 0, 4, 0, 0, 0, 0, 0, 4, 8, 6, 0))
boxhrng: (3, 14)
boxwrng: (3, 9)
boxh: 7
boxw: 3
boxi: 13
boxj: 6
loc: (13, 6)
llc: (19, 6)
urc: (13, 8)
lrc: (19, 8)
l1: frozenset({(16, 6), (19, 6), (14, 6), (17, 6), (15, 6), (18, 6), (13, 6)})
l2: frozenset({(13, 8), (13, 6), (13, 7)})
l3: frozenset({(13, 8), (19, 8), (14, 8), (15, 8), (16, 8), (17, 8), (18, 8)})
l4: frozenset({(19, 7), (19, 8), (19, 6)})
l: frozenset({(13, 8), (19, 8), (14, 8), (15, 8), (13, 7), (19, 7), (16, 6), (19, 6), (14, 6), (17, 6), (15, 6), (18, 6), (13, 6), (16, 8), (17, 8), (18, 8)})
gi after fill: ((8, 4, 0, 6, 3, 0, 0, 4, 3, 3, 0, 8, 0, 7, 0, 8, 0, 7), (0, 0, 6, 4, 0, 0, 0, 0, 0, 6, 4, 0, 0, 3, 0, 3, 0, 0), (0, 0, 6, 0, 0, 0, 0, 0, 7, 0, 0, 0, 0, 0, 0, 7, 6, 0), (0, 0, 3, 0, 4, 7, 0, 4, 0, 4, 0, 4, 3, 0, 4, 7, 0, 0), (0, 8, 0, 3, 3, 0, 7, 0, 6, 3, 6, 3, 8, 0, 0, 7, 6, 0), (8, 0, 0, 0, 8, 0, 4, 3, 0, 0, 0, 8, 7, 8, 7, 6, 0, 0), (6, 0, 0, 0, 0, 0, 4, 6, 0, 8, 6, 0, 0, 0, 6, 0, 0, 3), (0, 0, 8, 0, 0, 0, 0, 0, 0, 0, 4, 6, 0, 0, 3, 0, 0, 0), (0, 7, 0, 0, 3, 0, 0, 6, 0, 0, 0, 7, 0, 7, 0, 0, 0, 0), (0, 0, 0, 7, 3, 7, 0, 0, 0, 4, 0, 0, 0, 0, 8, 4, 0, 0), (0, 0, 0, 8, 0, 6, 0, 6, 0, 3, 0, 0, 0, 0, 3, 0, 0, 8), (0, 0, 0, 0, 0, 4, 0, 3, 6, 0, 0, 0, 4, 0, 0, 3, 4, 0), (0, 6, 0, 6, 0, 8, 0, 0, 0, 4, 0, 0, 7, 0, 0, 0, 0, 0), (0, 0, 8, 4, 0, 0, 2, 2, 2, 0, 0, 0, 0, 0, 0, 0, 3, 0), (8, 6, 0, 0, 7, 0, 2, 3, 2, 0, 0, 4, 0, 3, 0, 3, 4, 0), (3, 0, 0, 0, 6, 0, 2, 0, 2, 0, 3, 0, 0, 0, 4, 4, 3, 7), (8, 4, 3, 8, 0, 6, 2, 8, 2, 6, 0, 0, 0, 0, 0, 0, 0, 0), (0, 0, 0, 0, 0, 0, 2, 0, 2, 0, 3, 0, 4, 7, 0, 3, 0, 3), (0, 0, 3, 3, 0, 0, 2, 4, 2, 6, 7, 7, 0, 0, 8, 7, 8, 6), (8, 6, 7, 0, 7, 0, 2, 2, 2, 0, 7, 4, 3, 4, 0, 3, 4, 0), (0, 0, 7, 7, 6, 3, 8, 6, 0, 0, 8, 6, 3, 0, 3, 8, 6, 7), (0, 0, 4, 0, 7, 0, 4, 4, 0, 0, 0, 6, 4, 3, 0, 0, 0, 3), (0, 0, 0, 0, 7, 0, 0, 4, 0, 4, 0, 4, 7, 0, 8, 0, 8, 0), (6, 3, 3, 0, 8, 8, 0, 0, 3, 0, 6, 0, 0, 3, 0, 0, 3, 0), (8, 0, 0, 0, 0, 6, 0, 0, 0, 0, 0, 4, 8, 3, 4, 7, 0, 0), (7, 0, 7, 8, 3, 3, 0, 6, 0, 0, 0, 0, 0, 0, 6, 0, 0, 8), (0, 0, 6, 6, 3, 0, 0, 0, 0, 0, 4, 0, 3, 0, 0, 0, 0, 6), (0, 0, 0, 0, 0, 7, 0, 3, 0, 0, 8, 0, 3, 0, 7, 0, 0, 0), (4, 0, 6, 3, 0, 0, 0, 0, 4, 0, 0, 0, 0, 0, 4, 8, 6, 0))
