Modified Function Code:
from re_arc.dsl import *
def generate_1e0a9b12() -> dict:
    diff_lb = 0
    diff_ub = 1
    print(f"diff_lb: {diff_lb}")
    print(f"diff_ub: {diff_ub}")

    cols = interval(0, 10, 1)
    print(f"cols: {cols}")

    ff = chain(dmirror, lbind(apply, rbind(order, identity)), dmirror)
    print(f"ff: {ff}")

    while True:
        h = unifint(diff_lb, diff_ub, (3, 30))
        print(f"h: {h}")

        w = unifint(diff_lb, diff_ub, (3, 30))
        print(f"w: {w}")

        nc = unifint(diff_lb, diff_ub, (1, w))
        print(f"nc: {nc}")

        bgc = choice(cols)
        print(f"bgc: {bgc}")

        gi = canvas(bgc, (h, w))
        print(f"gi: {gi}")

        remcols = remove(bgc, cols)
        print(f"remcols: {remcols}")

        scols = [choice(remcols) for j in range(nc)]
        print(f"scols: {scols}")

        slocs = sample(interval(0, w, 1), nc)
        print(f"slocs: {slocs}")

        inds = totuple(connect(ORIGIN, (h - 1, 0)))
        print(f"inds: {inds}")

        for c, l in zip(scols, slocs):
            nc2 = randint(1, h - 1)
            print(f"nc2: {nc2}")

            sel = sample(inds, nc2)
            print(f"sel: {sel}")

            gi = fill(gi, c, shift(sel, tojvec(l)))
            print(f"gi after fill: {gi}")

        if colorcount(gi, bgc) > argmax(remove(bgc, palette(gi)), lbind(colorcount, gi)):
            break

    return {'input': gi}

Printed Outputs:
diff_lb: 0
diff_ub: 1
cols: (0, 1, 2, 3, 4, 5, 6, 7, 8, 9)
ff: <function chain.<locals>.<lambda> at 0x785a7a6b4ea0>
h: 8
w: 27
nc: 19
bgc: 8
gi: ((8, 8, 8, 8, 8, 8, 8, 8, 8, 8, 8, 8, 8, 8, 8, 8, 8, 8, 8, 8, 8, 8, 8, 8, 8, 8, 8), (8, 8, 8, 8, 8, 8, 8, 8, 8, 8, 8, 8, 8, 8, 8, 8, 8, 8, 8, 8, 8, 8, 8, 8, 8, 8, 8), (8, 8, 8, 8, 8, 8, 8, 8, 8, 8, 8, 8, 8, 8, 8, 8, 8, 8, 8, 8, 8, 8, 8, 8, 8, 8, 8), (8, 8, 8, 8, 8, 8, 8, 8, 8, 8, 8, 8, 8, 8, 8, 8, 8, 8, 8, 8, 8, 8, 8, 8, 8, 8, 8), (8, 8, 8, 8, 8, 8, 8, 8, 8, 8, 8, 8, 8, 8, 8, 8, 8, 8, 8, 8, 8, 8, 8, 8, 8, 8, 8), (8, 8, 8, 8, 8, 8, 8, 8, 8, 8, 8, 8, 8, 8, 8, 8, 8, 8, 8, 8, 8, 8, 8, 8, 8, 8, 8), (8, 8, 8, 8, 8, 8, 8, 8, 8, 8, 8, 8, 8, 8, 8, 8, 8, 8, 8, 8, 8, 8, 8, 8, 8, 8, 8), (8, 8, 8, 8, 8, 8, 8, 8, 8, 8, 8, 8, 8, 8, 8, 8, 8, 8, 8, 8, 8, 8, 8, 8, 8, 8, 8))
remcols: (0, 1, 2, 3, 4, 5, 6, 7, 9)
scols: [2, 5, 5, 5, 0, 0, 0, 6, 1, 7, 2, 7, 4, 5, 2, 5, 3, 7, 9]
slocs: [11, 12, 25, 8, 23, 5, 19, 20, 0, 22, 16, 9, 10, 13, 4, 3, 7, 14, 2]
inds: ((4, 0), (0, 0), (7, 0), (2, 0), (3, 0), (5, 0), (6, 0), (1, 0))
nc2: 2
sel: [(5, 0), (4, 0)]
gi after fill: ((8, 8, 8, 8, 8, 8, 8, 8, 8, 8, 8, 8, 8, 8, 8, 8, 8, 8, 8, 8, 8, 8, 8, 8, 8, 8, 8), (8, 8, 8, 8, 8, 8, 8, 8, 8, 8, 8, 8, 8, 8, 8, 8, 8, 8, 8, 8, 8, 8, 8, 8, 8, 8, 8), (8, 8, 8, 8, 8, 8, 8, 8, 8, 8, 8, 8, 8, 8, 8, 8, 8, 8, 8, 8, 8, 8, 8, 8, 8, 8, 8), (8, 8, 8, 8, 8, 8, 8, 8, 8, 8, 8, 8, 8, 8, 8, 8, 8, 8, 8, 8, 8, 8, 8, 8, 8, 8, 8), (8, 8, 8, 8, 8, 8, 8, 8, 8, 8, 8, 2, 8, 8, 8, 8, 8, 8, 8, 8, 8, 8, 8, 8, 8, 8, 8), (8, 8, 8, 8, 8, 8, 8, 8, 8, 8, 8, 2, 8, 8, 8, 8, 8, 8, 8, 8, 8, 8, 8, 8, 8, 8, 8), (8, 8, 8, 8, 8, 8, 8, 8, 8, 8, 8, 8, 8, 8, 8, 8, 8, 8, 8, 8, 8, 8, 8, 8, 8, 8, 8), (8, 8, 8, 8, 8, 8, 8, 8, 8, 8, 8, 8, 8, 8, 8, 8, 8, 8, 8, 8, 8, 8, 8, 8, 8, 8, 8))
nc2: 3
sel: [(0, 0), (1, 0), (6, 0)]
gi after fill: ((8, 8, 8, 8, 8, 8, 8, 8, 8, 8, 8, 8, 5, 8, 8, 8, 8, 8, 8, 8, 8, 8, 8, 8, 8, 8, 8), (8, 8, 8, 8, 8, 8, 8, 8, 8, 8, 8, 8, 5, 8, 8, 8, 8, 8, 8, 8, 8, 8, 8, 8, 8, 8, 8), (8, 8, 8, 8, 8, 8, 8, 8, 8, 8, 8, 8, 8, 8, 8, 8, 8, 8, 8, 8, 8, 8, 8, 8, 8, 8, 8), (8, 8, 8, 8, 8, 8, 8, 8, 8, 8, 8, 8, 8, 8, 8, 8, 8, 8, 8, 8, 8, 8, 8, 8, 8, 8, 8), (8, 8, 8, 8, 8, 8, 8, 8, 8, 8, 8, 2, 8, 8, 8, 8, 8, 8, 8, 8, 8, 8, 8, 8, 8, 8, 8), (8, 8, 8, 8, 8, 8, 8, 8, 8, 8, 8, 2, 8, 8, 8, 8, 8, 8, 8, 8, 8, 8, 8, 8, 8, 8, 8), (8, 8, 8, 8, 8, 8, 8, 8, 8, 8, 8, 8, 5, 8, 8, 8, 8, 8, 8, 8, 8, 8, 8, 8, 8, 8, 8), (8, 8, 8, 8, 8, 8, 8, 8, 8, 8, 8, 8, 8, 8, 8, 8, 8, 8, 8, 8, 8, 8, 8, 8, 8, 8, 8))
nc2: 3
sel: [(1, 0), (6, 0), (5, 0)]
gi after fill: ((8, 8, 8, 8, 8, 8, 8, 8, 8, 8, 8, 8, 5, 8, 8, 8, 8, 8, 8, 8, 8, 8, 8, 8, 8, 8, 8), (8, 8, 8, 8, 8, 8, 8, 8, 8, 8, 8, 8, 5, 8, 8, 8, 8, 8, 8, 8, 8, 8, 8, 8, 8, 5, 8), (8, 8, 8, 8, 8, 8, 8, 8, 8, 8, 8, 8, 8, 8, 8, 8, 8, 8, 8, 8, 8, 8, 8, 8, 8, 8, 8), (8, 8, 8, 8, 8, 8, 8, 8, 8, 8, 8, 8, 8, 8, 8, 8, 8, 8, 8, 8, 8, 8, 8, 8, 8, 8, 8), (8, 8, 8, 8, 8, 8, 8, 8, 8, 8, 8, 2, 8, 8, 8, 8, 8, 8, 8, 8, 8, 8, 8, 8, 8, 8, 8), (8, 8, 8, 8, 8, 8, 8, 8, 8, 8, 8, 2, 8, 8, 8, 8, 8, 8, 8, 8, 8, 8, 8, 8, 8, 5, 8), (8, 8, 8, 8, 8, 8, 8, 8, 8, 8, 8, 8, 5, 8, 8, 8, 8, 8, 8, 8, 8, 8, 8, 8, 8, 5, 8), (8, 8, 8, 8, 8, 8, 8, 8, 8, 8, 8, 8, 8, 8, 8, 8, 8, 8, 8, 8, 8, 8, 8, 8, 8, 8, 8))
nc2: 2
sel: [(4, 0), (6, 0)]
gi after fill: ((8, 8, 8, 8, 8, 8, 8, 8, 8, 8, 8, 8, 5, 8, 8, 8, 8, 8, 8, 8, 8, 8, 8, 8, 8, 8, 8), (8, 8, 8, 8, 8, 8, 8, 8, 8, 8, 8, 8, 5, 8, 8, 8, 8, 8, 8, 8, 8, 8, 8, 8, 8, 5, 8), (8, 8, 8, 8, 8, 8, 8, 8, 8, 8, 8, 8, 8, 8, 8, 8, 8, 8, 8, 8, 8, 8, 8, 8, 8, 8, 8), (8, 8, 8, 8, 8, 8, 8, 8, 8, 8, 8, 8, 8, 8, 8, 8, 8, 8, 8, 8, 8, 8, 8, 8, 8, 8, 8), (8, 8, 8, 8, 8, 8, 8, 8, 5, 8, 8, 2, 8, 8, 8, 8, 8, 8, 8, 8, 8, 8, 8, 8, 8, 8, 8), (8, 8, 8, 8, 8, 8, 8, 8, 8, 8, 8, 2, 8, 8, 8, 8, 8, 8, 8, 8, 8, 8, 8, 8, 8, 5, 8), (8, 8, 8, 8, 8, 8, 8, 8, 5, 8, 8, 8, 5, 8, 8, 8, 8, 8, 8, 8, 8, 8, 8, 8, 8, 5, 8), (8, 8, 8, 8, 8, 8, 8, 8, 8, 8, 8, 8, 8, 8, 8, 8, 8, 8, 8, 8, 8, 8, 8, 8, 8, 8, 8))
nc2: 6
sel: [(1, 0), (4, 0), (0, 0), (6, 0), (7, 0), (2, 0)]
gi after fill: ((8, 8, 8, 8, 8, 8, 8, 8, 8, 8, 8, 8, 5, 8, 8, 8, 8, 8, 8, 8, 8, 8, 8, 0, 8, 8, 8), (8, 8, 8, 8, 8, 8, 8, 8, 8, 8, 8, 8, 5, 8, 8, 8, 8, 8, 8, 8, 8, 8, 8, 0, 8, 5, 8), (8, 8, 8, 8, 8, 8, 8, 8, 8, 8, 8, 8, 8, 8, 8, 8, 8, 8, 8, 8, 8, 8, 8, 0, 8, 8, 8), (8, 8, 8, 8, 8, 8, 8, 8, 8, 8, 8, 8, 8, 8, 8, 8, 8, 8, 8, 8, 8, 8, 8, 8, 8, 8, 8), (8, 8, 8, 8, 8, 8, 8, 8, 5, 8, 8, 2, 8, 8, 8, 8, 8, 8, 8, 8, 8, 8, 8, 0, 8, 8, 8), (8, 8, 8, 8, 8, 8, 8, 8, 8, 8, 8, 2, 8, 8, 8, 8, 8, 8, 8, 8, 8, 8, 8, 8, 8, 5, 8), (8, 8, 8, 8, 8, 8, 8, 8, 5, 8, 8, 8, 5, 8, 8, 8, 8, 8, 8, 8, 8, 8, 8, 0, 8, 5, 8), (8, 8, 8, 8, 8, 8, 8, 8, 8, 8, 8, 8, 8, 8, 8, 8, 8, 8, 8, 8, 8, 8, 8, 0, 8, 8, 8))
nc2: 3
sel: [(3, 0), (1, 0), (5, 0)]
gi after fill: ((8, 8, 8, 8, 8, 8, 8, 8, 8, 8, 8, 8, 5, 8, 8, 8, 8, 8, 8, 8, 8, 8, 8, 0, 8, 8, 8), (8, 8, 8, 8, 8, 0, 8, 8, 8, 8, 8, 8, 5, 8, 8, 8, 8, 8, 8, 8, 8, 8, 8, 0, 8, 5, 8), (8, 8, 8, 8, 8, 8, 8, 8, 8, 8, 8, 8, 8, 8, 8, 8, 8, 8, 8, 8, 8, 8, 8, 0, 8, 8, 8), (8, 8, 8, 8, 8, 0, 8, 8, 8, 8, 8, 8, 8, 8, 8, 8, 8, 8, 8, 8, 8, 8, 8, 8, 8, 8, 8), (8, 8, 8, 8, 8, 8, 8, 8, 5, 8, 8, 2, 8, 8, 8, 8, 8, 8, 8, 8, 8, 8, 8, 0, 8, 8, 8), (8, 8, 8, 8, 8, 0, 8, 8, 8, 8, 8, 2, 8, 8, 8, 8, 8, 8, 8, 8, 8, 8, 8, 8, 8, 5, 8), (8, 8, 8, 8, 8, 8, 8, 8, 5, 8, 8, 8, 5, 8, 8, 8, 8, 8, 8, 8, 8, 8, 8, 0, 8, 5, 8), (8, 8, 8, 8, 8, 8, 8, 8, 8, 8, 8, 8, 8, 8, 8, 8, 8, 8, 8, 8, 8, 8, 8, 0, 8, 8, 8))
nc2: 5
sel: [(1, 0), (5, 0), (4, 0), (7, 0), (2, 0)]
gi after fill: ((8, 8, 8, 8, 8, 8, 8, 8, 8, 8, 8, 8, 5, 8, 8, 8, 8, 8, 8, 8, 8, 8, 8, 0, 8, 8, 8), (8, 8, 8, 8, 8, 0, 8, 8, 8, 8, 8, 8, 5, 8, 8, 8, 8, 8, 8, 0, 8, 8, 8, 0, 8, 5, 8), (8, 8, 8, 8, 8, 8, 8, 8, 8, 8, 8, 8, 8, 8, 8, 8, 8, 8, 8, 0, 8, 8, 8, 0, 8, 8, 8), (8, 8, 8, 8, 8, 0, 8, 8, 8, 8, 8, 8, 8, 8, 8, 8, 8, 8, 8, 8, 8, 8, 8, 8, 8, 8, 8), (8, 8, 8, 8, 8, 8, 8, 8, 5, 8, 8, 2, 8, 8, 8, 8, 8, 8, 8, 0, 8, 8, 8, 0, 8, 8, 8), (8, 8, 8, 8, 8, 0, 8, 8, 8, 8, 8, 2, 8, 8, 8, 8, 8, 8, 8, 0, 8, 8, 8, 8, 8, 5, 8), (8, 8, 8, 8, 8, 8, 8, 8, 5, 8, 8, 8, 5, 8, 8, 8, 8, 8, 8, 8, 8, 8, 8, 0, 8, 5, 8), (8, 8, 8, 8, 8, 8, 8, 8, 8, 8, 8, 8, 8, 8, 8, 8, 8, 8, 8, 0, 8, 8, 8, 0, 8, 8, 8))
nc2: 5
sel: [(0, 0), (1, 0), (5, 0), (2, 0), (3, 0)]
gi after fill: ((8, 8, 8, 8, 8, 8, 8, 8, 8, 8, 8, 8, 5, 8, 8, 8, 8, 8, 8, 8, 6, 8, 8, 0, 8, 8, 8), (8, 8, 8, 8, 8, 0, 8, 8, 8, 8, 8, 8, 5, 8, 8, 8, 8, 8, 8, 0, 6, 8, 8, 0, 8, 5, 8), (8, 8, 8, 8, 8, 8, 8, 8, 8, 8, 8, 8, 8, 8, 8, 8, 8, 8, 8, 0, 6, 8, 8, 0, 8, 8, 8), (8, 8, 8, 8, 8, 0, 8, 8, 8, 8, 8, 8, 8, 8, 8, 8, 8, 8, 8, 8, 6, 8, 8, 8, 8, 8, 8), (8, 8, 8, 8, 8, 8, 8, 8, 5, 8, 8, 2, 8, 8, 8, 8, 8, 8, 8, 0, 8, 8, 8, 0, 8, 8, 8), (8, 8, 8, 8, 8, 0, 8, 8, 8, 8, 8, 2, 8, 8, 8, 8, 8, 8, 8, 0, 6, 8, 8, 8, 8, 5, 8), (8, 8, 8, 8, 8, 8, 8, 8, 5, 8, 8, 8, 5, 8, 8, 8, 8, 8, 8, 8, 8, 8, 8, 0, 8, 5, 8), (8, 8, 8, 8, 8, 8, 8, 8, 8, 8, 8, 8, 8, 8, 8, 8, 8, 8, 8, 0, 8, 8, 8, 0, 8, 8, 8))
nc2: 3
sel: [(1, 0), (4, 0), (7, 0)]
gi after fill: ((8, 8, 8, 8, 8, 8, 8, 8, 8, 8, 8, 8, 5, 8, 8, 8, 8, 8, 8, 8, 6, 8, 8, 0, 8, 8, 8), (1, 8, 8, 8, 8, 0, 8, 8, 8, 8, 8, 8, 5, 8, 8, 8, 8, 8, 8, 0, 6, 8, 8, 0, 8, 5, 8), (8, 8, 8, 8, 8, 8, 8, 8, 8, 8, 8, 8, 8, 8, 8, 8, 8, 8, 8, 0, 6, 8, 8, 0, 8, 8, 8), (8, 8, 8, 8, 8, 0, 8, 8, 8, 8, 8, 8, 8, 8, 8, 8, 8, 8, 8, 8, 6, 8, 8, 8, 8, 8, 8), (1, 8, 8, 8, 8, 8, 8, 8, 5, 8, 8, 2, 8, 8, 8, 8, 8, 8, 8, 0, 8, 8, 8, 0, 8, 8, 8), (8, 8, 8, 8, 8, 0, 8, 8, 8, 8, 8, 2, 8, 8, 8, 8, 8, 8, 8, 0, 6, 8, 8, 8, 8, 5, 8), (8, 8, 8, 8, 8, 8, 8, 8, 5, 8, 8, 8, 5, 8, 8, 8, 8, 8, 8, 8, 8, 8, 8, 0, 8, 5, 8), (1, 8, 8, 8, 8, 8, 8, 8, 8, 8, 8, 8, 8, 8, 8, 8, 8, 8, 8, 0, 8, 8, 8, 0, 8, 8, 8))
nc2: 1
sel: [(5, 0)]
gi after fill: ((8, 8, 8, 8, 8, 8, 8, 8, 8, 8, 8, 8, 5, 8, 8, 8, 8, 8, 8, 8, 6, 8, 8, 0, 8, 8, 8), (1, 8, 8, 8, 8, 0, 8, 8, 8, 8, 8, 8, 5, 8, 8, 8, 8, 8, 8, 0, 6, 8, 8, 0, 8, 5, 8), (8, 8, 8, 8, 8, 8, 8, 8, 8, 8, 8, 8, 8, 8, 8, 8, 8, 8, 8, 0, 6, 8, 8, 0, 8, 8, 8), (8, 8, 8, 8, 8, 0, 8, 8, 8, 8, 8, 8, 8, 8, 8, 8, 8, 8, 8, 8, 6, 8, 8, 8, 8, 8, 8), (1, 8, 8, 8, 8, 8, 8, 8, 5, 8, 8, 2, 8, 8, 8, 8, 8, 8, 8, 0, 8, 8, 8, 0, 8, 8, 8), (8, 8, 8, 8, 8, 0, 8, 8, 8, 8, 8, 2, 8, 8, 8, 8, 8, 8, 8, 0, 6, 8, 7, 8, 8, 5, 8), (8, 8, 8, 8, 8, 8, 8, 8, 5, 8, 8, 8, 5, 8, 8, 8, 8, 8, 8, 8, 8, 8, 8, 0, 8, 5, 8), (1, 8, 8, 8, 8, 8, 8, 8, 8, 8, 8, 8, 8, 8, 8, 8, 8, 8, 8, 0, 8, 8, 8, 0, 8, 8, 8))
nc2: 7
sel: [(6, 0), (1, 0), (7, 0), (5, 0), (4, 0), (0, 0), (2, 0)]
gi after fill: ((8, 8, 8, 8, 8, 8, 8, 8, 8, 8, 8, 8, 5, 8, 8, 8, 2, 8, 8, 8, 6, 8, 8, 0, 8, 8, 8), (1, 8, 8, 8, 8, 0, 8, 8, 8, 8, 8, 8, 5, 8, 8, 8, 2, 8, 8, 0, 6, 8, 8, 0, 8, 5, 8), (8, 8, 8, 8, 8, 8, 8, 8, 8, 8, 8, 8, 8, 8, 8, 8, 2, 8, 8, 0, 6, 8, 8, 0, 8, 8, 8), (8, 8, 8, 8, 8, 0, 8, 8, 8, 8, 8, 8, 8, 8, 8, 8, 8, 8, 8, 8, 6, 8, 8, 8, 8, 8, 8), (1, 8, 8, 8, 8, 8, 8, 8, 5, 8, 8, 2, 8, 8, 8, 8, 2, 8, 8, 0, 8, 8, 8, 0, 8, 8, 8), (8, 8, 8, 8, 8, 0, 8, 8, 8, 8, 8, 2, 8, 8, 8, 8, 2, 8, 8, 0, 6, 8, 7, 8, 8, 5, 8), (8, 8, 8, 8, 8, 8, 8, 8, 5, 8, 8, 8, 5, 8, 8, 8, 2, 8, 8, 8, 8, 8, 8, 0, 8, 5, 8), (1, 8, 8, 8, 8, 8, 8, 8, 8, 8, 8, 8, 8, 8, 8, 8, 2, 8, 8, 0, 8, 8, 8, 0, 8, 8, 8))
nc2: 2
sel: [(5, 0), (4, 0)]
gi after fill: ((8, 8, 8, 8, 8, 8, 8, 8, 8, 8, 8, 8, 5, 8, 8, 8, 2, 8, 8, 8, 6, 8, 8, 0, 8, 8, 8), (1, 8, 8, 8, 8, 0, 8, 8, 8, 8, 8, 8, 5, 8, 8, 8, 2, 8, 8, 0, 6, 8, 8, 0, 8, 5, 8), (8, 8, 8, 8, 8, 8, 8, 8, 8, 8, 8, 8, 8, 8, 8, 8, 2, 8, 8, 0, 6, 8, 8, 0, 8, 8, 8), (8, 8, 8, 8, 8, 0, 8, 8, 8, 8, 8, 8, 8, 8, 8, 8, 8, 8, 8, 8, 6, 8, 8, 8, 8, 8, 8), (1, 8, 8, 8, 8, 8, 8, 8, 5, 7, 8, 2, 8, 8, 8, 8, 2, 8, 8, 0, 8, 8, 8, 0, 8, 8, 8), (8, 8, 8, 8, 8, 0, 8, 8, 8, 7, 8, 2, 8, 8, 8, 8, 2, 8, 8, 0, 6, 8, 7, 8, 8, 5, 8), (8, 8, 8, 8, 8, 8, 8, 8, 5, 8, 8, 8, 5, 8, 8, 8, 2, 8, 8, 8, 8, 8, 8, 0, 8, 5, 8), (1, 8, 8, 8, 8, 8, 8, 8, 8, 8, 8, 8, 8, 8, 8, 8, 2, 8, 8, 0, 8, 8, 8, 0, 8, 8, 8))
nc2: 3
sel: [(5, 0), (6, 0), (2, 0)]
gi after fill: ((8, 8, 8, 8, 8, 8, 8, 8, 8, 8, 8, 8, 5, 8, 8, 8, 2, 8, 8, 8, 6, 8, 8, 0, 8, 8, 8), (1, 8, 8, 8, 8, 0, 8, 8, 8, 8, 8, 8, 5, 8, 8, 8, 2, 8, 8, 0, 6, 8, 8, 0, 8, 5, 8), (8, 8, 8, 8, 8, 8, 8, 8, 8, 8, 4, 8, 8, 8, 8, 8, 2, 8, 8, 0, 6, 8, 8, 0, 8, 8, 8), (8, 8, 8, 8, 8, 0, 8, 8, 8, 8, 8, 8, 8, 8, 8, 8, 8, 8, 8, 8, 6, 8, 8, 8, 8, 8, 8), (1, 8, 8, 8, 8, 8, 8, 8, 5, 7, 8, 2, 8, 8, 8, 8, 2, 8, 8, 0, 8, 8, 8, 0, 8, 8, 8), (8, 8, 8, 8, 8, 0, 8, 8, 8, 7, 4, 2, 8, 8, 8, 8, 2, 8, 8, 0, 6, 8, 7, 8, 8, 5, 8), (8, 8, 8, 8, 8, 8, 8, 8, 5, 8, 4, 8, 5, 8, 8, 8, 2, 8, 8, 8, 8, 8, 8, 0, 8, 5, 8), (1, 8, 8, 8, 8, 8, 8, 8, 8, 8, 8, 8, 8, 8, 8, 8, 2, 8, 8, 0, 8, 8, 8, 0, 8, 8, 8))
nc2: 1
sel: [(1, 0)]
gi after fill: ((8, 8, 8, 8, 8, 8, 8, 8, 8, 8, 8, 8, 5, 8, 8, 8, 2, 8, 8, 8, 6, 8, 8, 0, 8, 8, 8), (1, 8, 8, 8, 8, 0, 8, 8, 8, 8, 8, 8, 5, 5, 8, 8, 2, 8, 8, 0, 6, 8, 8, 0, 8, 5, 8), (8, 8, 8, 8, 8, 8, 8, 8, 8, 8, 4, 8, 8, 8, 8, 8, 2, 8, 8, 0, 6, 8, 8, 0, 8, 8, 8), (8, 8, 8, 8, 8, 0, 8, 8, 8, 8, 8, 8, 8, 8, 8, 8, 8, 8, 8, 8, 6, 8, 8, 8, 8, 8, 8), (1, 8, 8, 8, 8, 8, 8, 8, 5, 7, 8, 2, 8, 8, 8, 8, 2, 8, 8, 0, 8, 8, 8, 0, 8, 8, 8), (8, 8, 8, 8, 8, 0, 8, 8, 8, 7, 4, 2, 8, 8, 8, 8, 2, 8, 8, 0, 6, 8, 7, 8, 8, 5, 8), (8, 8, 8, 8, 8, 8, 8, 8, 5, 8, 4, 8, 5, 8, 8, 8, 2, 8, 8, 8, 8, 8, 8, 0, 8, 5, 8), (1, 8, 8, 8, 8, 8, 8, 8, 8, 8, 8, 8, 8, 8, 8, 8, 2, 8, 8, 0, 8, 8, 8, 0, 8, 8, 8))
nc2: 1
sel: [(4, 0)]
gi after fill: ((8, 8, 8, 8, 8, 8, 8, 8, 8, 8, 8, 8, 5, 8, 8, 8, 2, 8, 8, 8, 6, 8, 8, 0, 8, 8, 8), (1, 8, 8, 8, 8, 0, 8, 8, 8, 8, 8, 8, 5, 5, 8, 8, 2, 8, 8, 0, 6, 8, 8, 0, 8, 5, 8), (8, 8, 8, 8, 8, 8, 8, 8, 8, 8, 4, 8, 8, 8, 8, 8, 2, 8, 8, 0, 6, 8, 8, 0, 8, 8, 8), (8, 8, 8, 8, 8, 0, 8, 8, 8, 8, 8, 8, 8, 8, 8, 8, 8, 8, 8, 8, 6, 8, 8, 8, 8, 8, 8), (1, 8, 8, 8, 2, 8, 8, 8, 5, 7, 8, 2, 8, 8, 8, 8, 2, 8, 8, 0, 8, 8, 8, 0, 8, 8, 8), (8, 8, 8, 8, 8, 0, 8, 8, 8, 7, 4, 2, 8, 8, 8, 8, 2, 8, 8, 0, 6, 8, 7, 8, 8, 5, 8), (8, 8, 8, 8, 8, 8, 8, 8, 5, 8, 4, 8, 5, 8, 8, 8, 2, 8, 8, 8, 8, 8, 8, 0, 8, 5, 8), (1, 8, 8, 8, 8, 8, 8, 8, 8, 8, 8, 8, 8, 8, 8, 8, 2, 8, 8, 0, 8, 8, 8, 0, 8, 8, 8))
nc2: 3
sel: [(7, 0), (4, 0), (3, 0)]
gi after fill: ((8, 8, 8, 8, 8, 8, 8, 8, 8, 8, 8, 8, 5, 8, 8, 8, 2, 8, 8, 8, 6, 8, 8, 0, 8, 8, 8), (1, 8, 8, 8, 8, 0, 8, 8, 8, 8, 8, 8, 5, 5, 8, 8, 2, 8, 8, 0, 6, 8, 8, 0, 8, 5, 8), (8, 8, 8, 8, 8, 8, 8, 8, 8, 8, 4, 8, 8, 8, 8, 8, 2, 8, 8, 0, 6, 8, 8, 0, 8, 8, 8), (8, 8, 8, 5, 8, 0, 8, 8, 8, 8, 8, 8, 8, 8, 8, 8, 8, 8, 8, 8, 6, 8, 8, 8, 8, 8, 8), (1, 8, 8, 5, 2, 8, 8, 8, 5, 7, 8, 2, 8, 8, 8, 8, 2, 8, 8, 0, 8, 8, 8, 0, 8, 8, 8), (8, 8, 8, 8, 8, 0, 8, 8, 8, 7, 4, 2, 8, 8, 8, 8, 2, 8, 8, 0, 6, 8, 7, 8, 8, 5, 8), (8, 8, 8, 8, 8, 8, 8, 8, 5, 8, 4, 8, 5, 8, 8, 8, 2, 8, 8, 8, 8, 8, 8, 0, 8, 5, 8), (1, 8, 8, 5, 8, 8, 8, 8, 8, 8, 8, 8, 8, 8, 8, 8, 2, 8, 8, 0, 8, 8, 8, 0, 8, 8, 8))
nc2: 6
sel: [(6, 0), (7, 0), (1, 0), (0, 0), (2, 0), (5, 0)]
gi after fill: ((8, 8, 8, 8, 8, 8, 8, 3, 8, 8, 8, 8, 5, 8, 8, 8, 2, 8, 8, 8, 6, 8, 8, 0, 8, 8, 8), (1, 8, 8, 8, 8, 0, 8, 3, 8, 8, 8, 8, 5, 5, 8, 8, 2, 8, 8, 0, 6, 8, 8, 0, 8, 5, 8), (8, 8, 8, 8, 8, 8, 8, 3, 8, 8, 4, 8, 8, 8, 8, 8, 2, 8, 8, 0, 6, 8, 8, 0, 8, 8, 8), (8, 8, 8, 5, 8, 0, 8, 8, 8, 8, 8, 8, 8, 8, 8, 8, 8, 8, 8, 8, 6, 8, 8, 8, 8, 8, 8), (1, 8, 8, 5, 2, 8, 8, 8, 5, 7, 8, 2, 8, 8, 8, 8, 2, 8, 8, 0, 8, 8, 8, 0, 8, 8, 8), (8, 8, 8, 8, 8, 0, 8, 3, 8, 7, 4, 2, 8, 8, 8, 8, 2, 8, 8, 0, 6, 8, 7, 8, 8, 5, 8), (8, 8, 8, 8, 8, 8, 8, 3, 5, 8, 4, 8, 5, 8, 8, 8, 2, 8, 8, 8, 8, 8, 8, 0, 8, 5, 8), (1, 8, 8, 5, 8, 8, 8, 3, 8, 8, 8, 8, 8, 8, 8, 8, 2, 8, 8, 0, 8, 8, 8, 0, 8, 8, 8))
nc2: 5
sel: [(7, 0), (0, 0), (6, 0), (4, 0), (5, 0)]
gi after fill: ((8, 8, 8, 8, 8, 8, 8, 3, 8, 8, 8, 8, 5, 8, 7, 8, 2, 8, 8, 8, 6, 8, 8, 0, 8, 8, 8), (1, 8, 8, 8, 8, 0, 8, 3, 8, 8, 8, 8, 5, 5, 8, 8, 2, 8, 8, 0, 6, 8, 8, 0, 8, 5, 8), (8, 8, 8, 8, 8, 8, 8, 3, 8, 8, 4, 8, 8, 8, 8, 8, 2, 8, 8, 0, 6, 8, 8, 0, 8, 8, 8), (8, 8, 8, 5, 8, 0, 8, 8, 8, 8, 8, 8, 8, 8, 8, 8, 8, 8, 8, 8, 6, 8, 8, 8, 8, 8, 8), (1, 8, 8, 5, 2, 8, 8, 8, 5, 7, 8, 2, 8, 8, 7, 8, 2, 8, 8, 0, 8, 8, 8, 0, 8, 8, 8), (8, 8, 8, 8, 8, 0, 8, 3, 8, 7, 4, 2, 8, 8, 7, 8, 2, 8, 8, 0, 6, 8, 7, 8, 8, 5, 8), (8, 8, 8, 8, 8, 8, 8, 3, 5, 8, 4, 8, 5, 8, 7, 8, 2, 8, 8, 8, 8, 8, 8, 0, 8, 5, 8), (1, 8, 8, 5, 8, 8, 8, 3, 8, 8, 8, 8, 8, 8, 7, 8, 2, 8, 8, 0, 8, 8, 8, 0, 8, 8, 8))
nc2: 7
sel: [(5, 0), (0, 0), (3, 0), (2, 0), (4, 0), (1, 0), (7, 0)]
gi after fill: ((8, 8, 9, 8, 8, 8, 8, 3, 8, 8, 8, 8, 5, 8, 7, 8, 2, 8, 8, 8, 6, 8, 8, 0, 8, 8, 8), (1, 8, 9, 8, 8, 0, 8, 3, 8, 8, 8, 8, 5, 5, 8, 8, 2, 8, 8, 0, 6, 8, 8, 0, 8, 5, 8), (8, 8, 9, 8, 8, 8, 8, 3, 8, 8, 4, 8, 8, 8, 8, 8, 2, 8, 8, 0, 6, 8, 8, 0, 8, 8, 8), (8, 8, 9, 5, 8, 0, 8, 8, 8, 8, 8, 8, 8, 8, 8, 8, 8, 8, 8, 8, 6, 8, 8, 8, 8, 8, 8), (1, 8, 9, 5, 2, 8, 8, 8, 5, 7, 8, 2, 8, 8, 7, 8, 2, 8, 8, 0, 8, 8, 8, 0, 8, 8, 8), (8, 8, 9, 8, 8, 0, 8, 3, 8, 7, 4, 2, 8, 8, 7, 8, 2, 8, 8, 0, 6, 8, 7, 8, 8, 5, 8), (8, 8, 8, 8, 8, 8, 8, 3, 5, 8, 4, 8, 5, 8, 7, 8, 2, 8, 8, 8, 8, 8, 8, 0, 8, 5, 8), (1, 8, 9, 5, 8, 8, 8, 3, 8, 8, 8, 8, 8, 8, 7, 8, 2, 8, 8, 0, 8, 8, 8, 0, 8, 8, 8))
