Modified Function Code:
from re_arc.dsl import *
def generate_1f0c79e5() -> dict:
    diff_lb = 0
    diff_ub = 1
    print(f"diff_lb: {diff_lb}")
    print(f"diff_ub: {diff_ub}")

    cols = remove(2, interval(0, 10, 1))
    print(f"cols: {cols}")

    h = unifint(diff_lb, diff_ub, (5, 30))
    print(f"h: {h}")

    w = unifint(diff_lb, diff_ub, (5, 30))
    print(f"w: {w}")

    bgc, objc = sample(cols, 2)
    print(f"bgc: {bgc}, objc: {objc}")

    gi = canvas(bgc, (h, w))
    print(f"gi: {gi}")

    nobjs = unifint(diff_lb, diff_ub, (1, (h * w) // 24))
    print(f"nobjs: {nobjs}")

    inds = asindices(gi)
    print(f"inds: {inds}")

    obj = ((0, 0), (0, 1), (1, 0), (1, 1))
    print(f"obj: {obj}")

    for k in range(nobjs):
        cands = sfilter(inds, lambda ij: shift(set(obj), ij).issubset(inds))
        print(f"cands: {cands}")

        if len(cands) == 0:
            break

        loc = choice(totuple(cands))
        print(f"loc: {loc}")

        plcd = shift(obj, loc)
        print(f"plcd: {plcd}")

        nred = unifint(diff_lb, diff_ub, (1, 3))
        print(f"nred: {nred}")

        reds = sample(totuple(plcd), nred)
        print(f"reds: {reds}")

        gi = fill(gi, objc, plcd)
        print(f"gi after filling with objc and plcd: {gi}")

        gi = fill(gi, 2, reds)
        print(f"gi after filling with reds: {gi}")

        for idx in reds:
            direc = decrement(multiply(2, add(idx, invert(loc))))
            print(f"direc: {direc}")

        inds = (inds - plcd) - mapply(dneighbors, set(plcd))
        print(f"inds after updating: {inds}")

    return {'input': gi}

Printed Outputs:
diff_lb: 0
diff_ub: 1
cols: (0, 1, 3, 4, 5, 6, 7, 8, 9)
h: 20
w: 16
bgc: 1, objc: 3
gi: ((1, 1, 1, 1, 1, 1, 1, 1, 1, 1, 1, 1, 1, 1, 1, 1), (1, 1, 1, 1, 1, 1, 1, 1, 1, 1, 1, 1, 1, 1, 1, 1), (1, 1, 1, 1, 1, 1, 1, 1, 1, 1, 1, 1, 1, 1, 1, 1), (1, 1, 1, 1, 1, 1, 1, 1, 1, 1, 1, 1, 1, 1, 1, 1), (1, 1, 1, 1, 1, 1, 1, 1, 1, 1, 1, 1, 1, 1, 1, 1), (1, 1, 1, 1, 1, 1, 1, 1, 1, 1, 1, 1, 1, 1, 1, 1), (1, 1, 1, 1, 1, 1, 1, 1, 1, 1, 1, 1, 1, 1, 1, 1), (1, 1, 1, 1, 1, 1, 1, 1, 1, 1, 1, 1, 1, 1, 1, 1), (1, 1, 1, 1, 1, 1, 1, 1, 1, 1, 1, 1, 1, 1, 1, 1), (1, 1, 1, 1, 1, 1, 1, 1, 1, 1, 1, 1, 1, 1, 1, 1), (1, 1, 1, 1, 1, 1, 1, 1, 1, 1, 1, 1, 1, 1, 1, 1), (1, 1, 1, 1, 1, 1, 1, 1, 1, 1, 1, 1, 1, 1, 1, 1), (1, 1, 1, 1, 1, 1, 1, 1, 1, 1, 1, 1, 1, 1, 1, 1), (1, 1, 1, 1, 1, 1, 1, 1, 1, 1, 1, 1, 1, 1, 1, 1), (1, 1, 1, 1, 1, 1, 1, 1, 1, 1, 1, 1, 1, 1, 1, 1), (1, 1, 1, 1, 1, 1, 1, 1, 1, 1, 1, 1, 1, 1, 1, 1), (1, 1, 1, 1, 1, 1, 1, 1, 1, 1, 1, 1, 1, 1, 1, 1), (1, 1, 1, 1, 1, 1, 1, 1, 1, 1, 1, 1, 1, 1, 1, 1), (1, 1, 1, 1, 1, 1, 1, 1, 1, 1, 1, 1, 1, 1, 1, 1), (1, 1, 1, 1, 1, 1, 1, 1, 1, 1, 1, 1, 1, 1, 1, 1))
nobjs: 7
inds: frozenset({(8, 0), (19, 0), (8, 9), (19, 9), (0, 5), (11, 5), (0, 14), (11, 14), (4, 2), (3, 6), (3, 15), (14, 15), (15, 7), (7, 3), (18, 3), (7, 12), (18, 12), (8, 4), (19, 4), (0, 0), (11, 0), (0, 9), (11, 9), (3, 1), (14, 1), (3, 10), (14, 10), (15, 2), (15, 11), (7, 7), (18, 7), (11, 4), (10, 8), (2, 13), (3, 5), (14, 5), (3, 14), (14, 14), (15, 6), (7, 2), (18, 2), (7, 11), (18, 11), (6, 15), (10, 3), (10, 12), (2, 8), (3, 0), (14, 0), (3, 9), (14, 9), (6, 10), (10, 7), (2, 3), (2, 12), (3, 4), (14, 4), (17, 6), (17, 15), (9, 11), (6, 5), (6, 14), (10, 2), (10, 11), (2, 7), (13, 13), (17, 1), (17, 10), (5, 8), (9, 6), (9, 15), (6, 0), (6, 9), (10, 6), (2, 2), (2, 11), (13, 8), (1, 15), (16, 13), (5, 3), (17, 5), (9, 1), (5, 12), (17, 14), (9, 10), (6, 4), (6, 13), (13, 3), (1, 10), (13, 12), (16, 8), (17, 0), (5, 7), (17, 9), (9, 5), (9, 14), (12, 6), (12, 15), (4, 11), (1, 5), (13, 7), (16, 3), (1, 14), (16, 12), (5, 2), (17, 4), (9, 0), (5, 11), (9, 9), (8, 13), (19, 13), (12, 1), (12, 10), (4, 6), (4, 15), (1, 0), (13, 2), (1, 9), (13, 11), (16, 7), (5, 6), (8, 8), (19, 8), (0, 4), (0, 13), (11, 13), (12, 5), (4, 1), (12, 14), (4, 10), (1, 4), (16, 2), (1, 13), (15, 15), (8, 3), (19, 3), (8, 12), (19, 12), (0, 8), (11, 8), (12, 0), (12, 9), (4, 5), (4, 14), (15, 1), (15, 10), (7, 6), (18, 6), (7, 15), (18, 15), (8, 7), (19, 7), (0, 3), (11, 3), (0, 12), (11, 12), (12, 4), (4, 0), (4, 9), (3, 13), (14, 13), (15, 5), (7, 1), (18, 1), (15, 14), (7, 10), (18, 10), (8, 2), (19, 2), (8, 11), (19, 11), (0, 7), (11, 7), (3, 8), (14, 8), (15, 0), (15, 9), (7, 5), (18, 5), (7, 14), (18, 14), (19, 6), (0, 2), (11, 2), (10, 15), (3, 3), (14, 3), (3, 12), (14, 12), (15, 4), (7, 0), (18, 0), (15, 13), (7, 9), (18, 9), (10, 1), (10, 10), (2, 6), (7, 8), (2, 15), (3, 7), (14, 7), (7, 4), (18, 4), (6, 8), (10, 5), (2, 1), (10, 14), (2, 10), (3, 2), (14, 2), (3, 11), (14, 11), (17, 13), (6, 3), (6, 12), (10, 0), (10, 9), (2, 5), (2, 14), (14, 6), (17, 8), (9, 4), (5, 15), (9, 13), (6, 7), (10, 4), (2, 0), (10, 13), (2, 9), (13, 6), (13, 15), (16, 11), (5, 1), (17, 3), (5, 10), (17, 12), (9, 8), (6, 2), (6, 11), (2, 4), (13, 1), (1, 8), (13, 10), (16, 6), (16, 15), (5, 5), (17, 7), (9, 3), (5, 14), (9, 12), (6, 6), (12, 13), (1, 3), (13, 5), (16, 1), (1, 12), (13, 14), (16, 10), (5, 0), (17, 2), (5, 9), (17, 11), (9, 7), (6, 1), (12, 8), (4, 4), (4, 13), (13, 0), (1, 7), (13, 9), (16, 5), (16, 14), (5, 4), (9, 2), (5, 13), (8, 6), (8, 15), (19, 15), (0, 11), (11, 11), (12, 3), (12, 12), (4, 8), (1, 2), (13, 4), (16, 0), (1, 11), (16, 9), (8, 1), (19, 1), (8, 10), (19, 10), (0, 6), (11, 6), (0, 15), (11, 15), (12, 7), (4, 3), (4, 12), (1, 6), (16, 4), (15, 8), (7, 13), (18, 13), (8, 5), (19, 5), (0, 1), (11, 1), (8, 14), (19, 14), (0, 10), (11, 10), (12, 2), (12, 11), (4, 7), (1, 1), (15, 3), (15, 12), (18, 8)})
obj: ((0, 0), (0, 1), (1, 0), (1, 1))
cands: frozenset({(12, 4), (4, 0), (4, 9), (5, 1), (8, 0), (17, 3), (3, 13), (14, 13), (8, 9), (10, 6), (5, 10), (11, 5), (0, 5), (2, 2), (17, 12), (9, 8), (11, 14), (0, 14), (2, 11), (13, 8), (15, 5), (6, 2), (7, 1), (18, 1), (15, 14), (6, 11), (16, 13), (7, 10), (18, 10), (4, 2), (3, 6), (5, 3), (17, 5), (8, 2), (9, 1), (5, 12), (17, 14), (8, 11), (9, 10), (0, 7), (11, 7), (2, 4), (13, 1), (1, 8), (15, 7), (6, 4), (13, 10), (7, 3), (18, 3), (16, 6), (6, 13), (7, 12), (18, 12), (3, 8), (14, 8), (8, 4), (5, 5), (17, 7), (0, 0), (11, 0), (9, 3), (5, 14), (9, 12), (0, 9), (11, 9), (13, 3), (15, 0), (1, 10), (13, 12), (15, 9), (16, 8), (7, 5), (18, 5), (6, 6), (6, 1), (7, 14), (18, 14), (3, 1), (14, 1), (17, 0), (12, 13), (3, 10), (14, 10), (5, 7), (17, 9), (9, 5), (0, 2), (11, 2), (9, 14), (1, 3), (15, 2), (13, 5), (16, 1), (1, 12), (15, 11), (13, 14), (16, 10), (7, 7), (18, 7), (12, 6), (3, 3), (14, 3), (5, 0), (17, 2), (3, 12), (14, 12), (4, 11), (5, 9), (17, 11), (11, 4), (9, 7), (10, 8), (1, 5), (13, 7), (15, 4), (16, 3), (7, 0), (1, 14), (18, 0), (2, 13), (16, 12), (15, 13), (7, 9), (18, 9), (12, 8), (3, 5), (14, 5), (5, 2), (17, 4), (9, 0), (3, 14), (14, 14), (5, 11), (4, 4), (9, 9), (4, 13), (10, 1), (13, 0), (8, 13), (10, 10), (1, 7), (15, 6), (2, 6), (13, 9), (7, 2), (18, 2), (16, 5), (16, 14), (18, 11), (7, 11), (12, 1), (12, 10), (3, 7), (14, 7), (4, 6), (5, 4), (9, 2), (5, 13), (8, 6), (10, 3), (1, 0), (13, 2), (10, 12), (1, 9), (13, 11), (2, 8), (16, 7), (7, 4), (18, 4), (0, 11), (11, 11), (6, 8), (12, 3), (3, 0), (14, 0), (12, 12), (3, 9), (14, 9), (5, 6), (4, 8), (18, 8), (8, 8), (10, 5), (1, 2), (0, 4), (2, 1), (13, 4), (10, 14), (16, 0), (0, 13), (11, 13), (2, 10), (1, 11), (16, 9), (6, 10), (12, 5), (3, 2), (14, 2), (4, 1), (12, 14), (3, 11), (14, 11), (4, 10), (8, 1), (17, 13), (8, 10), (10, 7), (1, 4), (0, 6), (2, 3), (16, 2), (11, 6), (1, 13), (2, 12), (6, 3), (6, 12), (12, 7), (3, 4), (14, 4), (4, 3), (4, 12), (17, 6), (8, 3), (10, 0), (8, 12), (10, 9), (9, 11), (0, 8), (11, 8), (2, 5), (1, 6), (16, 4), (2, 14), (15, 8), (6, 5), (12, 0), (6, 14), (7, 13), (18, 13), (12, 9), (14, 6), (4, 5), (4, 14), (17, 8), (8, 5), (10, 2), (9, 4), (0, 1), (11, 1), (8, 14), (10, 11), (9, 13), (0, 10), (2, 7), (11, 10), (15, 1), (13, 13), (15, 10), (6, 7), (7, 6), (18, 6), (12, 2), (12, 11), (4, 7), (17, 1), (17, 10), (5, 8), (8, 7), (9, 6), (0, 3), (11, 3), (10, 4), (2, 0), (10, 13), (0, 12), (11, 12), (2, 9), (1, 1), (13, 6), (15, 3), (6, 0), (15, 12), (6, 9), (16, 11), (7, 8)})
loc: (7, 8)
plcd: frozenset({(7, 9), (8, 8), (8, 9), (7, 8)})
nred: 3
reds: [(8, 9), (7, 9), (7, 8)]
gi after filling with objc and plcd: ((1, 1, 1, 1, 1, 1, 1, 1, 1, 1, 1, 1, 1, 1, 1, 1), (1, 1, 1, 1, 1, 1, 1, 1, 1, 1, 1, 1, 1, 1, 1, 1), (1, 1, 1, 1, 1, 1, 1, 1, 1, 1, 1, 1, 1, 1, 1, 1), (1, 1, 1, 1, 1, 1, 1, 1, 1, 1, 1, 1, 1, 1, 1, 1), (1, 1, 1, 1, 1, 1, 1, 1, 1, 1, 1, 1, 1, 1, 1, 1), (1, 1, 1, 1, 1, 1, 1, 1, 1, 1, 1, 1, 1, 1, 1, 1), (1, 1, 1, 1, 1, 1, 1, 1, 1, 1, 1, 1, 1, 1, 1, 1), (1, 1, 1, 1, 1, 1, 1, 1, 3, 3, 1, 1, 1, 1, 1, 1), (1, 1, 1, 1, 1, 1, 1, 1, 3, 3, 1, 1, 1, 1, 1, 1), (1, 1, 1, 1, 1, 1, 1, 1, 1, 1, 1, 1, 1, 1, 1, 1), (1, 1, 1, 1, 1, 1, 1, 1, 1, 1, 1, 1, 1, 1, 1, 1), (1, 1, 1, 1, 1, 1, 1, 1, 1, 1, 1, 1, 1, 1, 1, 1), (1, 1, 1, 1, 1, 1, 1, 1, 1, 1, 1, 1, 1, 1, 1, 1), (1, 1, 1, 1, 1, 1, 1, 1, 1, 1, 1, 1, 1, 1, 1, 1), (1, 1, 1, 1, 1, 1, 1, 1, 1, 1, 1, 1, 1, 1, 1, 1), (1, 1, 1, 1, 1, 1, 1, 1, 1, 1, 1, 1, 1, 1, 1, 1), (1, 1, 1, 1, 1, 1, 1, 1, 1, 1, 1, 1, 1, 1, 1, 1), (1, 1, 1, 1, 1, 1, 1, 1, 1, 1, 1, 1, 1, 1, 1, 1), (1, 1, 1, 1, 1, 1, 1, 1, 1, 1, 1, 1, 1, 1, 1, 1), (1, 1, 1, 1, 1, 1, 1, 1, 1, 1, 1, 1, 1, 1, 1, 1))
gi after filling with reds: ((1, 1, 1, 1, 1, 1, 1, 1, 1, 1, 1, 1, 1, 1, 1, 1), (1, 1, 1, 1, 1, 1, 1, 1, 1, 1, 1, 1, 1, 1, 1, 1), (1, 1, 1, 1, 1, 1, 1, 1, 1, 1, 1, 1, 1, 1, 1, 1), (1, 1, 1, 1, 1, 1, 1, 1, 1, 1, 1, 1, 1, 1, 1, 1), (1, 1, 1, 1, 1, 1, 1, 1, 1, 1, 1, 1, 1, 1, 1, 1), (1, 1, 1, 1, 1, 1, 1, 1, 1, 1, 1, 1, 1, 1, 1, 1), (1, 1, 1, 1, 1, 1, 1, 1, 1, 1, 1, 1, 1, 1, 1, 1), (1, 1, 1, 1, 1, 1, 1, 1, 2, 2, 1, 1, 1, 1, 1, 1), (1, 1, 1, 1, 1, 1, 1, 1, 3, 2, 1, 1, 1, 1, 1, 1), (1, 1, 1, 1, 1, 1, 1, 1, 1, 1, 1, 1, 1, 1, 1, 1), (1, 1, 1, 1, 1, 1, 1, 1, 1, 1, 1, 1, 1, 1, 1, 1), (1, 1, 1, 1, 1, 1, 1, 1, 1, 1, 1, 1, 1, 1, 1, 1), (1, 1, 1, 1, 1, 1, 1, 1, 1, 1, 1, 1, 1, 1, 1, 1), (1, 1, 1, 1, 1, 1, 1, 1, 1, 1, 1, 1, 1, 1, 1, 1), (1, 1, 1, 1, 1, 1, 1, 1, 1, 1, 1, 1, 1, 1, 1, 1), (1, 1, 1, 1, 1, 1, 1, 1, 1, 1, 1, 1, 1, 1, 1, 1), (1, 1, 1, 1, 1, 1, 1, 1, 1, 1, 1, 1, 1, 1, 1, 1), (1, 1, 1, 1, 1, 1, 1, 1, 1, 1, 1, 1, 1, 1, 1, 1), (1, 1, 1, 1, 1, 1, 1, 1, 1, 1, 1, 1, 1, 1, 1, 1), (1, 1, 1, 1, 1, 1, 1, 1, 1, 1, 1, 1, 1, 1, 1, 1))
direc: (1, 1)
direc: (-1, 1)
direc: (-1, -1)
inds after updating: frozenset({(12, 4), (4, 0), (4, 9), (8, 0), (19, 0), (3, 13), (14, 13), (19, 9), (0, 5), (11, 5), (0, 14), (11, 14), (15, 5), (7, 1), (18, 1), (15, 14), (18, 10), (4, 2), (3, 6), (8, 2), (19, 2), (3, 15), (14, 15), (8, 11), (19, 11), (0, 7), (11, 7), (15, 7), (7, 3), (18, 3), (7, 12), (18, 12), (3, 8), (14, 8), (8, 4), (19, 4), (0, 0), (11, 0), (0, 9), (11, 9), (15, 0), (15, 9), (7, 5), (18, 5), (7, 14), (18, 14), (3, 1), (14, 1), (3, 10), (14, 10), (19, 6), (0, 2), (11, 2), (15, 2), (10, 15), (15, 11), (18, 7), (3, 3), (14, 3), (3, 12), (14, 12), (11, 4), (10, 8), (15, 4), (7, 0), (18, 0), (15, 13), (2, 13), (18, 9), (3, 5), (14, 5), (3, 14), (14, 14), (10, 1), (10, 10), (15, 6), (2, 6), (7, 2), (18, 2), (2, 15), (7, 11), (18, 11), (6, 15), (3, 7), (14, 7), (10, 3), (10, 12), (2, 8), (7, 4), (18, 4), (3, 0), (14, 0), (3, 9), (14, 9), (10, 5), (2, 1), (10, 14), (2, 10), (6, 10), (3, 2), (14, 2), (3, 11), (14, 11), (17, 13), (10, 7), (2, 3), (2, 12), (6, 3), (6, 12), (3, 4), (14, 4), (17, 6), (10, 0), (17, 15), (10, 9), (9, 11), (2, 5), (2, 14), (6, 5), (6, 14), (14, 6), (17, 8), (10, 2), (9, 4), (5, 15), (10, 11), (9, 13), (2, 7), (13, 13), (6, 7), (17, 1), (17, 10), (5, 8), (10, 4), (9, 6), (2, 0), (10, 13), (9, 15), (2, 9), (13, 6), (6, 0), (13, 15), (16, 11), (5, 1), (17, 3), (5, 10), (17, 12), (10, 6), (2, 2), (2, 11), (13, 8), (6, 2), (1, 15), (6, 11), (16, 13), (5, 3), (17, 5), (9, 1), (5, 12), (17, 14), (9, 10), (2, 4), (13, 1), (1, 8), (13, 10), (6, 4), (16, 6), (6, 13), (16, 15), (5, 5), (17, 7), (9, 3), (5, 14), (9, 12), (13, 3), (1, 10), (13, 12), (6, 6), (16, 8), (17, 0), (12, 13), (5, 7), (17, 9), (9, 5), (9, 14), (1, 3), (13, 5), (16, 1), (1, 12), (13, 14), (16, 10), (12, 6), (5, 0), (17, 2), (12, 15), (5, 9), (4, 11), (17, 11), (9, 7), (1, 5), (13, 7), (6, 1), (16, 3), (1, 14), (16, 12), (12, 8), (5, 2), (17, 4), (4, 4), (9, 0), (5, 11), (4, 13), (13, 0), (8, 13), (19, 13), (1, 7), (13, 9), (16, 5), (16, 14), (12, 1), (12, 10), (5, 4), (4, 6), (9, 2), (5, 13), (4, 15), (8, 6), (1, 0), (13, 2), (8, 15), (19, 15), (1, 9), (13, 11), (0, 11), (16, 7), (11, 11), (12, 3), (12, 12), (5, 6), (4, 8), (19, 8), (1, 2), (0, 4), (13, 4), (16, 0), (1, 11), (0, 13), (11, 13), (16, 9), (12, 5), (4, 1), (12, 14), (4, 10), (8, 1), (19, 1), (19, 10), (1, 4), (0, 6), (11, 6), (16, 2), (1, 13), (0, 15), (11, 15), (15, 15), (12, 7), (4, 3), (4, 12), (8, 3), (19, 3), (8, 12), (19, 12), (1, 6), (0, 8), (11, 8), (16, 4), (15, 8), (12, 0), (7, 13), (18, 13), (12, 9), (4, 5), (4, 14), (8, 5), (19, 5), (0, 1), (11, 1), (8, 14), (19, 14), (0, 10), (11, 10), (15, 1), (15, 10), (7, 6), (18, 6), (12, 2), (7, 15), (18, 15), (12, 11), (4, 7), (19, 7), (1, 1), (0, 3), (11, 3), (0, 12), (11, 12), (15, 3), (15, 12), (18, 8)})
cands: frozenset({(12, 4), (4, 0), (4, 9), (5, 1), (8, 0), (17, 3), (3, 13), (14, 13), (5, 10), (17, 12), (10, 6), (0, 5), (11, 5), (2, 2), (11, 14), (0, 14), (2, 11), (13, 8), (15, 5), (6, 2), (7, 1), (18, 1), (15, 14), (6, 11), (16, 13), (18, 10), (4, 2), (3, 6), (5, 3), (8, 2), (17, 5), (9, 1), (5, 12), (8, 11), (17, 14), (9, 10), (0, 7), (11, 7), (2, 4), (13, 1), (1, 8), (15, 7), (13, 10), (6, 4), (7, 3), (18, 3), (16, 6), (6, 13), (7, 12), (18, 12), (3, 8), (14, 8), (8, 4), (5, 5), (17, 7), (0, 0), (11, 0), (9, 3), (5, 14), (9, 12), (0, 9), (11, 9), (13, 3), (15, 0), (1, 10), (15, 9), (13, 12), (16, 8), (18, 5), (7, 5), (18, 14), (7, 14), (3, 1), (14, 1), (17, 0), (12, 13), (3, 10), (14, 10), (17, 9), (9, 5), (0, 2), (11, 2), (9, 14), (1, 3), (15, 2), (13, 5), (16, 1), (1, 12), (15, 11), (13, 14), (16, 10), (18, 7), (12, 6), (3, 3), (14, 3), (5, 0), (17, 2), (3, 12), (14, 12), (4, 11), (17, 11), (11, 4), (10, 8), (1, 5), (15, 4), (13, 7), (6, 1), (7, 0), (18, 0), (15, 13), (2, 13), (16, 3), (18, 9), (1, 14), (16, 12), (12, 8), (3, 5), (14, 5), (5, 2), (17, 4), (4, 4), (3, 14), (14, 14), (9, 0), (5, 11), (4, 13), (10, 1), (13, 0), (8, 13), (10, 10), (1, 7), (15, 6), (2, 6), (13, 9), (7, 2), (18, 2), (16, 5), (16, 14), (18, 11), (7, 11), (12, 1), (12, 10), (3, 7), (14, 7), (5, 4), (4, 6), (9, 2), (5, 13), (10, 3), (1, 0), (13, 2), (10, 12), (1, 9), (13, 11), (2, 8), (0, 11), (7, 4), (18, 4), (16, 7), (11, 11), (12, 3), (3, 0), (14, 0), (12, 12), (3, 9), (14, 9), (5, 6), (4, 8), (10, 5), (1, 2), (0, 4), (2, 1), (13, 4), (10, 14), (16, 0), (1, 11), (2, 10), (0, 13), (11, 13), (16, 9), (12, 5), (3, 2), (14, 2), (4, 1), (12, 14), (3, 11), (14, 11), (4, 10), (8, 1), (17, 13), (10, 7), (1, 4), (0, 6), (2, 3), (11, 6), (16, 2), (1, 13), (2, 12), (6, 3), (6, 12), (12, 7), (3, 4), (14, 4), (4, 3), (4, 12), (17, 6), (8, 3), (10, 0), (8, 12), (10, 9), (9, 11), (1, 6), (2, 5), (0, 8), (11, 8), (16, 4), (2, 14), (15, 8), (6, 5), (12, 0), (6, 14), (7, 13), (18, 13), (12, 9), (14, 6), (4, 5), (4, 14), (17, 8), (8, 5), (10, 2), (9, 4), (0, 1), (11, 1), (8, 14), (10, 11), (9, 13), (0, 10), (2, 7), (11, 10), (15, 1), (13, 13), (15, 10), (18, 6), (12, 2), (12, 11), (4, 7), (17, 1), (17, 10), (10, 4), (9, 6), (1, 1), (2, 0), (0, 3), (10, 13), (11, 3), (0, 12), (2, 9), (11, 12), (13, 6), (15, 3), (6, 0), (15, 12), (16, 11), (18, 8)})
loc: (10, 8)
plcd: frozenset({(10, 9), (11, 8), (11, 9), (10, 8)})
nred: 1
reds: [(11, 9)]
gi after filling with objc and plcd: ((1, 1, 1, 1, 1, 1, 1, 1, 1, 1, 1, 1, 1, 1, 1, 1), (1, 1, 1, 1, 1, 1, 1, 1, 1, 1, 1, 1, 1, 1, 1, 1), (1, 1, 1, 1, 1, 1, 1, 1, 1, 1, 1, 1, 1, 1, 1, 1), (1, 1, 1, 1, 1, 1, 1, 1, 1, 1, 1, 1, 1, 1, 1, 1), (1, 1, 1, 1, 1, 1, 1, 1, 1, 1, 1, 1, 1, 1, 1, 1), (1, 1, 1, 1, 1, 1, 1, 1, 1, 1, 1, 1, 1, 1, 1, 1), (1, 1, 1, 1, 1, 1, 1, 1, 1, 1, 1, 1, 1, 1, 1, 1), (1, 1, 1, 1, 1, 1, 1, 1, 2, 2, 1, 1, 1, 1, 1, 1), (1, 1, 1, 1, 1, 1, 1, 1, 3, 2, 1, 1, 1, 1, 1, 1), (1, 1, 1, 1, 1, 1, 1, 1, 1, 1, 1, 1, 1, 1, 1, 1), (1, 1, 1, 1, 1, 1, 1, 1, 3, 3, 1, 1, 1, 1, 1, 1), (1, 1, 1, 1, 1, 1, 1, 1, 3, 3, 1, 1, 1, 1, 1, 1), (1, 1, 1, 1, 1, 1, 1, 1, 1, 1, 1, 1, 1, 1, 1, 1), (1, 1, 1, 1, 1, 1, 1, 1, 1, 1, 1, 1, 1, 1, 1, 1), (1, 1, 1, 1, 1, 1, 1, 1, 1, 1, 1, 1, 1, 1, 1, 1), (1, 1, 1, 1, 1, 1, 1, 1, 1, 1, 1, 1, 1, 1, 1, 1), (1, 1, 1, 1, 1, 1, 1, 1, 1, 1, 1, 1, 1, 1, 1, 1), (1, 1, 1, 1, 1, 1, 1, 1, 1, 1, 1, 1, 1, 1, 1, 1), (1, 1, 1, 1, 1, 1, 1, 1, 1, 1, 1, 1, 1, 1, 1, 1), (1, 1, 1, 1, 1, 1, 1, 1, 1, 1, 1, 1, 1, 1, 1, 1))
gi after filling with reds: ((1, 1, 1, 1, 1, 1, 1, 1, 1, 1, 1, 1, 1, 1, 1, 1), (1, 1, 1, 1, 1, 1, 1, 1, 1, 1, 1, 1, 1, 1, 1, 1), (1, 1, 1, 1, 1, 1, 1, 1, 1, 1, 1, 1, 1, 1, 1, 1), (1, 1, 1, 1, 1, 1, 1, 1, 1, 1, 1, 1, 1, 1, 1, 1), (1, 1, 1, 1, 1, 1, 1, 1, 1, 1, 1, 1, 1, 1, 1, 1), (1, 1, 1, 1, 1, 1, 1, 1, 1, 1, 1, 1, 1, 1, 1, 1), (1, 1, 1, 1, 1, 1, 1, 1, 1, 1, 1, 1, 1, 1, 1, 1), (1, 1, 1, 1, 1, 1, 1, 1, 2, 2, 1, 1, 1, 1, 1, 1), (1, 1, 1, 1, 1, 1, 1, 1, 3, 2, 1, 1, 1, 1, 1, 1), (1, 1, 1, 1, 1, 1, 1, 1, 1, 1, 1, 1, 1, 1, 1, 1), (1, 1, 1, 1, 1, 1, 1, 1, 3, 3, 1, 1, 1, 1, 1, 1), (1, 1, 1, 1, 1, 1, 1, 1, 3, 2, 1, 1, 1, 1, 1, 1), (1, 1, 1, 1, 1, 1, 1, 1, 1, 1, 1, 1, 1, 1, 1, 1), (1, 1, 1, 1, 1, 1, 1, 1, 1, 1, 1, 1, 1, 1, 1, 1), (1, 1, 1, 1, 1, 1, 1, 1, 1, 1, 1, 1, 1, 1, 1, 1), (1, 1, 1, 1, 1, 1, 1, 1, 1, 1, 1, 1, 1, 1, 1, 1), (1, 1, 1, 1, 1, 1, 1, 1, 1, 1, 1, 1, 1, 1, 1, 1), (1, 1, 1, 1, 1, 1, 1, 1, 1, 1, 1, 1, 1, 1, 1, 1), (1, 1, 1, 1, 1, 1, 1, 1, 1, 1, 1, 1, 1, 1, 1, 1), (1, 1, 1, 1, 1, 1, 1, 1, 1, 1, 1, 1, 1, 1, 1, 1))
direc: (1, 1)
inds after updating: frozenset({(12, 4), (4, 0), (4, 9), (8, 0), (19, 0), (3, 13), (14, 13), (19, 9), (0, 5), (11, 5), (0, 14), (11, 14), (15, 5), (7, 1), (18, 1), (15, 14), (18, 10), (4, 2), (3, 6), (8, 2), (19, 2), (3, 15), (14, 15), (8, 11), (19, 11), (0, 7), (15, 7), (7, 3), (18, 3), (7, 12), (18, 12), (3, 8), (14, 8), (8, 4), (19, 4), (0, 0), (11, 0), (0, 9), (15, 0), (15, 9), (7, 5), (18, 5), (7, 14), (18, 14), (3, 1), (14, 1), (3, 10), (14, 10), (19, 6), (0, 2), (11, 2), (15, 2), (10, 15), (15, 11), (18, 7), (3, 3), (14, 3), (3, 12), (14, 12), (11, 4), (15, 4), (7, 0), (18, 0), (15, 13), (2, 13), (18, 9), (3, 5), (14, 5), (3, 14), (14, 14), (10, 1), (15, 6), (2, 6), (7, 2), (18, 2), (2, 15), (7, 11), (18, 11), (6, 15), (3, 7), (14, 7), (10, 3), (10, 12), (2, 8), (7, 4), (18, 4), (3, 0), (14, 0), (3, 9), (14, 9), (10, 5), (2, 1), (10, 14), (2, 10), (6, 10), (3, 2), (14, 2), (3, 11), (14, 11), (17, 13), (2, 3), (2, 12), (6, 3), (6, 12), (3, 4), (14, 4), (17, 6), (10, 0), (17, 15), (9, 11), (2, 5), (2, 14), (6, 5), (6, 14), (14, 6), (17, 8), (10, 2), (9, 4), (5, 15), (10, 11), (9, 13), (2, 7), (13, 13), (6, 7), (17, 1), (17, 10), (5, 8), (10, 4), (9, 6), (2, 0), (10, 13), (9, 15), (2, 9), (13, 6), (6, 0), (13, 15), (16, 11), (5, 1), (17, 3), (5, 10), (17, 12), (10, 6), (2, 2), (2, 11), (13, 8), (6, 2), (1, 15), (6, 11), (16, 13), (5, 3), (17, 5), (9, 1), (5, 12), (17, 14), (9, 10), (2, 4), (13, 1), (1, 8), (13, 10), (6, 4), (16, 6), (6, 13), (16, 15), (5, 5), (17, 7), (9, 3), (5, 14), (9, 12), (13, 3), (1, 10), (13, 12), (6, 6), (16, 8), (17, 0), (12, 13), (5, 7), (17, 9), (9, 5), (9, 14), (1, 3), (13, 5), (16, 1), (1, 12), (13, 14), (16, 10), (12, 6), (5, 0), (17, 2), (12, 15), (5, 9), (4, 11), (17, 11), (9, 7), (1, 5), (13, 7), (6, 1), (16, 3), (1, 14), (16, 12), (5, 2), (17, 4), (4, 4), (9, 0), (5, 11), (4, 13), (13, 0), (8, 13), (19, 13), (1, 7), (13, 9), (16, 5), (16, 14), (12, 1), (12, 10), (5, 4), (4, 6), (9, 2), (5, 13), (4, 15), (8, 6), (1, 0), (13, 2), (8, 15), (19, 15), (1, 9), (13, 11), (0, 11), (16, 7), (11, 11), (12, 3), (12, 12), (5, 6), (4, 8), (19, 8), (1, 2), (0, 4), (13, 4), (16, 0), (1, 11), (0, 13), (11, 13), (16, 9), (12, 5), (4, 1), (12, 14), (4, 10), (8, 1), (19, 1), (19, 10), (1, 4), (0, 6), (11, 6), (16, 2), (1, 13), (0, 15), (11, 15), (15, 15), (12, 7), (4, 3), (4, 12), (8, 3), (19, 3), (8, 12), (19, 12), (1, 6), (0, 8), (16, 4), (15, 8), (12, 0), (7, 13), (18, 13), (4, 5), (4, 14), (8, 5), (19, 5), (0, 1), (11, 1), (8, 14), (19, 14), (0, 10), (15, 1), (15, 10), (7, 6), (18, 6), (12, 2), (7, 15), (18, 15), (12, 11), (4, 7), (19, 7), (1, 1), (0, 3), (11, 3), (0, 12), (11, 12), (15, 3), (15, 12), (18, 8)})
cands: frozenset({(12, 4), (4, 0), (4, 9), (5, 1), (8, 0), (17, 3), (3, 13), (14, 13), (5, 10), (17, 12), (0, 5), (11, 5), (2, 2), (11, 14), (0, 14), (2, 11), (13, 8), (15, 5), (6, 2), (7, 1), (18, 1), (15, 14), (6, 11), (16, 13), (18, 10), (4, 2), (3, 6), (5, 3), (8, 2), (17, 5), (9, 1), (5, 12), (8, 11), (17, 14), (0, 7), (2, 4), (13, 1), (1, 8), (15, 7), (13, 10), (6, 4), (7, 3), (18, 3), (16, 6), (6, 13), (7, 12), (18, 12), (3, 8), (14, 8), (8, 4), (5, 5), (17, 7), (0, 0), (11, 0), (9, 3), (5, 14), (9, 12), (0, 9), (13, 3), (15, 0), (1, 10), (15, 9), (13, 12), (16, 8), (18, 5), (7, 5), (18, 14), (7, 14), (3, 1), (14, 1), (17, 0), (12, 13), (3, 10), (14, 10), (17, 9), (9, 5), (0, 2), (11, 2), (9, 14), (1, 3), (15, 2), (13, 5), (16, 1), (1, 12), (15, 11), (13, 14), (16, 10), (18, 7), (12, 6), (3, 3), (14, 3), (5, 0), (17, 2), (3, 12), (14, 12), (4, 11), (17, 11), (11, 4), (1, 5), (15, 4), (13, 7), (6, 1), (7, 0), (18, 0), (15, 13), (2, 13), (16, 3), (18, 9), (1, 14), (16, 12), (3, 5), (14, 5), (5, 2), (17, 4), (4, 4), (3, 14), (14, 14), (9, 0), (5, 11), (4, 13), (10, 1), (13, 0), (8, 13), (1, 7), (15, 6), (2, 6), (13, 9), (7, 2), (18, 2), (16, 5), (16, 14), (18, 11), (7, 11), (12, 1), (12, 10), (3, 7), (14, 7), (5, 4), (4, 6), (9, 2), (5, 13), (10, 3), (1, 0), (13, 2), (10, 12), (1, 9), (13, 11), (2, 8), (0, 11), (7, 4), (18, 4), (16, 7), (11, 11), (12, 3), (3, 0), (14, 0), (12, 12), (3, 9), (14, 9), (5, 6), (4, 8), (10, 5), (1, 2), (0, 4), (2, 1), (13, 4), (10, 14), (16, 0), (1, 11), (2, 10), (0, 13), (11, 13), (16, 9), (12, 5), (3, 2), (14, 2), (4, 1), (12, 14), (3, 11), (14, 11), (4, 10), (8, 1), (17, 13), (1, 4), (0, 6), (2, 3), (16, 2), (1, 13), (2, 12), (6, 3), (6, 12), (3, 4), (14, 4), (4, 3), (4, 12), (17, 6), (8, 3), (10, 0), (8, 12), (9, 11), (1, 6), (2, 5), (0, 8), (16, 4), (2, 14), (15, 8), (6, 5), (12, 0), (6, 14), (7, 13), (18, 13), (14, 6), (4, 5), (4, 14), (17, 8), (8, 5), (10, 2), (9, 4), (0, 1), (11, 1), (8, 14), (10, 11), (9, 13), (0, 10), (2, 7), (15, 1), (13, 13), (15, 10), (18, 6), (12, 2), (12, 11), (4, 7), (17, 1), (17, 10), (10, 4), (1, 1), (0, 3), (2, 0), (11, 3), (10, 13), (0, 12), (2, 9), (11, 12), (13, 6), (15, 3), (6, 0), (15, 12), (16, 11), (18, 8)})
loc: (16, 10)
plcd: frozenset({(17, 11), (16, 10), (16, 11), (17, 10)})
nred: 3
reds: [(16, 11), (17, 10), (16, 10)]
gi after filling with objc and plcd: ((1, 1, 1, 1, 1, 1, 1, 1, 1, 1, 1, 1, 1, 1, 1, 1), (1, 1, 1, 1, 1, 1, 1, 1, 1, 1, 1, 1, 1, 1, 1, 1), (1, 1, 1, 1, 1, 1, 1, 1, 1, 1, 1, 1, 1, 1, 1, 1), (1, 1, 1, 1, 1, 1, 1, 1, 1, 1, 1, 1, 1, 1, 1, 1), (1, 1, 1, 1, 1, 1, 1, 1, 1, 1, 1, 1, 1, 1, 1, 1), (1, 1, 1, 1, 1, 1, 1, 1, 1, 1, 1, 1, 1, 1, 1, 1), (1, 1, 1, 1, 1, 1, 1, 1, 1, 1, 1, 1, 1, 1, 1, 1), (1, 1, 1, 1, 1, 1, 1, 1, 2, 2, 1, 1, 1, 1, 1, 1), (1, 1, 1, 1, 1, 1, 1, 1, 3, 2, 1, 1, 1, 1, 1, 1), (1, 1, 1, 1, 1, 1, 1, 1, 1, 1, 1, 1, 1, 1, 1, 1), (1, 1, 1, 1, 1, 1, 1, 1, 3, 3, 1, 1, 1, 1, 1, 1), (1, 1, 1, 1, 1, 1, 1, 1, 3, 2, 1, 1, 1, 1, 1, 1), (1, 1, 1, 1, 1, 1, 1, 1, 1, 1, 1, 1, 1, 1, 1, 1), (1, 1, 1, 1, 1, 1, 1, 1, 1, 1, 1, 1, 1, 1, 1, 1), (1, 1, 1, 1, 1, 1, 1, 1, 1, 1, 1, 1, 1, 1, 1, 1), (1, 1, 1, 1, 1, 1, 1, 1, 1, 1, 1, 1, 1, 1, 1, 1), (1, 1, 1, 1, 1, 1, 1, 1, 1, 1, 3, 3, 1, 1, 1, 1), (1, 1, 1, 1, 1, 1, 1, 1, 1, 1, 3, 3, 1, 1, 1, 1), (1, 1, 1, 1, 1, 1, 1, 1, 1, 1, 1, 1, 1, 1, 1, 1), (1, 1, 1, 1, 1, 1, 1, 1, 1, 1, 1, 1, 1, 1, 1, 1))
gi after filling with reds: ((1, 1, 1, 1, 1, 1, 1, 1, 1, 1, 1, 1, 1, 1, 1, 1), (1, 1, 1, 1, 1, 1, 1, 1, 1, 1, 1, 1, 1, 1, 1, 1), (1, 1, 1, 1, 1, 1, 1, 1, 1, 1, 1, 1, 1, 1, 1, 1), (1, 1, 1, 1, 1, 1, 1, 1, 1, 1, 1, 1, 1, 1, 1, 1), (1, 1, 1, 1, 1, 1, 1, 1, 1, 1, 1, 1, 1, 1, 1, 1), (1, 1, 1, 1, 1, 1, 1, 1, 1, 1, 1, 1, 1, 1, 1, 1), (1, 1, 1, 1, 1, 1, 1, 1, 1, 1, 1, 1, 1, 1, 1, 1), (1, 1, 1, 1, 1, 1, 1, 1, 2, 2, 1, 1, 1, 1, 1, 1), (1, 1, 1, 1, 1, 1, 1, 1, 3, 2, 1, 1, 1, 1, 1, 1), (1, 1, 1, 1, 1, 1, 1, 1, 1, 1, 1, 1, 1, 1, 1, 1), (1, 1, 1, 1, 1, 1, 1, 1, 3, 3, 1, 1, 1, 1, 1, 1), (1, 1, 1, 1, 1, 1, 1, 1, 3, 2, 1, 1, 1, 1, 1, 1), (1, 1, 1, 1, 1, 1, 1, 1, 1, 1, 1, 1, 1, 1, 1, 1), (1, 1, 1, 1, 1, 1, 1, 1, 1, 1, 1, 1, 1, 1, 1, 1), (1, 1, 1, 1, 1, 1, 1, 1, 1, 1, 1, 1, 1, 1, 1, 1), (1, 1, 1, 1, 1, 1, 1, 1, 1, 1, 1, 1, 1, 1, 1, 1), (1, 1, 1, 1, 1, 1, 1, 1, 1, 1, 2, 2, 1, 1, 1, 1), (1, 1, 1, 1, 1, 1, 1, 1, 1, 1, 2, 3, 1, 1, 1, 1), (1, 1, 1, 1, 1, 1, 1, 1, 1, 1, 1, 1, 1, 1, 1, 1), (1, 1, 1, 1, 1, 1, 1, 1, 1, 1, 1, 1, 1, 1, 1, 1))
direc: (-1, 1)
direc: (1, -1)
direc: (-1, -1)
inds after updating: frozenset({(12, 4), (4, 0), (4, 9), (8, 0), (19, 0), (3, 13), (14, 13), (19, 9), (0, 5), (11, 5), (0, 14), (11, 14), (15, 5), (7, 1), (18, 1), (15, 14), (4, 2), (3, 6), (8, 2), (19, 2), (3, 15), (14, 15), (8, 11), (19, 11), (0, 7), (15, 7), (7, 3), (18, 3), (7, 12), (18, 12), (3, 8), (14, 8), (8, 4), (19, 4), (0, 0), (11, 0), (0, 9), (15, 0), (15, 9), (7, 5), (18, 5), (7, 14), (18, 14), (3, 1), (14, 1), (3, 10), (14, 10), (19, 6), (0, 2), (11, 2), (15, 2), (10, 15), (18, 7), (3, 3), (14, 3), (3, 12), (14, 12), (11, 4), (15, 4), (7, 0), (18, 0), (15, 13), (2, 13), (18, 9), (3, 5), (14, 5), (3, 14), (14, 14), (10, 1), (15, 6), (2, 6), (7, 2), (18, 2), (2, 15), (7, 11), (6, 15), (3, 7), (14, 7), (10, 3), (10, 12), (2, 8), (7, 4), (18, 4), (3, 0), (14, 0), (3, 9), (14, 9), (10, 5), (2, 1), (10, 14), (2, 10), (6, 10), (3, 2), (14, 2), (3, 11), (14, 11), (17, 13), (2, 3), (2, 12), (6, 3), (6, 12), (3, 4), (14, 4), (17, 6), (10, 0), (17, 15), (9, 11), (2, 5), (2, 14), (6, 5), (6, 14), (14, 6), (17, 8), (10, 2), (9, 4), (5, 15), (10, 11), (9, 13), (2, 7), (13, 13), (6, 7), (17, 1), (5, 8), (10, 4), (9, 6), (2, 0), (10, 13), (9, 15), (2, 9), (13, 6), (6, 0), (13, 15), (5, 1), (17, 3), (5, 10), (10, 6), (2, 2), (2, 11), (13, 8), (6, 2), (1, 15), (6, 11), (16, 13), (5, 3), (17, 5), (9, 1), (5, 12), (17, 14), (9, 10), (2, 4), (13, 1), (1, 8), (13, 10), (6, 4), (16, 6), (6, 13), (16, 15), (5, 5), (17, 7), (9, 3), (5, 14), (9, 12), (13, 3), (1, 10), (13, 12), (6, 6), (16, 8), (17, 0), (12, 13), (5, 7), (9, 5), (9, 14), (1, 3), (13, 5), (16, 1), (1, 12), (13, 14), (12, 6), (5, 0), (17, 2), (12, 15), (5, 9), (4, 11), (9, 7), (1, 5), (13, 7), (6, 1), (16, 3), (1, 14), (5, 2), (17, 4), (4, 4), (9, 0), (5, 11), (4, 13), (13, 0), (8, 13), (19, 13), (1, 7), (13, 9), (16, 5), (16, 14), (12, 1), (12, 10), (5, 4), (4, 6), (9, 2), (5, 13), (4, 15), (8, 6), (1, 0), (13, 2), (8, 15), (19, 15), (1, 9), (13, 11), (0, 11), (16, 7), (11, 11), (12, 3), (12, 12), (5, 6), (4, 8), (19, 8), (1, 2), (0, 4), (13, 4), (16, 0), (1, 11), (0, 13), (11, 13), (12, 5), (4, 1), (12, 14), (4, 10), (8, 1), (19, 1), (19, 10), (1, 4), (0, 6), (11, 6), (16, 2), (1, 13), (0, 15), (11, 15), (15, 15), (12, 7), (4, 3), (4, 12), (8, 3), (19, 3), (8, 12), (19, 12), (1, 6), (0, 8), (16, 4), (15, 8), (12, 0), (7, 13), (18, 13), (4, 5), (4, 14), (8, 5), (19, 5), (0, 1), (11, 1), (8, 14), (19, 14), (0, 10), (15, 1), (7, 6), (18, 6), (12, 2), (7, 15), (18, 15), (12, 11), (4, 7), (19, 7), (1, 1), (0, 3), (11, 3), (0, 12), (11, 12), (15, 3), (15, 12), (18, 8)})
cands: frozenset({(12, 4), (4, 0), (4, 9), (5, 1), (8, 0), (17, 3), (3, 13), (14, 13), (5, 10), (0, 5), (11, 5), (2, 2), (11, 14), (0, 14), (2, 11), (13, 8), (15, 5), (6, 2), (7, 1), (18, 1), (15, 14), (6, 11), (16, 13), (4, 2), (3, 6), (5, 3), (8, 2), (17, 5), (9, 1), (5, 12), (8, 11), (17, 14), (0, 7), (2, 4), (13, 1), (1, 8), (15, 7), (13, 10), (6, 4), (7, 3), (18, 3), (16, 6), (6, 13), (7, 12), (18, 12), (3, 8), (14, 8), (8, 4), (5, 5), (17, 7), (0, 0), (11, 0), (9, 3), (5, 14), (9, 12), (0, 9), (13, 3), (15, 0), (1, 10), (13, 12), (18, 5), (7, 5), (18, 14), (7, 14), (3, 1), (14, 1), (17, 0), (12, 13), (3, 10), (9, 5), (0, 2), (11, 2), (9, 14), (1, 3), (15, 2), (13, 5), (16, 1), (1, 12), (13, 14), (18, 7), (12, 6), (3, 3), (14, 3), (5, 0), (17, 2), (3, 12), (14, 12), (4, 11), (11, 4), (1, 5), (15, 4), (13, 7), (6, 1), (7, 0), (18, 0), (15, 13), (2, 13), (16, 3), (1, 14), (3, 5), (14, 5), (5, 2), (17, 4), (4, 4), (3, 14), (14, 14), (9, 0), (5, 11), (4, 13), (10, 1), (13, 0), (8, 13), (1, 7), (15, 6), (2, 6), (13, 9), (7, 2), (18, 2), (16, 5), (16, 14), (7, 11), (12, 1), (12, 10), (3, 7), (14, 7), (5, 4), (4, 6), (9, 2), (5, 13), (10, 3), (1, 0), (13, 2), (10, 12), (1, 9), (13, 11), (2, 8), (0, 11), (7, 4), (18, 4), (16, 7), (11, 11), (12, 3), (3, 0), (14, 0), (12, 12), (3, 9), (5, 6), (4, 8), (10, 5), (1, 2), (0, 4), (2, 1), (13, 4), (10, 14), (16, 0), (1, 11), (2, 10), (0, 13), (11, 13), (12, 5), (3, 2), (14, 2), (4, 1), (12, 14), (3, 11), (4, 10), (8, 1), (17, 13), (1, 4), (0, 6), (2, 3), (16, 2), (1, 13), (2, 12), (6, 3), (6, 12), (3, 4), (14, 4), (4, 3), (4, 12), (17, 6), (8, 3), (10, 0), (8, 12), (9, 11), (1, 6), (2, 5), (0, 8), (16, 4), (2, 14), (6, 5), (12, 0), (6, 14), (7, 13), (18, 13), (14, 6), (4, 5), (4, 14), (8, 5), (10, 2), (9, 4), (0, 1), (11, 1), (8, 14), (10, 11), (9, 13), (0, 10), (2, 7), (15, 1), (13, 13), (18, 6), (12, 2), (12, 11), (4, 7), (17, 1), (10, 4), (1, 1), (0, 3), (2, 0), (11, 3), (10, 13), (0, 12), (2, 9), (11, 12), (13, 6), (15, 3), (6, 0), (18, 8)})
loc: (17, 1)
plcd: frozenset({(17, 1), (18, 2), (17, 2), (18, 1)})
nred: 2
reds: [(17, 2), (18, 1)]
gi after filling with objc and plcd: ((1, 1, 1, 1, 1, 1, 1, 1, 1, 1, 1, 1, 1, 1, 1, 1), (1, 1, 1, 1, 1, 1, 1, 1, 1, 1, 1, 1, 1, 1, 1, 1), (1, 1, 1, 1, 1, 1, 1, 1, 1, 1, 1, 1, 1, 1, 1, 1), (1, 1, 1, 1, 1, 1, 1, 1, 1, 1, 1, 1, 1, 1, 1, 1), (1, 1, 1, 1, 1, 1, 1, 1, 1, 1, 1, 1, 1, 1, 1, 1), (1, 1, 1, 1, 1, 1, 1, 1, 1, 1, 1, 1, 1, 1, 1, 1), (1, 1, 1, 1, 1, 1, 1, 1, 1, 1, 1, 1, 1, 1, 1, 1), (1, 1, 1, 1, 1, 1, 1, 1, 2, 2, 1, 1, 1, 1, 1, 1), (1, 1, 1, 1, 1, 1, 1, 1, 3, 2, 1, 1, 1, 1, 1, 1), (1, 1, 1, 1, 1, 1, 1, 1, 1, 1, 1, 1, 1, 1, 1, 1), (1, 1, 1, 1, 1, 1, 1, 1, 3, 3, 1, 1, 1, 1, 1, 1), (1, 1, 1, 1, 1, 1, 1, 1, 3, 2, 1, 1, 1, 1, 1, 1), (1, 1, 1, 1, 1, 1, 1, 1, 1, 1, 1, 1, 1, 1, 1, 1), (1, 1, 1, 1, 1, 1, 1, 1, 1, 1, 1, 1, 1, 1, 1, 1), (1, 1, 1, 1, 1, 1, 1, 1, 1, 1, 1, 1, 1, 1, 1, 1), (1, 1, 1, 1, 1, 1, 1, 1, 1, 1, 1, 1, 1, 1, 1, 1), (1, 1, 1, 1, 1, 1, 1, 1, 1, 1, 2, 2, 1, 1, 1, 1), (1, 3, 3, 1, 1, 1, 1, 1, 1, 1, 2, 3, 1, 1, 1, 1), (1, 3, 3, 1, 1, 1, 1, 1, 1, 1, 1, 1, 1, 1, 1, 1), (1, 1, 1, 1, 1, 1, 1, 1, 1, 1, 1, 1, 1, 1, 1, 1))
gi after filling with reds: ((1, 1, 1, 1, 1, 1, 1, 1, 1, 1, 1, 1, 1, 1, 1, 1), (1, 1, 1, 1, 1, 1, 1, 1, 1, 1, 1, 1, 1, 1, 1, 1), (1, 1, 1, 1, 1, 1, 1, 1, 1, 1, 1, 1, 1, 1, 1, 1), (1, 1, 1, 1, 1, 1, 1, 1, 1, 1, 1, 1, 1, 1, 1, 1), (1, 1, 1, 1, 1, 1, 1, 1, 1, 1, 1, 1, 1, 1, 1, 1), (1, 1, 1, 1, 1, 1, 1, 1, 1, 1, 1, 1, 1, 1, 1, 1), (1, 1, 1, 1, 1, 1, 1, 1, 1, 1, 1, 1, 1, 1, 1, 1), (1, 1, 1, 1, 1, 1, 1, 1, 2, 2, 1, 1, 1, 1, 1, 1), (1, 1, 1, 1, 1, 1, 1, 1, 3, 2, 1, 1, 1, 1, 1, 1), (1, 1, 1, 1, 1, 1, 1, 1, 1, 1, 1, 1, 1, 1, 1, 1), (1, 1, 1, 1, 1, 1, 1, 1, 3, 3, 1, 1, 1, 1, 1, 1), (1, 1, 1, 1, 1, 1, 1, 1, 3, 2, 1, 1, 1, 1, 1, 1), (1, 1, 1, 1, 1, 1, 1, 1, 1, 1, 1, 1, 1, 1, 1, 1), (1, 1, 1, 1, 1, 1, 1, 1, 1, 1, 1, 1, 1, 1, 1, 1), (1, 1, 1, 1, 1, 1, 1, 1, 1, 1, 1, 1, 1, 1, 1, 1), (1, 1, 1, 1, 1, 1, 1, 1, 1, 1, 1, 1, 1, 1, 1, 1), (1, 1, 1, 1, 1, 1, 1, 1, 1, 1, 2, 2, 1, 1, 1, 1), (1, 3, 2, 1, 1, 1, 1, 1, 1, 1, 2, 3, 1, 1, 1, 1), (1, 2, 3, 1, 1, 1, 1, 1, 1, 1, 1, 1, 1, 1, 1, 1), (1, 1, 1, 1, 1, 1, 1, 1, 1, 1, 1, 1, 1, 1, 1, 1))
direc: (-1, 1)
direc: (1, -1)
inds after updating: frozenset({(12, 4), (4, 0), (4, 9), (8, 0), (19, 0), (3, 13), (14, 13), (19, 9), (0, 5), (11, 5), (0, 14), (11, 14), (15, 5), (7, 1), (15, 14), (4, 2), (3, 6), (8, 2), (3, 15), (14, 15), (8, 11), (19, 11), (0, 7), (15, 7), (7, 3), (7, 12), (18, 12), (3, 8), (14, 8), (8, 4), (19, 4), (0, 0), (11, 0), (0, 9), (15, 0), (15, 9), (7, 5), (18, 5), (7, 14), (18, 14), (3, 1), (14, 1), (3, 10), (14, 10), (19, 6), (0, 2), (11, 2), (15, 2), (10, 15), (18, 7), (3, 3), (14, 3), (3, 12), (14, 12), (11, 4), (15, 4), (7, 0), (15, 13), (2, 13), (18, 9), (3, 5), (14, 5), (3, 14), (14, 14), (10, 1), (15, 6), (2, 6), (7, 2), (2, 15), (7, 11), (6, 15), (3, 7), (14, 7), (10, 3), (10, 12), (2, 8), (7, 4), (18, 4), (3, 0), (14, 0), (3, 9), (14, 9), (10, 5), (2, 1), (10, 14), (2, 10), (6, 10), (3, 2), (14, 2), (3, 11), (14, 11), (17, 13), (2, 3), (2, 12), (6, 3), (6, 12), (3, 4), (14, 4), (17, 6), (10, 0), (17, 15), (9, 11), (2, 5), (2, 14), (6, 5), (6, 14), (14, 6), (17, 8), (10, 2), (9, 4), (5, 15), (10, 11), (9, 13), (2, 7), (13, 13), (6, 7), (5, 8), (10, 4), (9, 6), (2, 0), (10, 13), (9, 15), (2, 9), (13, 6), (6, 0), (13, 15), (5, 1), (5, 10), (10, 6), (2, 2), (2, 11), (13, 8), (6, 2), (1, 15), (6, 11), (16, 13), (5, 3), (17, 5), (9, 1), (5, 12), (17, 14), (9, 10), (2, 4), (13, 1), (1, 8), (13, 10), (6, 4), (16, 6), (6, 13), (16, 15), (5, 5), (17, 7), (9, 3), (5, 14), (9, 12), (13, 3), (1, 10), (13, 12), (6, 6), (16, 8), (12, 13), (5, 7), (9, 5), (9, 14), (1, 3), (13, 5), (1, 12), (13, 14), (12, 6), (5, 0), (12, 15), (5, 9), (4, 11), (9, 7), (1, 5), (13, 7), (6, 1), (16, 3), (1, 14), (5, 2), (17, 4), (4, 4), (9, 0), (5, 11), (4, 13), (13, 0), (8, 13), (19, 13), (1, 7), (13, 9), (16, 5), (16, 14), (12, 1), (12, 10), (5, 4), (4, 6), (9, 2), (5, 13), (4, 15), (8, 6), (1, 0), (13, 2), (8, 15), (19, 15), (1, 9), (13, 11), (0, 11), (16, 7), (11, 11), (12, 3), (12, 12), (5, 6), (4, 8), (19, 8), (1, 2), (0, 4), (13, 4), (16, 0), (1, 11), (0, 13), (11, 13), (12, 5), (4, 1), (12, 14), (4, 10), (8, 1), (19, 10), (1, 4), (0, 6), (11, 6), (1, 13), (0, 15), (11, 15), (15, 15), (12, 7), (4, 3), (4, 12), (8, 3), (19, 3), (8, 12), (19, 12), (1, 6), (0, 8), (16, 4), (15, 8), (12, 0), (7, 13), (18, 13), (4, 5), (4, 14), (8, 5), (19, 5), (0, 1), (11, 1), (8, 14), (19, 14), (0, 10), (15, 1), (7, 6), (18, 6), (12, 2), (7, 15), (18, 15), (12, 11), (4, 7), (19, 7), (1, 1), (0, 3), (11, 3), (0, 12), (11, 12), (15, 3), (15, 12), (18, 8)})
cands: frozenset({(12, 4), (4, 0), (4, 9), (5, 1), (8, 0), (3, 13), (14, 13), (5, 10), (0, 5), (11, 5), (2, 2), (11, 14), (0, 14), (2, 11), (13, 8), (15, 5), (6, 2), (7, 1), (15, 14), (6, 11), (16, 13), (4, 2), (3, 6), (5, 3), (8, 2), (17, 5), (9, 1), (5, 12), (8, 11), (17, 14), (0, 7), (2, 4), (13, 1), (1, 8), (15, 7), (13, 10), (6, 4), (7, 3), (16, 6), (6, 13), (7, 12), (18, 12), (3, 8), (14, 8), (8, 4), (5, 5), (17, 7), (0, 0), (11, 0), (9, 3), (5, 14), (9, 12), (0, 9), (13, 3), (1, 10), (13, 12), (18, 5), (7, 5), (18, 14), (7, 14), (3, 1), (14, 1), (12, 13), (3, 10), (9, 5), (0, 2), (11, 2), (9, 14), (1, 3), (13, 5), (1, 12), (13, 14), (18, 7), (12, 6), (3, 3), (14, 3), (5, 0), (3, 12), (14, 12), (4, 11), (11, 4), (1, 5), (15, 4), (13, 7), (6, 1), (7, 0), (1, 14), (15, 13), (2, 13), (3, 5), (14, 5), (5, 2), (17, 4), (4, 4), (3, 14), (14, 14), (9, 0), (5, 11), (4, 13), (10, 1), (13, 0), (8, 13), (1, 7), (15, 6), (2, 6), (13, 9), (7, 2), (16, 5), (16, 14), (7, 11), (12, 1), (12, 10), (3, 7), (14, 7), (5, 4), (4, 6), (9, 2), (5, 13), (10, 3), (1, 0), (13, 2), (10, 12), (1, 9), (13, 11), (2, 8), (0, 11), (7, 4), (18, 4), (16, 7), (11, 11), (12, 3), (3, 0), (14, 0), (12, 12), (3, 9), (5, 6), (4, 8), (10, 5), (1, 2), (0, 4), (2, 1), (13, 4), (10, 14), (1, 11), (0, 13), (2, 10), (11, 13), (12, 5), (3, 2), (14, 2), (4, 1), (12, 14), (3, 11), (4, 10), (8, 1), (17, 13), (1, 4), (0, 6), (2, 3), (1, 13), (2, 12), (6, 3), (6, 12), (3, 4), (14, 4), (4, 3), (4, 12), (17, 6), (8, 3), (10, 0), (8, 12), (9, 11), (1, 6), (2, 5), (0, 8), (16, 4), (2, 14), (6, 5), (12, 0), (6, 14), (7, 13), (18, 13), (14, 6), (4, 5), (4, 14), (8, 5), (10, 2), (9, 4), (0, 1), (11, 1), (8, 14), (10, 11), (9, 13), (0, 10), (2, 7), (13, 13), (18, 6), (12, 2), (12, 11), (4, 7), (10, 4), (1, 1), (0, 3), (2, 0), (11, 3), (10, 13), (0, 12), (2, 9), (11, 12), (13, 6), (15, 3), (6, 0), (18, 8)})
loc: (1, 5)
plcd: frozenset({(1, 6), (2, 5), (2, 6), (1, 5)})
nred: 1
reds: [(1, 6)]
gi after filling with objc and plcd: ((1, 1, 1, 1, 1, 1, 1, 1, 1, 1, 1, 1, 1, 1, 1, 1), (1, 1, 1, 1, 1, 3, 3, 1, 1, 1, 1, 1, 1, 1, 1, 1), (1, 1, 1, 1, 1, 3, 3, 1, 1, 1, 1, 1, 1, 1, 1, 1), (1, 1, 1, 1, 1, 1, 1, 1, 1, 1, 1, 1, 1, 1, 1, 1), (1, 1, 1, 1, 1, 1, 1, 1, 1, 1, 1, 1, 1, 1, 1, 1), (1, 1, 1, 1, 1, 1, 1, 1, 1, 1, 1, 1, 1, 1, 1, 1), (1, 1, 1, 1, 1, 1, 1, 1, 1, 1, 1, 1, 1, 1, 1, 1), (1, 1, 1, 1, 1, 1, 1, 1, 2, 2, 1, 1, 1, 1, 1, 1), (1, 1, 1, 1, 1, 1, 1, 1, 3, 2, 1, 1, 1, 1, 1, 1), (1, 1, 1, 1, 1, 1, 1, 1, 1, 1, 1, 1, 1, 1, 1, 1), (1, 1, 1, 1, 1, 1, 1, 1, 3, 3, 1, 1, 1, 1, 1, 1), (1, 1, 1, 1, 1, 1, 1, 1, 3, 2, 1, 1, 1, 1, 1, 1), (1, 1, 1, 1, 1, 1, 1, 1, 1, 1, 1, 1, 1, 1, 1, 1), (1, 1, 1, 1, 1, 1, 1, 1, 1, 1, 1, 1, 1, 1, 1, 1), (1, 1, 1, 1, 1, 1, 1, 1, 1, 1, 1, 1, 1, 1, 1, 1), (1, 1, 1, 1, 1, 1, 1, 1, 1, 1, 1, 1, 1, 1, 1, 1), (1, 1, 1, 1, 1, 1, 1, 1, 1, 1, 2, 2, 1, 1, 1, 1), (1, 3, 2, 1, 1, 1, 1, 1, 1, 1, 2, 3, 1, 1, 1, 1), (1, 2, 3, 1, 1, 1, 1, 1, 1, 1, 1, 1, 1, 1, 1, 1), (1, 1, 1, 1, 1, 1, 1, 1, 1, 1, 1, 1, 1, 1, 1, 1))
gi after filling with reds: ((1, 1, 1, 1, 1, 1, 1, 1, 1, 1, 1, 1, 1, 1, 1, 1), (1, 1, 1, 1, 1, 3, 2, 1, 1, 1, 1, 1, 1, 1, 1, 1), (1, 1, 1, 1, 1, 3, 3, 1, 1, 1, 1, 1, 1, 1, 1, 1), (1, 1, 1, 1, 1, 1, 1, 1, 1, 1, 1, 1, 1, 1, 1, 1), (1, 1, 1, 1, 1, 1, 1, 1, 1, 1, 1, 1, 1, 1, 1, 1), (1, 1, 1, 1, 1, 1, 1, 1, 1, 1, 1, 1, 1, 1, 1, 1), (1, 1, 1, 1, 1, 1, 1, 1, 1, 1, 1, 1, 1, 1, 1, 1), (1, 1, 1, 1, 1, 1, 1, 1, 2, 2, 1, 1, 1, 1, 1, 1), (1, 1, 1, 1, 1, 1, 1, 1, 3, 2, 1, 1, 1, 1, 1, 1), (1, 1, 1, 1, 1, 1, 1, 1, 1, 1, 1, 1, 1, 1, 1, 1), (1, 1, 1, 1, 1, 1, 1, 1, 3, 3, 1, 1, 1, 1, 1, 1), (1, 1, 1, 1, 1, 1, 1, 1, 3, 2, 1, 1, 1, 1, 1, 1), (1, 1, 1, 1, 1, 1, 1, 1, 1, 1, 1, 1, 1, 1, 1, 1), (1, 1, 1, 1, 1, 1, 1, 1, 1, 1, 1, 1, 1, 1, 1, 1), (1, 1, 1, 1, 1, 1, 1, 1, 1, 1, 1, 1, 1, 1, 1, 1), (1, 1, 1, 1, 1, 1, 1, 1, 1, 1, 1, 1, 1, 1, 1, 1), (1, 1, 1, 1, 1, 1, 1, 1, 1, 1, 2, 2, 1, 1, 1, 1), (1, 3, 2, 1, 1, 1, 1, 1, 1, 1, 2, 3, 1, 1, 1, 1), (1, 2, 3, 1, 1, 1, 1, 1, 1, 1, 1, 1, 1, 1, 1, 1), (1, 1, 1, 1, 1, 1, 1, 1, 1, 1, 1, 1, 1, 1, 1, 1))
direc: (-1, 1)
inds after updating: frozenset({(12, 4), (4, 0), (4, 9), (8, 0), (19, 0), (3, 13), (14, 13), (19, 9), (11, 5), (0, 14), (11, 14), (15, 5), (7, 1), (15, 14), (4, 2), (8, 2), (3, 15), (14, 15), (8, 11), (19, 11), (0, 7), (15, 7), (7, 3), (7, 12), (18, 12), (3, 8), (14, 8), (8, 4), (19, 4), (0, 0), (11, 0), (0, 9), (15, 0), (15, 9), (7, 5), (18, 5), (7, 14), (18, 14), (3, 1), (14, 1), (3, 10), (14, 10), (19, 6), (0, 2), (11, 2), (15, 2), (10, 15), (18, 7), (3, 3), (14, 3), (3, 12), (14, 12), (11, 4), (15, 4), (7, 0), (15, 13), (2, 13), (18, 9), (14, 5), (3, 14), (14, 14), (10, 1), (15, 6), (7, 2), (2, 15), (7, 11), (6, 15), (3, 7), (14, 7), (10, 3), (10, 12), (2, 8), (7, 4), (18, 4), (3, 0), (14, 0), (3, 9), (14, 9), (10, 5), (2, 1), (10, 14), (2, 10), (6, 10), (3, 2), (14, 2), (3, 11), (14, 11), (17, 13), (2, 3), (2, 12), (6, 3), (6, 12), (3, 4), (14, 4), (17, 6), (10, 0), (17, 15), (9, 11), (2, 14), (6, 5), (6, 14), (14, 6), (17, 8), (10, 2), (9, 4), (5, 15), (10, 11), (9, 13), (13, 13), (6, 7), (5, 8), (10, 4), (9, 6), (2, 0), (10, 13), (9, 15), (2, 9), (13, 6), (6, 0), (13, 15), (5, 1), (5, 10), (10, 6), (2, 2), (2, 11), (13, 8), (6, 2), (1, 15), (6, 11), (16, 13), (5, 3), (17, 5), (9, 1), (5, 12), (17, 14), (9, 10), (13, 1), (1, 8), (13, 10), (6, 4), (16, 6), (6, 13), (16, 15), (5, 5), (17, 7), (9, 3), (5, 14), (9, 12), (13, 3), (1, 10), (13, 12), (6, 6), (16, 8), (12, 13), (5, 7), (9, 5), (9, 14), (1, 3), (13, 5), (1, 12), (13, 14), (12, 6), (5, 0), (12, 15), (5, 9), (4, 11), (9, 7), (13, 7), (6, 1), (16, 3), (1, 14), (5, 2), (17, 4), (4, 4), (9, 0), (5, 11), (4, 13), (13, 0), (8, 13), (19, 13), (13, 9), (16, 5), (16, 14), (12, 1), (12, 10), (5, 4), (4, 6), (9, 2), (5, 13), (4, 15), (8, 6), (1, 0), (13, 2), (8, 15), (19, 15), (1, 9), (13, 11), (0, 11), (16, 7), (11, 11), (12, 3), (12, 12), (5, 6), (4, 8), (19, 8), (1, 2), (0, 4), (13, 4), (16, 0), (1, 11), (0, 13), (11, 13), (12, 5), (4, 1), (12, 14), (4, 10), (8, 1), (19, 10), (11, 6), (1, 13), (0, 15), (11, 15), (15, 15), (12, 7), (4, 3), (4, 12), (8, 3), (19, 3), (8, 12), (19, 12), (0, 8), (16, 4), (15, 8), (12, 0), (7, 13), (18, 13), (4, 5), (4, 14), (8, 5), (19, 5), (0, 1), (11, 1), (8, 14), (19, 14), (0, 10), (15, 1), (7, 6), (18, 6), (12, 2), (7, 15), (18, 15), (12, 11), (4, 7), (19, 7), (1, 1), (0, 3), (11, 3), (0, 12), (11, 12), (15, 3), (15, 12), (18, 8)})
cands: frozenset({(12, 4), (4, 0), (4, 9), (5, 1), (8, 0), (3, 13), (14, 13), (5, 10), (11, 5), (2, 2), (11, 14), (0, 14), (2, 11), (13, 8), (15, 5), (6, 2), (7, 1), (15, 14), (6, 11), (16, 13), (4, 2), (5, 3), (8, 2), (17, 5), (9, 1), (5, 12), (8, 11), (17, 14), (13, 1), (1, 8), (15, 7), (13, 10), (6, 4), (7, 3), (16, 6), (6, 13), (7, 12), (18, 12), (3, 8), (14, 8), (8, 4), (5, 5), (17, 7), (0, 0), (11, 0), (9, 3), (5, 14), (9, 12), (0, 9), (13, 3), (1, 10), (13, 12), (18, 5), (7, 5), (18, 14), (7, 14), (3, 1), (14, 1), (12, 13), (3, 10), (9, 5), (0, 2), (11, 2), (9, 14), (13, 5), (1, 12), (13, 14), (18, 7), (12, 6), (3, 3), (14, 3), (5, 0), (3, 12), (14, 12), (4, 11), (11, 4), (13, 7), (15, 4), (6, 1), (7, 0), (1, 14), (15, 13), (2, 13), (14, 5), (5, 2), (17, 4), (4, 4), (9, 0), (3, 14), (14, 14), (5, 11), (4, 13), (10, 1), (13, 0), (8, 13), (13, 9), (15, 6), (16, 5), (7, 2), (16, 14), (7, 11), (12, 1), (12, 10), (3, 7), (14, 7), (5, 4), (4, 6), (9, 2), (5, 13), (10, 3), (1, 0), (13, 2), (10, 12), (1, 9), (13, 11), (2, 8), (0, 11), (7, 4), (18, 4), (16, 7), (11, 11), (12, 3), (3, 0), (14, 0), (12, 12), (3, 9), (5, 6), (4, 8), (10, 5), (1, 2), (13, 4), (2, 1), (10, 14), (1, 11), (0, 13), (2, 10), (11, 13), (12, 5), (3, 2), (14, 2), (4, 1), (12, 14), (3, 11), (4, 10), (8, 1), (17, 13), (1, 13), (2, 12), (6, 3), (6, 12), (14, 4), (4, 3), (4, 12), (17, 6), (8, 3), (10, 0), (8, 12), (9, 11), (0, 8), (16, 4), (2, 14), (6, 5), (12, 0), (6, 14), (7, 13), (18, 13), (14, 6), (4, 5), (4, 14), (8, 5), (10, 2), (9, 4), (0, 1), (11, 1), (8, 14), (10, 11), (9, 13), (0, 10), (13, 13), (18, 6), (12, 2), (12, 11), (4, 7), (10, 4), (1, 1), (11, 3), (2, 0), (10, 13), (0, 12), (2, 9), (11, 12), (13, 6), (15, 3), (6, 0), (18, 8)})
loc: (1, 13)
plcd: frozenset({(2, 14), (1, 13), (1, 14), (2, 13)})
nred: 2
reds: [(2, 13), (1, 13)]
gi after filling with objc and plcd: ((1, 1, 1, 1, 1, 1, 1, 1, 1, 1, 1, 1, 1, 1, 1, 1), (1, 1, 1, 1, 1, 3, 2, 1, 1, 1, 1, 1, 1, 3, 3, 1), (1, 1, 1, 1, 1, 3, 3, 1, 1, 1, 1, 1, 1, 3, 3, 1), (1, 1, 1, 1, 1, 1, 1, 1, 1, 1, 1, 1, 1, 1, 1, 1), (1, 1, 1, 1, 1, 1, 1, 1, 1, 1, 1, 1, 1, 1, 1, 1), (1, 1, 1, 1, 1, 1, 1, 1, 1, 1, 1, 1, 1, 1, 1, 1), (1, 1, 1, 1, 1, 1, 1, 1, 1, 1, 1, 1, 1, 1, 1, 1), (1, 1, 1, 1, 1, 1, 1, 1, 2, 2, 1, 1, 1, 1, 1, 1), (1, 1, 1, 1, 1, 1, 1, 1, 3, 2, 1, 1, 1, 1, 1, 1), (1, 1, 1, 1, 1, 1, 1, 1, 1, 1, 1, 1, 1, 1, 1, 1), (1, 1, 1, 1, 1, 1, 1, 1, 3, 3, 1, 1, 1, 1, 1, 1), (1, 1, 1, 1, 1, 1, 1, 1, 3, 2, 1, 1, 1, 1, 1, 1), (1, 1, 1, 1, 1, 1, 1, 1, 1, 1, 1, 1, 1, 1, 1, 1), (1, 1, 1, 1, 1, 1, 1, 1, 1, 1, 1, 1, 1, 1, 1, 1), (1, 1, 1, 1, 1, 1, 1, 1, 1, 1, 1, 1, 1, 1, 1, 1), (1, 1, 1, 1, 1, 1, 1, 1, 1, 1, 1, 1, 1, 1, 1, 1), (1, 1, 1, 1, 1, 1, 1, 1, 1, 1, 2, 2, 1, 1, 1, 1), (1, 3, 2, 1, 1, 1, 1, 1, 1, 1, 2, 3, 1, 1, 1, 1), (1, 2, 3, 1, 1, 1, 1, 1, 1, 1, 1, 1, 1, 1, 1, 1), (1, 1, 1, 1, 1, 1, 1, 1, 1, 1, 1, 1, 1, 1, 1, 1))
gi after filling with reds: ((1, 1, 1, 1, 1, 1, 1, 1, 1, 1, 1, 1, 1, 1, 1, 1), (1, 1, 1, 1, 1, 3, 2, 1, 1, 1, 1, 1, 1, 2, 3, 1), (1, 1, 1, 1, 1, 3, 3, 1, 1, 1, 1, 1, 1, 2, 3, 1), (1, 1, 1, 1, 1, 1, 1, 1, 1, 1, 1, 1, 1, 1, 1, 1), (1, 1, 1, 1, 1, 1, 1, 1, 1, 1, 1, 1, 1, 1, 1, 1), (1, 1, 1, 1, 1, 1, 1, 1, 1, 1, 1, 1, 1, 1, 1, 1), (1, 1, 1, 1, 1, 1, 1, 1, 1, 1, 1, 1, 1, 1, 1, 1), (1, 1, 1, 1, 1, 1, 1, 1, 2, 2, 1, 1, 1, 1, 1, 1), (1, 1, 1, 1, 1, 1, 1, 1, 3, 2, 1, 1, 1, 1, 1, 1), (1, 1, 1, 1, 1, 1, 1, 1, 1, 1, 1, 1, 1, 1, 1, 1), (1, 1, 1, 1, 1, 1, 1, 1, 3, 3, 1, 1, 1, 1, 1, 1), (1, 1, 1, 1, 1, 1, 1, 1, 3, 2, 1, 1, 1, 1, 1, 1), (1, 1, 1, 1, 1, 1, 1, 1, 1, 1, 1, 1, 1, 1, 1, 1), (1, 1, 1, 1, 1, 1, 1, 1, 1, 1, 1, 1, 1, 1, 1, 1), (1, 1, 1, 1, 1, 1, 1, 1, 1, 1, 1, 1, 1, 1, 1, 1), (1, 1, 1, 1, 1, 1, 1, 1, 1, 1, 1, 1, 1, 1, 1, 1), (1, 1, 1, 1, 1, 1, 1, 1, 1, 1, 2, 2, 1, 1, 1, 1), (1, 3, 2, 1, 1, 1, 1, 1, 1, 1, 2, 3, 1, 1, 1, 1), (1, 2, 3, 1, 1, 1, 1, 1, 1, 1, 1, 1, 1, 1, 1, 1), (1, 1, 1, 1, 1, 1, 1, 1, 1, 1, 1, 1, 1, 1, 1, 1))
direc: (1, -1)
direc: (-1, -1)
inds after updating: frozenset({(12, 4), (4, 0), (4, 9), (8, 0), (19, 0), (14, 13), (19, 9), (11, 5), (11, 14), (15, 5), (7, 1), (15, 14), (4, 2), (8, 2), (3, 15), (14, 15), (8, 11), (19, 11), (0, 7), (15, 7), (7, 3), (7, 12), (18, 12), (3, 8), (14, 8), (8, 4), (19, 4), (0, 0), (11, 0), (0, 9), (15, 0), (15, 9), (7, 5), (18, 5), (7, 14), (18, 14), (3, 1), (14, 1), (3, 10), (14, 10), (19, 6), (0, 2), (11, 2), (15, 2), (10, 15), (18, 7), (3, 3), (14, 3), (3, 12), (14, 12), (11, 4), (15, 4), (7, 0), (15, 13), (18, 9), (14, 5), (14, 14), (10, 1), (15, 6), (7, 2), (7, 11), (6, 15), (3, 7), (14, 7), (10, 3), (10, 12), (2, 8), (7, 4), (18, 4), (3, 0), (14, 0), (3, 9), (14, 9), (10, 5), (2, 1), (10, 14), (2, 10), (6, 10), (3, 2), (14, 2), (3, 11), (14, 11), (17, 13), (2, 3), (6, 3), (6, 12), (3, 4), (14, 4), (17, 6), (10, 0), (17, 15), (9, 11), (6, 5), (6, 14), (14, 6), (17, 8), (10, 2), (9, 4), (5, 15), (10, 11), (9, 13), (13, 13), (6, 7), (5, 8), (10, 4), (9, 6), (2, 0), (10, 13), (9, 15), (2, 9), (13, 6), (6, 0), (13, 15), (5, 1), (5, 10), (10, 6), (2, 2), (2, 11), (13, 8), (6, 2), (6, 11), (16, 13), (5, 3), (17, 5), (9, 1), (5, 12), (17, 14), (9, 10), (13, 1), (1, 8), (13, 10), (6, 4), (16, 6), (6, 13), (16, 15), (5, 5), (17, 7), (9, 3), (5, 14), (9, 12), (13, 3), (1, 10), (13, 12), (6, 6), (16, 8), (12, 13), (5, 7), (9, 5), (9, 14), (1, 3), (13, 5), (13, 14), (12, 6), (5, 0), (12, 15), (5, 9), (4, 11), (9, 7), (13, 7), (6, 1), (16, 3), (5, 2), (17, 4), (4, 4), (9, 0), (5, 11), (4, 13), (13, 0), (8, 13), (19, 13), (13, 9), (16, 5), (16, 14), (12, 1), (12, 10), (5, 4), (4, 6), (9, 2), (5, 13), (4, 15), (8, 6), (1, 0), (13, 2), (8, 15), (19, 15), (1, 9), (13, 11), (0, 11), (16, 7), (11, 11), (12, 3), (12, 12), (5, 6), (4, 8), (19, 8), (1, 2), (0, 4), (13, 4), (16, 0), (1, 11), (11, 13), (12, 5), (4, 1), (12, 14), (4, 10), (8, 1), (19, 10), (11, 6), (0, 15), (11, 15), (15, 15), (12, 7), (4, 3), (4, 12), (8, 3), (19, 3), (8, 12), (19, 12), (0, 8), (16, 4), (15, 8), (12, 0), (7, 13), (18, 13), (4, 5), (4, 14), (8, 5), (19, 5), (0, 1), (11, 1), (8, 14), (19, 14), (0, 10), (15, 1), (7, 6), (18, 6), (12, 2), (7, 15), (18, 15), (12, 11), (4, 7), (19, 7), (1, 1), (0, 3), (11, 3), (0, 12), (11, 12), (15, 3), (15, 12), (18, 8)})
cands: frozenset({(12, 4), (4, 0), (4, 9), (5, 1), (8, 0), (14, 13), (5, 10), (11, 5), (2, 2), (11, 14), (13, 8), (15, 5), (6, 2), (7, 1), (15, 14), (6, 11), (16, 13), (4, 2), (5, 3), (8, 2), (17, 5), (9, 1), (5, 12), (8, 11), (17, 14), (13, 1), (1, 8), (15, 7), (13, 10), (6, 4), (7, 3), (16, 6), (6, 13), (7, 12), (18, 12), (3, 8), (14, 8), (8, 4), (5, 5), (17, 7), (0, 0), (11, 0), (9, 3), (5, 14), (9, 12), (0, 9), (13, 3), (1, 10), (13, 12), (18, 5), (7, 5), (18, 14), (7, 14), (3, 1), (14, 1), (12, 13), (3, 10), (9, 5), (0, 2), (11, 2), (9, 14), (13, 5), (13, 14), (18, 7), (12, 6), (3, 3), (14, 3), (5, 0), (14, 12), (4, 11), (11, 4), (13, 7), (15, 4), (6, 1), (7, 0), (15, 13), (14, 5), (5, 2), (17, 4), (4, 4), (9, 0), (14, 14), (5, 11), (4, 13), (10, 1), (13, 0), (8, 13), (13, 9), (15, 6), (16, 5), (7, 2), (16, 14), (7, 11), (12, 1), (12, 10), (3, 7), (14, 7), (5, 4), (4, 6), (9, 2), (5, 13), (10, 3), (1, 0), (13, 2), (10, 12), (1, 9), (13, 11), (2, 8), (16, 7), (7, 4), (18, 4), (11, 11), (12, 3), (3, 0), (14, 0), (12, 12), (3, 9), (5, 6), (4, 8), (10, 5), (1, 2), (13, 4), (2, 1), (10, 14), (11, 13), (2, 10), (12, 5), (3, 2), (14, 2), (4, 1), (12, 14), (3, 11), (4, 10), (8, 1), (17, 13), (6, 3), (6, 12), (14, 4), (4, 3), (4, 12), (17, 6), (8, 3), (10, 0), (8, 12), (9, 11), (0, 8), (16, 4), (6, 5), (12, 0), (6, 14), (7, 13), (18, 13), (14, 6), (4, 5), (4, 14), (8, 5), (10, 2), (9, 4), (0, 1), (11, 1), (8, 14), (10, 11), (9, 13), (0, 10), (13, 13), (18, 6), (12, 2), (12, 11), (4, 7), (10, 4), (1, 1), (11, 3), (2, 0), (10, 13), (11, 12), (2, 9), (13, 6), (15, 3), (6, 0), (18, 8)})
loc: (18, 14)
plcd: frozenset({(18, 15), (19, 14), (19, 15), (18, 14)})
nred: 2
reds: [(19, 14), (18, 15)]
gi after filling with objc and plcd: ((1, 1, 1, 1, 1, 1, 1, 1, 1, 1, 1, 1, 1, 1, 1, 1), (1, 1, 1, 1, 1, 3, 2, 1, 1, 1, 1, 1, 1, 2, 3, 1), (1, 1, 1, 1, 1, 3, 3, 1, 1, 1, 1, 1, 1, 2, 3, 1), (1, 1, 1, 1, 1, 1, 1, 1, 1, 1, 1, 1, 1, 1, 1, 1), (1, 1, 1, 1, 1, 1, 1, 1, 1, 1, 1, 1, 1, 1, 1, 1), (1, 1, 1, 1, 1, 1, 1, 1, 1, 1, 1, 1, 1, 1, 1, 1), (1, 1, 1, 1, 1, 1, 1, 1, 1, 1, 1, 1, 1, 1, 1, 1), (1, 1, 1, 1, 1, 1, 1, 1, 2, 2, 1, 1, 1, 1, 1, 1), (1, 1, 1, 1, 1, 1, 1, 1, 3, 2, 1, 1, 1, 1, 1, 1), (1, 1, 1, 1, 1, 1, 1, 1, 1, 1, 1, 1, 1, 1, 1, 1), (1, 1, 1, 1, 1, 1, 1, 1, 3, 3, 1, 1, 1, 1, 1, 1), (1, 1, 1, 1, 1, 1, 1, 1, 3, 2, 1, 1, 1, 1, 1, 1), (1, 1, 1, 1, 1, 1, 1, 1, 1, 1, 1, 1, 1, 1, 1, 1), (1, 1, 1, 1, 1, 1, 1, 1, 1, 1, 1, 1, 1, 1, 1, 1), (1, 1, 1, 1, 1, 1, 1, 1, 1, 1, 1, 1, 1, 1, 1, 1), (1, 1, 1, 1, 1, 1, 1, 1, 1, 1, 1, 1, 1, 1, 1, 1), (1, 1, 1, 1, 1, 1, 1, 1, 1, 1, 2, 2, 1, 1, 1, 1), (1, 3, 2, 1, 1, 1, 1, 1, 1, 1, 2, 3, 1, 1, 1, 1), (1, 2, 3, 1, 1, 1, 1, 1, 1, 1, 1, 1, 1, 1, 3, 3), (1, 1, 1, 1, 1, 1, 1, 1, 1, 1, 1, 1, 1, 1, 3, 3))
gi after filling with reds: ((1, 1, 1, 1, 1, 1, 1, 1, 1, 1, 1, 1, 1, 1, 1, 1), (1, 1, 1, 1, 1, 3, 2, 1, 1, 1, 1, 1, 1, 2, 3, 1), (1, 1, 1, 1, 1, 3, 3, 1, 1, 1, 1, 1, 1, 2, 3, 1), (1, 1, 1, 1, 1, 1, 1, 1, 1, 1, 1, 1, 1, 1, 1, 1), (1, 1, 1, 1, 1, 1, 1, 1, 1, 1, 1, 1, 1, 1, 1, 1), (1, 1, 1, 1, 1, 1, 1, 1, 1, 1, 1, 1, 1, 1, 1, 1), (1, 1, 1, 1, 1, 1, 1, 1, 1, 1, 1, 1, 1, 1, 1, 1), (1, 1, 1, 1, 1, 1, 1, 1, 2, 2, 1, 1, 1, 1, 1, 1), (1, 1, 1, 1, 1, 1, 1, 1, 3, 2, 1, 1, 1, 1, 1, 1), (1, 1, 1, 1, 1, 1, 1, 1, 1, 1, 1, 1, 1, 1, 1, 1), (1, 1, 1, 1, 1, 1, 1, 1, 3, 3, 1, 1, 1, 1, 1, 1), (1, 1, 1, 1, 1, 1, 1, 1, 3, 2, 1, 1, 1, 1, 1, 1), (1, 1, 1, 1, 1, 1, 1, 1, 1, 1, 1, 1, 1, 1, 1, 1), (1, 1, 1, 1, 1, 1, 1, 1, 1, 1, 1, 1, 1, 1, 1, 1), (1, 1, 1, 1, 1, 1, 1, 1, 1, 1, 1, 1, 1, 1, 1, 1), (1, 1, 1, 1, 1, 1, 1, 1, 1, 1, 1, 1, 1, 1, 1, 1), (1, 1, 1, 1, 1, 1, 1, 1, 1, 1, 2, 2, 1, 1, 1, 1), (1, 3, 2, 1, 1, 1, 1, 1, 1, 1, 2, 3, 1, 1, 1, 1), (1, 2, 3, 1, 1, 1, 1, 1, 1, 1, 1, 1, 1, 1, 3, 2), (1, 1, 1, 1, 1, 1, 1, 1, 1, 1, 1, 1, 1, 1, 2, 3))
direc: (1, -1)
direc: (-1, 1)
inds after updating: frozenset({(12, 4), (4, 0), (4, 9), (5, 1), (8, 0), (19, 0), (14, 13), (5, 10), (19, 9), (10, 6), (11, 5), (2, 2), (11, 14), (2, 11), (13, 8), (15, 5), (6, 2), (7, 1), (15, 14), (6, 11), (16, 13), (4, 2), (5, 3), (8, 2), (17, 5), (9, 1), (3, 15), (14, 15), (8, 11), (19, 11), (5, 12), (0, 7), (9, 10), (13, 1), (1, 8), (15, 7), (13, 10), (6, 4), (7, 3), (16, 6), (6, 13), (16, 15), (7, 12), (18, 12), (3, 8), (14, 8), (8, 4), (19, 4), (5, 5), (0, 0), (11, 0), (17, 7), (9, 3), (5, 14), (0, 9), (9, 12), (13, 3), (15, 0), (1, 10), (15, 9), (13, 12), (6, 6), (7, 5), (18, 5), (16, 8), (7, 14), (3, 1), (14, 1), (12, 13), (3, 10), (14, 10), (19, 6), (5, 7), (9, 5), (0, 2), (11, 2), (9, 14), (1, 3), (15, 2), (13, 5), (10, 15), (13, 14), (18, 7), (12, 6), (3, 3), (14, 3), (5, 0), (12, 15), (3, 12), (14, 12), (5, 9), (4, 11), (9, 7), (11, 4), (13, 7), (15, 4), (6, 1), (16, 3), (7, 0), (15, 13), (18, 9), (14, 5), (5, 2), (17, 4), (4, 4), (9, 0), (14, 14), (5, 11), (4, 13), (10, 1), (13, 0), (8, 13), (13, 9), (15, 6), (16, 5), (7, 2), (16, 14), (7, 11), (12, 1), (6, 15), (12, 10), (3, 7), (14, 7), (5, 4), (4, 6), (9, 2), (5, 13), (4, 15), (8, 6), (10, 3), (1, 0), (13, 2), (8, 15), (10, 12), (1, 9), (13, 11), (2, 8), (0, 11), (7, 4), (18, 4), (16, 7), (11, 11), (12, 3), (3, 0), (14, 0), (12, 12), (3, 9), (14, 9), (5, 6), (4, 8), (19, 8), (10, 5), (1, 2), (0, 4), (2, 1), (13, 4), (10, 14), (16, 0), (1, 11), (2, 10), (11, 13), (6, 10), (12, 5), (3, 2), (14, 2), (4, 1), (12, 14), (3, 11), (14, 11), (4, 10), (8, 1), (17, 13), (19, 10), (11, 6), (2, 3), (0, 15), (11, 15), (6, 3), (15, 15), (6, 12), (12, 7), (3, 4), (14, 4), (4, 3), (4, 12), (17, 6), (8, 3), (10, 0), (19, 3), (8, 12), (19, 12), (9, 11), (0, 8), (16, 4), (15, 8), (6, 5), (12, 0), (6, 14), (7, 13), (14, 6), (4, 5), (4, 14), (17, 8), (8, 5), (10, 2), (9, 4), (19, 5), (5, 15), (0, 1), (10, 11), (9, 13), (11, 1), (8, 14), (0, 10), (15, 1), (13, 13), (6, 7), (7, 6), (18, 6), (12, 2), (7, 15), (12, 11), (4, 7), (5, 8), (19, 7), (10, 4), (9, 6), (1, 1), (2, 0), (0, 3), (10, 13), (9, 15), (11, 3), (2, 9), (0, 12), (11, 12), (13, 6), (15, 3), (6, 0), (13, 15), (15, 12), (18, 8)})
