Modified Function Code:
from re_arc.dsl import *
def generate_1f85a75f() -> dict:
    diff_lb = 0
    diff_ub = 1
    print(f"diff_lb: {diff_lb}, diff_ub: {diff_ub}")

    cols = interval(0, 10, 1)
    print(f"cols: {cols}")

    h = unifint(diff_lb, diff_ub, (10, 30))
    print(f"h: {h}")

    w = unifint(diff_lb, diff_ub, (10, 30))
    print(f"w: {w}")

    oh = randint(3, min(8, h // 2))
    print(f"oh: {oh}")

    ow = randint(3, min(8, w // 2))
    print(f"ow: {ow}")

    bounds = asindices(canvas(-1, (oh, ow)))
    print(f"bounds: {bounds}")

    ncells = randint(max(oh, ow), oh * ow)
    print(f"ncells: {ncells}")

    sp = choice(totuple(bounds))
    print(f"sp: {sp}")

    obj = {sp}
    print(f"obj: {obj}")

    cands = remove(sp, bounds)
    print(f"cands: {cands}")

    for k in range(ncells - 1):
        obj.add(choice(totuple((bounds - obj) & mapply(dneighbors, obj))))
        print(f"obj after iteration {k}: {obj}")

    obj = normalize(obj)
    print(f"normalized obj: {obj}")

    oh, ow = shape(obj)
    print(f"oh, ow after shape: {oh}, {ow}")

    loci = randint(0, h - oh)
    print(f"loci: {loci}")

    locj = randint(0, w - ow)
    print(f"locj: {locj}")

    bgc, objc = sample(cols, 2)
    print(f"bgc, objc: {bgc}, {objc}")

    remcols = remove(bgc, remove(objc, cols))
    print(f"remcols: {remcols}")

    numc = unifint(diff_lb, diff_ub, (1, 8))
    print(f"numc: {numc}")

    ccols = sample(remcols, numc)
    print(f"ccols: {ccols}")

    nnoise = unifint(diff_lb, diff_ub, (0, max(0, ((h * w) - len(backdrop(obj))) // 4)))
    print(f"nnoise: {nnoise}")

    gi = canvas(bgc, (h, w))
    print(f"gi: {gi}")

    obj = shift(obj, (loci, locj))
    print(f"obj after shift: {obj}")

    gi = fill(gi, objc, obj)
    print(f"gi after fill: {gi}")

    inds = asindices(gi)
    print(f"inds: {inds}")

    noisecells = sample(totuple(inds - backdrop(obj)), nnoise)
    print(f"noisecells: {noisecells}")

    noiseobj = frozenset({(choice(ccols), ij) for ij in noisecells})
    print(f"noiseobj: {noiseobj}")

    gi = paint(gi, noiseobj)
    print(f"gi after paint: {gi}")

    return {'input': gi}

Printed Outputs:
diff_lb: 0, diff_ub: 1
cols: (0, 1, 2, 3, 4, 5, 6, 7, 8, 9)
h: 19
w: 13
oh: 8
ow: 3
bounds: frozenset({(4, 0), (3, 1), (5, 1), (0, 2), (2, 2), (1, 0), (6, 2), (7, 1), (4, 2), (3, 0), (5, 0), (0, 1), (1, 2), (2, 1), (6, 1), (7, 0), (3, 2), (4, 1), (5, 2), (0, 0), (1, 1), (2, 0), (7, 2), (6, 0)})
ncells: 8
sp: (2, 0)
obj: {(2, 0)}
cands: frozenset({(4, 0), (3, 1), (5, 1), (0, 2), (2, 2), (1, 0), (6, 2), (7, 1), (4, 2), (3, 0), (5, 0), (0, 1), (1, 2), (2, 1), (6, 1), (7, 0), (3, 2), (4, 1), (5, 2), (0, 0), (1, 1), (7, 2), (6, 0)})
obj after iteration 0: {(2, 0), (2, 1)}
obj after iteration 1: {(1, 0), (2, 0), (2, 1)}
obj after iteration 2: {(1, 0), (3, 1), (2, 0), (2, 1)}
obj after iteration 3: {(2, 1), (3, 1), (1, 1), (2, 0), (1, 0)}
obj after iteration 4: {(2, 1), (3, 1), (1, 1), (2, 0), (2, 2), (1, 0)}
obj after iteration 5: {(2, 1), (3, 1), (1, 1), (2, 0), (3, 0), (2, 2), (1, 0)}
obj after iteration 6: {(2, 1), (0, 0), (3, 1), (1, 1), (2, 0), (3, 0), (2, 2), (1, 0)}
normalized obj: frozenset({(2, 1), (0, 0), (3, 1), (1, 1), (2, 0), (3, 0), (2, 2), (1, 0)})
oh, ow after shape: 4, 3
loci: 11
locj: 3
bgc, objc: 7, 6
remcols: (0, 1, 2, 3, 4, 5, 8, 9)
numc: 6
ccols: [5, 1, 8, 2, 9, 0]
nnoise: 30
gi: ((7, 7, 7, 7, 7, 7, 7, 7, 7, 7, 7, 7, 7), (7, 7, 7, 7, 7, 7, 7, 7, 7, 7, 7, 7, 7), (7, 7, 7, 7, 7, 7, 7, 7, 7, 7, 7, 7, 7), (7, 7, 7, 7, 7, 7, 7, 7, 7, 7, 7, 7, 7), (7, 7, 7, 7, 7, 7, 7, 7, 7, 7, 7, 7, 7), (7, 7, 7, 7, 7, 7, 7, 7, 7, 7, 7, 7, 7), (7, 7, 7, 7, 7, 7, 7, 7, 7, 7, 7, 7, 7), (7, 7, 7, 7, 7, 7, 7, 7, 7, 7, 7, 7, 7), (7, 7, 7, 7, 7, 7, 7, 7, 7, 7, 7, 7, 7), (7, 7, 7, 7, 7, 7, 7, 7, 7, 7, 7, 7, 7), (7, 7, 7, 7, 7, 7, 7, 7, 7, 7, 7, 7, 7), (7, 7, 7, 7, 7, 7, 7, 7, 7, 7, 7, 7, 7), (7, 7, 7, 7, 7, 7, 7, 7, 7, 7, 7, 7, 7), (7, 7, 7, 7, 7, 7, 7, 7, 7, 7, 7, 7, 7), (7, 7, 7, 7, 7, 7, 7, 7, 7, 7, 7, 7, 7), (7, 7, 7, 7, 7, 7, 7, 7, 7, 7, 7, 7, 7), (7, 7, 7, 7, 7, 7, 7, 7, 7, 7, 7, 7, 7), (7, 7, 7, 7, 7, 7, 7, 7, 7, 7, 7, 7, 7), (7, 7, 7, 7, 7, 7, 7, 7, 7, 7, 7, 7, 7))
obj after shift: frozenset({(12, 4), (13, 4), (14, 4), (11, 3), (12, 3), (13, 3), (14, 3), (13, 5)})
gi after fill: ((7, 7, 7, 7, 7, 7, 7, 7, 7, 7, 7, 7, 7), (7, 7, 7, 7, 7, 7, 7, 7, 7, 7, 7, 7, 7), (7, 7, 7, 7, 7, 7, 7, 7, 7, 7, 7, 7, 7), (7, 7, 7, 7, 7, 7, 7, 7, 7, 7, 7, 7, 7), (7, 7, 7, 7, 7, 7, 7, 7, 7, 7, 7, 7, 7), (7, 7, 7, 7, 7, 7, 7, 7, 7, 7, 7, 7, 7), (7, 7, 7, 7, 7, 7, 7, 7, 7, 7, 7, 7, 7), (7, 7, 7, 7, 7, 7, 7, 7, 7, 7, 7, 7, 7), (7, 7, 7, 7, 7, 7, 7, 7, 7, 7, 7, 7, 7), (7, 7, 7, 7, 7, 7, 7, 7, 7, 7, 7, 7, 7), (7, 7, 7, 7, 7, 7, 7, 7, 7, 7, 7, 7, 7), (7, 7, 7, 6, 7, 7, 7, 7, 7, 7, 7, 7, 7), (7, 7, 7, 6, 6, 7, 7, 7, 7, 7, 7, 7, 7), (7, 7, 7, 6, 6, 6, 7, 7, 7, 7, 7, 7, 7), (7, 7, 7, 6, 6, 7, 7, 7, 7, 7, 7, 7, 7), (7, 7, 7, 7, 7, 7, 7, 7, 7, 7, 7, 7, 7), (7, 7, 7, 7, 7, 7, 7, 7, 7, 7, 7, 7, 7), (7, 7, 7, 7, 7, 7, 7, 7, 7, 7, 7, 7, 7), (7, 7, 7, 7, 7, 7, 7, 7, 7, 7, 7, 7, 7))
inds: frozenset({(12, 4), (4, 0), (4, 9), (5, 1), (8, 0), (17, 3), (5, 10), (8, 9), (10, 6), (9, 8), (0, 5), (2, 2), (11, 5), (17, 12), (2, 11), (13, 8), (15, 5), (6, 2), (7, 1), (18, 1), (6, 11), (7, 10), (18, 10), (4, 2), (3, 6), (5, 3), (8, 2), (17, 5), (9, 1), (5, 12), (8, 11), (9, 10), (0, 7), (2, 4), (11, 7), (13, 1), (1, 8), (13, 10), (6, 4), (15, 7), (7, 3), (16, 6), (18, 3), (7, 12), (18, 12), (3, 8), (5, 5), (8, 4), (14, 8), (9, 3), (0, 0), (11, 0), (17, 7), (9, 12), (0, 9), (11, 9), (13, 3), (15, 0), (1, 10), (13, 12), (6, 6), (15, 9), (7, 5), (16, 8), (18, 5), (3, 1), (14, 1), (17, 0), (3, 10), (5, 7), (14, 10), (17, 9), (9, 5), (0, 2), (11, 2), (1, 3), (13, 5), (15, 2), (16, 1), (1, 12), (15, 11), (16, 10), (7, 7), (18, 7), (12, 6), (3, 3), (5, 0), (14, 3), (17, 2), (3, 12), (5, 9), (4, 11), (14, 12), (9, 7), (11, 4), (17, 11), (10, 8), (1, 5), (13, 7), (6, 1), (15, 4), (7, 0), (16, 3), (18, 0), (16, 12), (7, 9), (18, 9), (12, 8), (3, 5), (5, 2), (4, 4), (14, 5), (9, 0), (17, 4), (5, 11), (9, 9), (10, 1), (13, 0), (10, 10), (1, 7), (13, 9), (2, 6), (15, 6), (7, 2), (16, 5), (18, 2), (7, 11), (18, 11), (12, 1), (12, 10), (3, 7), (5, 4), (4, 6), (14, 7), (9, 2), (8, 6), (10, 3), (1, 0), (13, 2), (10, 12), (1, 9), (0, 11), (2, 8), (11, 11), (7, 4), (13, 11), (16, 7), (18, 4), (6, 8), (12, 3), (3, 0), (14, 0), (12, 12), (3, 9), (5, 6), (4, 8), (14, 9), (18, 8), (8, 8), (10, 5), (1, 2), (0, 4), (2, 1), (13, 4), (16, 0), (1, 11), (2, 10), (16, 9), (6, 10), (12, 5), (3, 2), (14, 2), (4, 1), (3, 11), (14, 11), (4, 10), (8, 1), (8, 10), (10, 7), (1, 4), (0, 6), (2, 3), (11, 6), (16, 2), (2, 12), (6, 3), (6, 12), (12, 7), (3, 4), (14, 4), (4, 3), (4, 12), (17, 6), (8, 3), (10, 0), (8, 12), (10, 9), (1, 6), (0, 8), (2, 5), (9, 11), (11, 8), (16, 4), (15, 8), (6, 5), (12, 0), (12, 9), (14, 6), (4, 5), (17, 8), (8, 5), (10, 2), (9, 4), (0, 1), (11, 1), (10, 11), (0, 10), (2, 7), (11, 10), (15, 1), (15, 10), (6, 7), (7, 6), (18, 6), (12, 2), (12, 11), (4, 7), (17, 1), (5, 8), (8, 7), (10, 4), (1, 1), (0, 3), (2, 0), (9, 6), (11, 3), (17, 10), (0, 12), (2, 9), (11, 12), (13, 6), (15, 3), (6, 0), (15, 12), (6, 9), (16, 11), (7, 8)})
noisecells: [(4, 11), (13, 8), (0, 3), (13, 7), (10, 8), (1, 7), (1, 2), (10, 6), (9, 7), (17, 1), (6, 3), (9, 2), (7, 2), (5, 0), (4, 9), (6, 12), (16, 1), (15, 3), (15, 0), (6, 4), (3, 6), (15, 4), (1, 9), (5, 11), (16, 5), (18, 11), (13, 6), (3, 10), (12, 9), (18, 3)]
noiseobj: frozenset({(8, (0, 3)), (2, (3, 10)), (9, (13, 6)), (5, (16, 5)), (0, (4, 11)), (1, (13, 7)), (1, (6, 4)), (2, (1, 2)), (5, (12, 9)), (9, (6, 3)), (9, (9, 7)), (5, (18, 3)), (0, (3, 6)), (8, (4, 9)), (9, (1, 7)), (5, (18, 11)), (1, (9, 2)), (2, (15, 3)), (8, (10, 6)), (9, (15, 4)), (0, (13, 8)), (5, (5, 11)), (5, (17, 1)), (1, (1, 9)), (2, (15, 0)), (8, (6, 12)), (1, (10, 8)), (9, (5, 0)), (1, (7, 2)), (1, (16, 1))})
gi after paint: ((7, 7, 7, 8, 7, 7, 7, 7, 7, 7, 7, 7, 7), (7, 7, 2, 7, 7, 7, 7, 9, 7, 1, 7, 7, 7), (7, 7, 7, 7, 7, 7, 7, 7, 7, 7, 7, 7, 7), (7, 7, 7, 7, 7, 7, 0, 7, 7, 7, 2, 7, 7), (7, 7, 7, 7, 7, 7, 7, 7, 7, 8, 7, 0, 7), (9, 7, 7, 7, 7, 7, 7, 7, 7, 7, 7, 5, 7), (7, 7, 7, 9, 1, 7, 7, 7, 7, 7, 7, 7, 8), (7, 7, 1, 7, 7, 7, 7, 7, 7, 7, 7, 7, 7), (7, 7, 7, 7, 7, 7, 7, 7, 7, 7, 7, 7, 7), (7, 7, 1, 7, 7, 7, 7, 9, 7, 7, 7, 7, 7), (7, 7, 7, 7, 7, 7, 8, 7, 1, 7, 7, 7, 7), (7, 7, 7, 6, 7, 7, 7, 7, 7, 7, 7, 7, 7), (7, 7, 7, 6, 6, 7, 7, 7, 7, 5, 7, 7, 7), (7, 7, 7, 6, 6, 6, 9, 1, 0, 7, 7, 7, 7), (7, 7, 7, 6, 6, 7, 7, 7, 7, 7, 7, 7, 7), (2, 7, 7, 2, 9, 7, 7, 7, 7, 7, 7, 7, 7), (7, 1, 7, 7, 7, 5, 7, 7, 7, 7, 7, 7, 7), (7, 5, 7, 7, 7, 7, 7, 7, 7, 7, 7, 7, 7), (7, 7, 7, 5, 7, 7, 7, 7, 7, 7, 7, 5, 7))
