Modified Function Code:
from re_arc.dsl import *
def generate_1f876c06() -> dict:
    diff_lb = 0
    print(f"diff_lb: {diff_lb}")
    diff_ub = 1
    print(f"diff_ub: {diff_ub}")
    
    cols = interval(0, 10, 1)
    print(f"cols: {cols}")
    h = unifint(diff_lb, diff_ub, (5, 30))
    print(f"h: {h}")
    w = unifint(diff_lb, diff_ub, (5, 30))
    print(f"w: {w}")
    nlns = unifint(diff_lb, diff_ub, (1, min(min(h, w), 9)))
    print(f"nlns: {nlns}")
    bgc = choice(cols)
    print(f"bgc: {bgc}")
    remcols = remove(bgc, cols)
    print(f"remcols: {remcols}")
    ccols = sample(remcols, nlns)
    print(f"ccols: {ccols}")
    
    succ = 0
    print(f"succ: {succ}")
    tr = 0
    print(f"tr: {tr}")
    maxtr = 10 * nlns
    print(f"maxtr: {maxtr}")
    direcs = ineighbors((0, 0))
    print(f"direcs: {direcs}")
    gi = canvas(bgc, (h, w))
    print(f"gi: {gi}")
    
    inds = asindices(gi)
    print(f"inds: {inds}")
    
    while succ < nlns and tr < maxtr:
        tr += 1
        print(f"tr (inside loop): {tr}")
        if len(inds) == 0:
            break
        loc = choice(totuple(inds))
        print(f"loc: {loc}")
        lns = []
        
        for direc in direcs:
            ln = [loc]
            ofs = 1
            while True:
                nextpix = add(loc, multiply(ofs, direc))
                ofs += 1
                if nextpix not in inds:
                    break
                ln.append(nextpix)
            if len(ln) > 2:
                lns.append(ln)
        
        if len(lns) > 0:
            succ += 1
            print(f"succ (after success): {succ}")
            lns = sorted(lns, key=len)
            idx = unifint(diff_lb, diff_ub, (0, len(lns) - 1))
            print(f"idx: {idx}")
            ln = lns[idx]
            print(f"ln: {ln}")
            col = ccols[0]
            print(f"col: {col}")
            ccols = ccols[1:]
            gi = fill(gi, col, {ln[0], ln[-1]})
            print(f"gi (after fill): {gi}")
            inds = inds - set(ln)
            print(f"inds (after removing ln): {inds}")
    
    return {'input': gi}

Printed Outputs:
diff_lb: 0
diff_ub: 1
cols: (0, 1, 2, 3, 4, 5, 6, 7, 8, 9)
h: 25
w: 29
nlns: 3
bgc: 1
remcols: (0, 2, 3, 4, 5, 6, 7, 8, 9)
ccols: [4, 9, 6]
succ: 0
tr: 0
maxtr: 30
direcs: frozenset({(-1, 1), (1, 1), (1, -1), (-1, -1)})
gi: ((1, 1, 1, 1, 1, 1, 1, 1, 1, 1, 1, 1, 1, 1, 1, 1, 1, 1, 1, 1, 1, 1, 1, 1, 1, 1, 1, 1, 1), (1, 1, 1, 1, 1, 1, 1, 1, 1, 1, 1, 1, 1, 1, 1, 1, 1, 1, 1, 1, 1, 1, 1, 1, 1, 1, 1, 1, 1), (1, 1, 1, 1, 1, 1, 1, 1, 1, 1, 1, 1, 1, 1, 1, 1, 1, 1, 1, 1, 1, 1, 1, 1, 1, 1, 1, 1, 1), (1, 1, 1, 1, 1, 1, 1, 1, 1, 1, 1, 1, 1, 1, 1, 1, 1, 1, 1, 1, 1, 1, 1, 1, 1, 1, 1, 1, 1), (1, 1, 1, 1, 1, 1, 1, 1, 1, 1, 1, 1, 1, 1, 1, 1, 1, 1, 1, 1, 1, 1, 1, 1, 1, 1, 1, 1, 1), (1, 1, 1, 1, 1, 1, 1, 1, 1, 1, 1, 1, 1, 1, 1, 1, 1, 1, 1, 1, 1, 1, 1, 1, 1, 1, 1, 1, 1), (1, 1, 1, 1, 1, 1, 1, 1, 1, 1, 1, 1, 1, 1, 1, 1, 1, 1, 1, 1, 1, 1, 1, 1, 1, 1, 1, 1, 1), (1, 1, 1, 1, 1, 1, 1, 1, 1, 1, 1, 1, 1, 1, 1, 1, 1, 1, 1, 1, 1, 1, 1, 1, 1, 1, 1, 1, 1), (1, 1, 1, 1, 1, 1, 1, 1, 1, 1, 1, 1, 1, 1, 1, 1, 1, 1, 1, 1, 1, 1, 1, 1, 1, 1, 1, 1, 1), (1, 1, 1, 1, 1, 1, 1, 1, 1, 1, 1, 1, 1, 1, 1, 1, 1, 1, 1, 1, 1, 1, 1, 1, 1, 1, 1, 1, 1), (1, 1, 1, 1, 1, 1, 1, 1, 1, 1, 1, 1, 1, 1, 1, 1, 1, 1, 1, 1, 1, 1, 1, 1, 1, 1, 1, 1, 1), (1, 1, 1, 1, 1, 1, 1, 1, 1, 1, 1, 1, 1, 1, 1, 1, 1, 1, 1, 1, 1, 1, 1, 1, 1, 1, 1, 1, 1), (1, 1, 1, 1, 1, 1, 1, 1, 1, 1, 1, 1, 1, 1, 1, 1, 1, 1, 1, 1, 1, 1, 1, 1, 1, 1, 1, 1, 1), (1, 1, 1, 1, 1, 1, 1, 1, 1, 1, 1, 1, 1, 1, 1, 1, 1, 1, 1, 1, 1, 1, 1, 1, 1, 1, 1, 1, 1), (1, 1, 1, 1, 1, 1, 1, 1, 1, 1, 1, 1, 1, 1, 1, 1, 1, 1, 1, 1, 1, 1, 1, 1, 1, 1, 1, 1, 1), (1, 1, 1, 1, 1, 1, 1, 1, 1, 1, 1, 1, 1, 1, 1, 1, 1, 1, 1, 1, 1, 1, 1, 1, 1, 1, 1, 1, 1), (1, 1, 1, 1, 1, 1, 1, 1, 1, 1, 1, 1, 1, 1, 1, 1, 1, 1, 1, 1, 1, 1, 1, 1, 1, 1, 1, 1, 1), (1, 1, 1, 1, 1, 1, 1, 1, 1, 1, 1, 1, 1, 1, 1, 1, 1, 1, 1, 1, 1, 1, 1, 1, 1, 1, 1, 1, 1), (1, 1, 1, 1, 1, 1, 1, 1, 1, 1, 1, 1, 1, 1, 1, 1, 1, 1, 1, 1, 1, 1, 1, 1, 1, 1, 1, 1, 1), (1, 1, 1, 1, 1, 1, 1, 1, 1, 1, 1, 1, 1, 1, 1, 1, 1, 1, 1, 1, 1, 1, 1, 1, 1, 1, 1, 1, 1), (1, 1, 1, 1, 1, 1, 1, 1, 1, 1, 1, 1, 1, 1, 1, 1, 1, 1, 1, 1, 1, 1, 1, 1, 1, 1, 1, 1, 1), (1, 1, 1, 1, 1, 1, 1, 1, 1, 1, 1, 1, 1, 1, 1, 1, 1, 1, 1, 1, 1, 1, 1, 1, 1, 1, 1, 1, 1), (1, 1, 1, 1, 1, 1, 1, 1, 1, 1, 1, 1, 1, 1, 1, 1, 1, 1, 1, 1, 1, 1, 1, 1, 1, 1, 1, 1, 1), (1, 1, 1, 1, 1, 1, 1, 1, 1, 1, 1, 1, 1, 1, 1, 1, 1, 1, 1, 1, 1, 1, 1, 1, 1, 1, 1, 1, 1), (1, 1, 1, 1, 1, 1, 1, 1, 1, 1, 1, 1, 1, 1, 1, 1, 1, 1, 1, 1, 1, 1, 1, 1, 1, 1, 1, 1, 1))
inds: frozenset({(15, 21), (7, 17), (18, 17), (7, 26), (18, 26), (8, 0), (19, 0), (8, 9), (19, 9), (0, 5), (11, 5), (8, 18), (19, 18), (0, 14), (11, 14), (0, 23), (11, 23), (10, 27), (4, 2), (22, 10), (3, 6), (22, 19), (3, 15), (14, 15), (22, 28), (3, 24), (14, 24), (15, 7), (7, 3), (18, 3), (15, 16), (7, 12), (18, 12), (15, 25), (7, 21), (18, 21), (8, 4), (19, 4), (0, 0), (11, 0), (0, 9), (11, 9), (10, 22), (2, 27), (22, 5), (3, 1), (14, 1), (22, 14), (3, 10), (14, 10), (22, 23), (3, 19), (14, 19), (3, 28), (14, 28), (15, 2), (15, 11), (7, 7), (18, 7), (7, 16), (18, 16), (21, 18), (21, 27), (11, 4), (10, 8), (10, 17), (2, 13), (10, 26), (2, 22), (22, 0), (22, 9), (3, 5), (14, 5), (22, 18), (3, 14), (14, 14), (22, 27), (3, 23), (14, 23), (15, 6), (17, 25), (7, 2), (18, 2), (7, 11), (18, 11), (6, 15), (21, 13), (6, 24), (21, 22), (10, 3), (10, 12), (2, 8), (10, 21), (2, 17), (2, 26), (22, 4), (3, 0), (14, 0), (22, 13), (3, 9), (14, 9), (3, 18), (14, 18), (17, 20), (5, 27), (9, 25), (6, 10), (21, 8), (6, 19), (21, 17), (6, 28), (21, 26), (10, 7), (2, 3), (10, 16), (2, 12), (10, 25), (2, 21), (22, 8), (13, 27), (24, 27), (3, 4), (14, 4), (17, 6), (17, 15), (9, 11), (5, 22), (17, 24), (9, 20), (6, 5), (21, 3), (6, 14), (21, 12), (6, 23), (21, 21), (10, 2), (10, 11), (2, 7), (2, 16), (13, 13), (24, 13), (13, 22), (24, 22), (16, 18), (16, 27), (17, 1), (5, 8), (17, 10), (9, 6), (5, 17), (17, 19), (9, 15), (5, 26), (17, 28), (9, 24), (6, 0), (6, 9), (21, 7), (6, 18), (21, 16), (20, 20), (10, 6), (12, 25), (23, 25), (2, 2), (2, 11), (13, 8), (24, 8), (1, 15), (13, 17), (24, 17), (16, 13), (1, 24), (13, 26), (24, 26), (16, 22), (5, 3), (17, 5), (9, 1), (5, 12), (17, 14), (9, 10), (5, 21), (17, 23), (9, 19), (9, 28), (6, 4), (21, 2), (6, 13), (20, 15), (20, 24), (12, 20), (23, 20), (4, 25), (13, 3), (24, 3), (1, 10), (13, 12), (24, 12), (16, 8), (1, 19), (13, 21), (24, 21), (16, 17), (1, 28), (16, 26), (17, 0), (5, 7), (17, 9), (9, 5), (5, 16), (9, 14), (5, 25), (8, 27), (19, 27), (20, 1), (20, 10), (12, 6), (23, 6), (20, 19), (12, 15), (23, 15), (20, 28), (4, 11), (12, 24), (23, 24), (4, 20), (1, 5), (13, 7), (24, 7), (16, 3), (1, 14), (13, 16), (24, 16), (16, 12), (1, 23), (24, 25), (16, 21), (5, 2), (17, 4), (9, 0), (5, 11), (9, 9), (8, 13), (19, 13), (8, 22), (19, 22), (0, 18), (11, 18), (0, 27), (11, 27), (20, 5), (12, 1), (23, 1), (20, 14), (12, 10), (23, 10), (20, 23), (4, 6), (12, 19), (23, 19), (4, 15), (12, 28), (23, 28), (4, 24), (1, 0), (13, 2), (24, 2), (1, 9), (13, 11), (24, 11), (16, 7), (1, 18), (16, 16), (15, 20), (5, 6), (7, 25), (18, 8), (18, 25), (8, 8), (19, 8), (0, 4), (8, 17), (19, 17), (0, 13), (11, 13), (8, 26), (19, 26), (0, 22), (11, 22), (20, 0), (20, 9), (12, 5), (23, 5), (20, 18), (4, 1), (12, 14), (23, 14), (4, 10), (12, 23), (23, 23), (4, 19), (4, 28), (1, 4), (24, 6), (16, 2), (1, 13), (15, 15), (15, 24), (7, 20), (18, 20), (8, 3), (19, 3), (8, 12), (19, 12), (0, 8), (11, 8), (8, 21), (19, 21), (0, 17), (11, 17), (0, 26), (11, 26), (20, 4), (12, 0), (23, 0), (20, 13), (12, 9), (23, 9), (4, 5), (23, 18), (4, 14), (22, 22), (3, 27), (14, 27), (15, 1), (15, 10), (7, 6), (18, 6), (15, 19), (7, 15), (18, 15), (15, 28), (7, 24), (18, 24), (8, 7), (19, 7), (0, 3), (11, 3), (8, 16), (19, 16), (0, 12), (11, 12), (19, 25), (0, 21), (11, 21), (12, 4), (23, 4), (4, 0), (4, 9), (22, 17), (3, 13), (14, 13), (22, 26), (3, 22), (14, 22), (15, 5), (7, 1), (18, 1), (15, 14), (7, 10), (18, 10), (15, 23), (7, 19), (18, 19), (7, 28), (18, 28), (8, 2), (19, 2), (8, 11), (19, 11), (0, 7), (11, 7), (0, 16), (11, 16), (10, 20), (2, 25), (22, 3), (22, 12), (3, 8), (14, 8), (22, 21), (3, 17), (14, 17), (3, 26), (14, 26), (15, 0), (15, 9), (7, 5), (18, 5), (15, 18), (7, 14), (18, 14), (7, 23), (18, 23), (6, 27), (19, 6), (21, 25), (0, 2), (11, 2), (10, 15), (10, 24), (2, 20), (22, 7), (3, 3), (14, 3), (22, 16), (3, 12), (14, 12), (22, 25), (3, 21), (14, 21), (15, 4), (7, 0), (18, 0), (15, 13), (7, 9), (18, 9), (18, 18), (21, 11), (6, 22), (21, 20), (10, 1), (10, 10), (2, 6), (10, 19), (2, 15), (10, 28), (2, 24), (22, 2), (22, 11), (3, 7), (14, 7), (22, 20), (3, 16), (14, 16), (3, 25), (14, 25), (17, 18), (17, 27), (7, 4), (9, 23), (18, 4), (6, 8), (21, 6), (6, 17), (21, 15), (6, 26), (21, 24), (10, 5), (2, 1), (10, 14), (2, 10), (10, 23), (2, 19), (2, 28), (22, 6), (13, 25), (3, 2), (14, 2), (3, 11), (14, 11), (17, 13), (5, 20), (17, 22), (9, 18), (9, 27), (6, 3), (21, 1), (6, 12), (21, 10), (6, 21), (21, 19), (21, 28), (10, 0), (10, 9), (2, 5), (10, 18), (2, 14), (2, 23), (22, 1), (13, 20), (24, 20), (1, 27), (14, 6), (16, 25), (17, 8), (9, 4), (5, 15), (17, 17), (9, 13), (5, 24), (17, 26), (9, 22), (6, 7), (21, 5), (6, 16), (21, 14), (6, 25), (21, 23), (20, 27), (10, 4), (2, 0), (10, 13), (2, 9), (13, 6), (2, 18), (13, 15), (24, 15), (16, 11), (1, 22), (13, 24), (24, 24), (16, 20), (5, 1), (17, 3), (5, 10), (17, 12), (9, 8), (5, 19), (17, 21), (9, 17), (5, 28), (9, 26), (6, 2), (21, 0), (6, 11), (21, 9), (6, 20), (20, 22), (12, 18), (12, 27), (23, 27), (2, 4), (4, 23), (13, 1), (24, 1), (1, 8), (13, 10), (24, 10), (16, 6), (1, 17), (13, 19), (24, 19), (16, 15), (1, 26), (13, 28), (24, 28), (16, 24), (5, 5), (17, 7), (9, 3), (5, 14), (17, 16), (9, 12), (5, 23), (9, 21), (6, 6), (8, 25), (21, 4), (20, 8), (20, 17), (12, 13), (23, 13), (20, 26), (12, 22), (23, 22), (4, 18), (4, 27), (1, 3), (13, 5), (24, 5), (16, 1), (1, 12), (13, 14), (24, 14), (16, 10), (1, 21), (13, 23), (24, 23), (16, 19), (16, 28), (5, 0), (17, 2), (5, 9), (17, 11), (9, 7), (5, 18), (9, 16), (6, 1), (8, 20), (19, 20), (0, 25), (11, 25), (20, 3), (20, 12), (12, 8), (23, 8), (20, 21), (4, 4), (12, 17), (23, 17), (4, 13), (12, 26), (23, 26), (4, 22), (13, 0), (24, 0), (1, 7), (13, 9), (24, 9), (16, 5), (1, 16), (13, 18), (24, 18), (16, 14), (1, 25), (16, 23), (15, 27), (5, 4), (9, 2), (5, 13), (8, 6), (8, 15), (19, 15), (0, 11), (11, 11), (8, 24), (19, 24), (0, 20), (11, 20), (20, 7), (12, 3), (23, 3), (20, 16), (12, 12), (23, 12), (20, 25), (4, 8), (12, 21), (23, 21), (4, 17), (4, 26), (1, 2), (13, 4), (24, 4), (16, 0), (1, 11), (16, 9), (1, 20), (15, 22), (7, 18), (7, 27), (18, 27), (8, 1), (19, 1), (8, 10), (19, 10), (0, 6), (11, 6), (8, 19), (19, 19), (0, 15), (11, 15), (8, 28), (19, 28), (0, 24), (11, 24), (20, 2), (20, 11), (12, 7), (23, 7), (4, 3), (12, 16), (23, 16), (4, 12), (4, 21), (1, 6), (16, 4), (15, 8), (15, 17), (7, 13), (18, 13), (15, 26), (7, 22), (18, 22), (8, 5), (19, 5), (0, 1), (11, 1), (8, 14), (19, 14), (0, 10), (11, 10), (8, 23), (19, 23), (0, 19), (11, 19), (0, 28), (11, 28), (20, 6), (12, 2), (23, 2), (12, 11), (23, 11), (4, 7), (4, 16), (22, 15), (22, 24), (1, 1), (3, 20), (14, 20), (15, 3), (15, 12), (7, 8)})
tr (inside loop): 1
loc: (1, 21)
succ (after success): 1
idx: 1
ln: [(1, 21), (2, 20), (3, 19), (4, 18), (5, 17), (6, 16), (7, 15), (8, 14), (9, 13), (10, 12), (11, 11), (12, 10), (13, 9), (14, 8), (15, 7), (16, 6), (17, 5), (18, 4), (19, 3), (20, 2), (21, 1), (22, 0)]
col: 4
gi (after fill): ((1, 1, 1, 1, 1, 1, 1, 1, 1, 1, 1, 1, 1, 1, 1, 1, 1, 1, 1, 1, 1, 1, 1, 1, 1, 1, 1, 1, 1), (1, 1, 1, 1, 1, 1, 1, 1, 1, 1, 1, 1, 1, 1, 1, 1, 1, 1, 1, 1, 1, 4, 1, 1, 1, 1, 1, 1, 1), (1, 1, 1, 1, 1, 1, 1, 1, 1, 1, 1, 1, 1, 1, 1, 1, 1, 1, 1, 1, 1, 1, 1, 1, 1, 1, 1, 1, 1), (1, 1, 1, 1, 1, 1, 1, 1, 1, 1, 1, 1, 1, 1, 1, 1, 1, 1, 1, 1, 1, 1, 1, 1, 1, 1, 1, 1, 1), (1, 1, 1, 1, 1, 1, 1, 1, 1, 1, 1, 1, 1, 1, 1, 1, 1, 1, 1, 1, 1, 1, 1, 1, 1, 1, 1, 1, 1), (1, 1, 1, 1, 1, 1, 1, 1, 1, 1, 1, 1, 1, 1, 1, 1, 1, 1, 1, 1, 1, 1, 1, 1, 1, 1, 1, 1, 1), (1, 1, 1, 1, 1, 1, 1, 1, 1, 1, 1, 1, 1, 1, 1, 1, 1, 1, 1, 1, 1, 1, 1, 1, 1, 1, 1, 1, 1), (1, 1, 1, 1, 1, 1, 1, 1, 1, 1, 1, 1, 1, 1, 1, 1, 1, 1, 1, 1, 1, 1, 1, 1, 1, 1, 1, 1, 1), (1, 1, 1, 1, 1, 1, 1, 1, 1, 1, 1, 1, 1, 1, 1, 1, 1, 1, 1, 1, 1, 1, 1, 1, 1, 1, 1, 1, 1), (1, 1, 1, 1, 1, 1, 1, 1, 1, 1, 1, 1, 1, 1, 1, 1, 1, 1, 1, 1, 1, 1, 1, 1, 1, 1, 1, 1, 1), (1, 1, 1, 1, 1, 1, 1, 1, 1, 1, 1, 1, 1, 1, 1, 1, 1, 1, 1, 1, 1, 1, 1, 1, 1, 1, 1, 1, 1), (1, 1, 1, 1, 1, 1, 1, 1, 1, 1, 1, 1, 1, 1, 1, 1, 1, 1, 1, 1, 1, 1, 1, 1, 1, 1, 1, 1, 1), (1, 1, 1, 1, 1, 1, 1, 1, 1, 1, 1, 1, 1, 1, 1, 1, 1, 1, 1, 1, 1, 1, 1, 1, 1, 1, 1, 1, 1), (1, 1, 1, 1, 1, 1, 1, 1, 1, 1, 1, 1, 1, 1, 1, 1, 1, 1, 1, 1, 1, 1, 1, 1, 1, 1, 1, 1, 1), (1, 1, 1, 1, 1, 1, 1, 1, 1, 1, 1, 1, 1, 1, 1, 1, 1, 1, 1, 1, 1, 1, 1, 1, 1, 1, 1, 1, 1), (1, 1, 1, 1, 1, 1, 1, 1, 1, 1, 1, 1, 1, 1, 1, 1, 1, 1, 1, 1, 1, 1, 1, 1, 1, 1, 1, 1, 1), (1, 1, 1, 1, 1, 1, 1, 1, 1, 1, 1, 1, 1, 1, 1, 1, 1, 1, 1, 1, 1, 1, 1, 1, 1, 1, 1, 1, 1), (1, 1, 1, 1, 1, 1, 1, 1, 1, 1, 1, 1, 1, 1, 1, 1, 1, 1, 1, 1, 1, 1, 1, 1, 1, 1, 1, 1, 1), (1, 1, 1, 1, 1, 1, 1, 1, 1, 1, 1, 1, 1, 1, 1, 1, 1, 1, 1, 1, 1, 1, 1, 1, 1, 1, 1, 1, 1), (1, 1, 1, 1, 1, 1, 1, 1, 1, 1, 1, 1, 1, 1, 1, 1, 1, 1, 1, 1, 1, 1, 1, 1, 1, 1, 1, 1, 1), (1, 1, 1, 1, 1, 1, 1, 1, 1, 1, 1, 1, 1, 1, 1, 1, 1, 1, 1, 1, 1, 1, 1, 1, 1, 1, 1, 1, 1), (1, 1, 1, 1, 1, 1, 1, 1, 1, 1, 1, 1, 1, 1, 1, 1, 1, 1, 1, 1, 1, 1, 1, 1, 1, 1, 1, 1, 1), (4, 1, 1, 1, 1, 1, 1, 1, 1, 1, 1, 1, 1, 1, 1, 1, 1, 1, 1, 1, 1, 1, 1, 1, 1, 1, 1, 1, 1), (1, 1, 1, 1, 1, 1, 1, 1, 1, 1, 1, 1, 1, 1, 1, 1, 1, 1, 1, 1, 1, 1, 1, 1, 1, 1, 1, 1, 1), (1, 1, 1, 1, 1, 1, 1, 1, 1, 1, 1, 1, 1, 1, 1, 1, 1, 1, 1, 1, 1, 1, 1, 1, 1, 1, 1, 1, 1))
inds (after removing ln): frozenset({(15, 21), (7, 17), (18, 17), (7, 26), (18, 26), (8, 0), (19, 0), (8, 9), (19, 9), (0, 5), (11, 5), (8, 18), (19, 18), (0, 14), (11, 14), (0, 23), (11, 23), (10, 27), (4, 2), (22, 10), (3, 6), (22, 19), (3, 15), (14, 15), (22, 28), (3, 24), (14, 24), (7, 3), (18, 3), (15, 16), (7, 12), (18, 12), (15, 25), (7, 21), (18, 21), (8, 4), (19, 4), (0, 0), (11, 0), (0, 9), (11, 9), (10, 22), (2, 27), (22, 5), (3, 1), (14, 1), (22, 14), (3, 10), (14, 10), (22, 23), (14, 19), (3, 28), (14, 28), (15, 2), (15, 11), (7, 7), (18, 7), (7, 16), (18, 16), (21, 18), (21, 27), (11, 4), (10, 8), (10, 17), (2, 13), (10, 26), (2, 22), (22, 9), (3, 5), (14, 5), (22, 18), (3, 14), (14, 14), (22, 27), (3, 23), (14, 23), (15, 6), (17, 25), (7, 2), (18, 2), (7, 11), (18, 11), (6, 15), (21, 13), (6, 24), (21, 22), (10, 3), (2, 8), (10, 21), (2, 17), (2, 26), (22, 4), (3, 0), (14, 0), (22, 13), (3, 9), (14, 9), (3, 18), (14, 18), (17, 20), (5, 27), (9, 25), (6, 10), (21, 8), (6, 19), (21, 17), (6, 28), (21, 26), (10, 7), (2, 3), (10, 16), (2, 12), (10, 25), (2, 21), (22, 8), (13, 27), (24, 27), (3, 4), (14, 4), (17, 6), (17, 15), (9, 11), (5, 22), (17, 24), (9, 20), (6, 5), (21, 3), (6, 14), (21, 12), (6, 23), (21, 21), (10, 2), (10, 11), (2, 7), (2, 16), (13, 13), (24, 13), (13, 22), (24, 22), (16, 18), (16, 27), (17, 1), (5, 8), (17, 10), (9, 6), (17, 19), (9, 15), (5, 26), (17, 28), (9, 24), (6, 0), (6, 9), (21, 7), (6, 18), (21, 16), (20, 20), (10, 6), (12, 25), (23, 25), (2, 2), (2, 11), (13, 8), (24, 8), (1, 15), (13, 17), (24, 17), (16, 13), (1, 24), (13, 26), (24, 26), (16, 22), (5, 3), (9, 1), (5, 12), (17, 14), (9, 10), (5, 21), (17, 23), (9, 19), (9, 28), (6, 4), (21, 2), (6, 13), (20, 15), (20, 24), (12, 20), (23, 20), (4, 25), (13, 3), (24, 3), (1, 10), (13, 12), (24, 12), (16, 8), (1, 19), (13, 21), (24, 21), (16, 17), (1, 28), (16, 26), (17, 0), (5, 7), (17, 9), (9, 5), (5, 16), (9, 14), (5, 25), (8, 27), (19, 27), (20, 1), (20, 10), (12, 6), (23, 6), (20, 19), (12, 15), (23, 15), (20, 28), (4, 11), (12, 24), (23, 24), (4, 20), (1, 5), (13, 7), (24, 7), (16, 3), (1, 14), (13, 16), (24, 16), (16, 12), (1, 23), (24, 25), (16, 21), (5, 2), (17, 4), (9, 0), (5, 11), (9, 9), (8, 13), (19, 13), (8, 22), (19, 22), (0, 18), (11, 18), (0, 27), (11, 27), (20, 5), (12, 1), (23, 1), (20, 14), (23, 10), (20, 23), (4, 6), (12, 19), (23, 19), (4, 15), (12, 28), (23, 28), (4, 24), (1, 0), (13, 2), (24, 2), (1, 9), (13, 11), (24, 11), (16, 7), (1, 18), (16, 16), (15, 20), (5, 6), (7, 25), (18, 8), (18, 25), (8, 8), (19, 8), (0, 4), (8, 17), (19, 17), (0, 13), (11, 13), (8, 26), (19, 26), (0, 22), (11, 22), (20, 0), (20, 9), (12, 5), (23, 5), (20, 18), (4, 1), (12, 14), (23, 14), (4, 10), (12, 23), (23, 23), (4, 19), (4, 28), (1, 4), (24, 6), (16, 2), (1, 13), (15, 15), (15, 24), (7, 20), (18, 20), (8, 3), (8, 12), (19, 12), (0, 8), (11, 8), (8, 21), (19, 21), (0, 17), (11, 17), (0, 26), (11, 26), (20, 4), (12, 0), (23, 0), (20, 13), (12, 9), (23, 9), (4, 5), (23, 18), (4, 14), (22, 22), (3, 27), (14, 27), (15, 1), (15, 10), (7, 6), (18, 6), (15, 19), (18, 15), (15, 28), (7, 24), (18, 24), (8, 7), (19, 7), (0, 3), (11, 3), (8, 16), (19, 16), (0, 12), (11, 12), (19, 25), (0, 21), (11, 21), (12, 4), (23, 4), (4, 0), (4, 9), (22, 17), (3, 13), (14, 13), (22, 26), (3, 22), (14, 22), (15, 5), (7, 1), (18, 1), (15, 14), (7, 10), (18, 10), (15, 23), (7, 19), (18, 19), (7, 28), (18, 28), (8, 2), (19, 2), (8, 11), (19, 11), (0, 7), (11, 7), (0, 16), (11, 16), (10, 20), (2, 25), (22, 3), (22, 12), (3, 8), (22, 21), (3, 17), (14, 17), (3, 26), (14, 26), (15, 0), (15, 9), (7, 5), (18, 5), (15, 18), (7, 14), (18, 14), (7, 23), (18, 23), (6, 27), (19, 6), (21, 25), (0, 2), (11, 2), (10, 15), (10, 24), (22, 7), (3, 3), (14, 3), (22, 16), (3, 12), (14, 12), (22, 25), (3, 21), (14, 21), (15, 4), (7, 0), (18, 0), (15, 13), (7, 9), (18, 9), (18, 18), (21, 11), (6, 22), (21, 20), (10, 1), (10, 10), (2, 6), (10, 19), (2, 15), (10, 28), (2, 24), (22, 2), (22, 11), (3, 7), (14, 7), (22, 20), (3, 16), (14, 16), (3, 25), (14, 25), (17, 18), (17, 27), (7, 4), (9, 23), (6, 8), (21, 6), (6, 17), (21, 15), (6, 26), (21, 24), (10, 5), (2, 1), (10, 14), (2, 10), (10, 23), (2, 19), (2, 28), (22, 6), (13, 25), (3, 2), (14, 2), (3, 11), (14, 11), (17, 13), (5, 20), (17, 22), (9, 18), (9, 27), (6, 3), (6, 12), (21, 10), (6, 21), (21, 19), (21, 28), (10, 0), (10, 9), (2, 5), (10, 18), (2, 14), (2, 23), (22, 1), (13, 20), (24, 20), (1, 27), (14, 6), (16, 25), (17, 8), (9, 4), (5, 15), (17, 17), (5, 24), (17, 26), (9, 22), (6, 7), (21, 5), (21, 14), (6, 25), (21, 23), (20, 27), (10, 4), (2, 0), (10, 13), (2, 9), (13, 6), (2, 18), (13, 15), (24, 15), (16, 11), (1, 22), (13, 24), (24, 24), (16, 20), (5, 1), (17, 3), (5, 10), (17, 12), (9, 8), (5, 19), (17, 21), (9, 17), (5, 28), (9, 26), (6, 2), (21, 0), (6, 11), (21, 9), (6, 20), (20, 22), (12, 18), (12, 27), (23, 27), (2, 4), (4, 23), (13, 1), (24, 1), (1, 8), (13, 10), (24, 10), (1, 17), (13, 19), (24, 19), (16, 15), (1, 26), (13, 28), (24, 28), (16, 24), (5, 5), (17, 7), (9, 3), (5, 14), (17, 16), (9, 12), (5, 23), (9, 21), (6, 6), (8, 25), (21, 4), (20, 8), (20, 17), (12, 13), (23, 13), (20, 26), (12, 22), (23, 22), (4, 27), (1, 3), (13, 5), (24, 5), (16, 1), (1, 12), (13, 14), (24, 14), (16, 10), (13, 23), (24, 23), (16, 19), (16, 28), (5, 0), (17, 2), (5, 9), (17, 11), (9, 7), (5, 18), (9, 16), (6, 1), (8, 20), (19, 20), (0, 25), (11, 25), (20, 3), (20, 12), (12, 8), (23, 8), (20, 21), (4, 4), (12, 17), (23, 17), (4, 13), (12, 26), (23, 26), (4, 22), (13, 0), (24, 0), (1, 7), (24, 9), (16, 5), (1, 16), (13, 18), (24, 18), (16, 14), (1, 25), (16, 23), (15, 27), (5, 4), (9, 2), (5, 13), (8, 6), (8, 15), (19, 15), (0, 11), (8, 24), (19, 24), (0, 20), (11, 20), (20, 7), (12, 3), (23, 3), (20, 16), (12, 12), (23, 12), (20, 25), (4, 8), (12, 21), (23, 21), (4, 17), (4, 26), (1, 2), (13, 4), (24, 4), (16, 0), (1, 11), (16, 9), (1, 20), (15, 22), (7, 18), (7, 27), (18, 27), (8, 1), (19, 1), (8, 10), (19, 10), (0, 6), (11, 6), (8, 19), (19, 19), (0, 15), (11, 15), (8, 28), (19, 28), (0, 24), (11, 24), (20, 11), (12, 7), (23, 7), (4, 3), (12, 16), (23, 16), (4, 12), (4, 21), (1, 6), (16, 4), (15, 8), (15, 17), (7, 13), (18, 13), (15, 26), (7, 22), (18, 22), (8, 5), (19, 5), (0, 1), (11, 1), (19, 14), (0, 10), (11, 10), (8, 23), (19, 23), (0, 19), (11, 19), (0, 28), (11, 28), (20, 6), (12, 2), (23, 2), (12, 11), (23, 11), (4, 7), (4, 16), (22, 15), (22, 24), (1, 1), (3, 20), (14, 20), (15, 3), (15, 12), (7, 8)})
tr (inside loop): 2
loc: (15, 21)
succ (after success): 2
idx: 1
ln: [(15, 21), (14, 22), (13, 23), (12, 24), (11, 25), (10, 26), (9, 27), (8, 28)]
col: 9
gi (after fill): ((1, 1, 1, 1, 1, 1, 1, 1, 1, 1, 1, 1, 1, 1, 1, 1, 1, 1, 1, 1, 1, 1, 1, 1, 1, 1, 1, 1, 1), (1, 1, 1, 1, 1, 1, 1, 1, 1, 1, 1, 1, 1, 1, 1, 1, 1, 1, 1, 1, 1, 4, 1, 1, 1, 1, 1, 1, 1), (1, 1, 1, 1, 1, 1, 1, 1, 1, 1, 1, 1, 1, 1, 1, 1, 1, 1, 1, 1, 1, 1, 1, 1, 1, 1, 1, 1, 1), (1, 1, 1, 1, 1, 1, 1, 1, 1, 1, 1, 1, 1, 1, 1, 1, 1, 1, 1, 1, 1, 1, 1, 1, 1, 1, 1, 1, 1), (1, 1, 1, 1, 1, 1, 1, 1, 1, 1, 1, 1, 1, 1, 1, 1, 1, 1, 1, 1, 1, 1, 1, 1, 1, 1, 1, 1, 1), (1, 1, 1, 1, 1, 1, 1, 1, 1, 1, 1, 1, 1, 1, 1, 1, 1, 1, 1, 1, 1, 1, 1, 1, 1, 1, 1, 1, 1), (1, 1, 1, 1, 1, 1, 1, 1, 1, 1, 1, 1, 1, 1, 1, 1, 1, 1, 1, 1, 1, 1, 1, 1, 1, 1, 1, 1, 1), (1, 1, 1, 1, 1, 1, 1, 1, 1, 1, 1, 1, 1, 1, 1, 1, 1, 1, 1, 1, 1, 1, 1, 1, 1, 1, 1, 1, 1), (1, 1, 1, 1, 1, 1, 1, 1, 1, 1, 1, 1, 1, 1, 1, 1, 1, 1, 1, 1, 1, 1, 1, 1, 1, 1, 1, 1, 9), (1, 1, 1, 1, 1, 1, 1, 1, 1, 1, 1, 1, 1, 1, 1, 1, 1, 1, 1, 1, 1, 1, 1, 1, 1, 1, 1, 1, 1), (1, 1, 1, 1, 1, 1, 1, 1, 1, 1, 1, 1, 1, 1, 1, 1, 1, 1, 1, 1, 1, 1, 1, 1, 1, 1, 1, 1, 1), (1, 1, 1, 1, 1, 1, 1, 1, 1, 1, 1, 1, 1, 1, 1, 1, 1, 1, 1, 1, 1, 1, 1, 1, 1, 1, 1, 1, 1), (1, 1, 1, 1, 1, 1, 1, 1, 1, 1, 1, 1, 1, 1, 1, 1, 1, 1, 1, 1, 1, 1, 1, 1, 1, 1, 1, 1, 1), (1, 1, 1, 1, 1, 1, 1, 1, 1, 1, 1, 1, 1, 1, 1, 1, 1, 1, 1, 1, 1, 1, 1, 1, 1, 1, 1, 1, 1), (1, 1, 1, 1, 1, 1, 1, 1, 1, 1, 1, 1, 1, 1, 1, 1, 1, 1, 1, 1, 1, 1, 1, 1, 1, 1, 1, 1, 1), (1, 1, 1, 1, 1, 1, 1, 1, 1, 1, 1, 1, 1, 1, 1, 1, 1, 1, 1, 1, 1, 9, 1, 1, 1, 1, 1, 1, 1), (1, 1, 1, 1, 1, 1, 1, 1, 1, 1, 1, 1, 1, 1, 1, 1, 1, 1, 1, 1, 1, 1, 1, 1, 1, 1, 1, 1, 1), (1, 1, 1, 1, 1, 1, 1, 1, 1, 1, 1, 1, 1, 1, 1, 1, 1, 1, 1, 1, 1, 1, 1, 1, 1, 1, 1, 1, 1), (1, 1, 1, 1, 1, 1, 1, 1, 1, 1, 1, 1, 1, 1, 1, 1, 1, 1, 1, 1, 1, 1, 1, 1, 1, 1, 1, 1, 1), (1, 1, 1, 1, 1, 1, 1, 1, 1, 1, 1, 1, 1, 1, 1, 1, 1, 1, 1, 1, 1, 1, 1, 1, 1, 1, 1, 1, 1), (1, 1, 1, 1, 1, 1, 1, 1, 1, 1, 1, 1, 1, 1, 1, 1, 1, 1, 1, 1, 1, 1, 1, 1, 1, 1, 1, 1, 1), (1, 1, 1, 1, 1, 1, 1, 1, 1, 1, 1, 1, 1, 1, 1, 1, 1, 1, 1, 1, 1, 1, 1, 1, 1, 1, 1, 1, 1), (4, 1, 1, 1, 1, 1, 1, 1, 1, 1, 1, 1, 1, 1, 1, 1, 1, 1, 1, 1, 1, 1, 1, 1, 1, 1, 1, 1, 1), (1, 1, 1, 1, 1, 1, 1, 1, 1, 1, 1, 1, 1, 1, 1, 1, 1, 1, 1, 1, 1, 1, 1, 1, 1, 1, 1, 1, 1), (1, 1, 1, 1, 1, 1, 1, 1, 1, 1, 1, 1, 1, 1, 1, 1, 1, 1, 1, 1, 1, 1, 1, 1, 1, 1, 1, 1, 1))
inds (after removing ln): frozenset({(7, 17), (18, 17), (7, 26), (18, 26), (8, 0), (19, 0), (8, 9), (19, 9), (0, 5), (11, 5), (8, 18), (19, 18), (0, 14), (11, 14), (0, 23), (11, 23), (10, 27), (4, 2), (22, 10), (3, 6), (22, 19), (3, 15), (14, 15), (22, 28), (3, 24), (14, 24), (7, 3), (18, 3), (15, 16), (7, 12), (18, 12), (15, 25), (7, 21), (18, 21), (8, 4), (19, 4), (0, 0), (11, 0), (0, 9), (11, 9), (10, 22), (2, 27), (22, 5), (3, 1), (14, 1), (22, 14), (3, 10), (14, 10), (22, 23), (14, 19), (3, 28), (14, 28), (15, 2), (15, 11), (7, 7), (18, 7), (7, 16), (18, 16), (21, 18), (21, 27), (11, 4), (10, 8), (10, 17), (2, 13), (2, 22), (22, 9), (3, 5), (14, 5), (22, 18), (3, 14), (14, 14), (22, 27), (3, 23), (14, 23), (15, 6), (17, 25), (7, 2), (18, 2), (7, 11), (18, 11), (6, 15), (21, 13), (6, 24), (21, 22), (10, 3), (2, 8), (10, 21), (2, 17), (2, 26), (22, 4), (3, 0), (14, 0), (22, 13), (3, 9), (14, 9), (3, 18), (14, 18), (17, 20), (5, 27), (9, 25), (6, 10), (21, 8), (6, 19), (21, 17), (6, 28), (21, 26), (10, 7), (2, 3), (10, 16), (2, 12), (10, 25), (2, 21), (22, 8), (13, 27), (24, 27), (3, 4), (14, 4), (17, 6), (17, 15), (9, 11), (5, 22), (17, 24), (9, 20), (6, 5), (21, 3), (6, 14), (21, 12), (6, 23), (21, 21), (10, 2), (10, 11), (2, 7), (2, 16), (13, 13), (24, 13), (13, 22), (24, 22), (16, 18), (16, 27), (17, 1), (5, 8), (17, 10), (9, 6), (17, 19), (9, 15), (5, 26), (17, 28), (9, 24), (6, 0), (6, 9), (21, 7), (6, 18), (21, 16), (20, 20), (10, 6), (12, 25), (23, 25), (2, 2), (2, 11), (13, 8), (24, 8), (1, 15), (13, 17), (24, 17), (16, 13), (1, 24), (13, 26), (24, 26), (16, 22), (5, 3), (9, 1), (5, 12), (17, 14), (9, 10), (5, 21), (17, 23), (9, 19), (9, 28), (6, 4), (21, 2), (6, 13), (20, 15), (20, 24), (12, 20), (23, 20), (4, 25), (13, 3), (24, 3), (1, 10), (13, 12), (24, 12), (16, 8), (1, 19), (13, 21), (24, 21), (16, 17), (1, 28), (16, 26), (17, 0), (5, 7), (17, 9), (9, 5), (5, 16), (9, 14), (5, 25), (8, 27), (19, 27), (20, 1), (20, 10), (12, 6), (23, 6), (20, 19), (12, 15), (23, 15), (20, 28), (4, 11), (23, 24), (4, 20), (1, 5), (13, 7), (24, 7), (16, 3), (1, 14), (13, 16), (24, 16), (16, 12), (1, 23), (24, 25), (16, 21), (5, 2), (17, 4), (9, 0), (5, 11), (9, 9), (8, 13), (19, 13), (8, 22), (19, 22), (0, 18), (11, 18), (0, 27), (11, 27), (20, 5), (12, 1), (23, 1), (20, 14), (23, 10), (20, 23), (4, 6), (12, 19), (23, 19), (4, 15), (12, 28), (23, 28), (4, 24), (1, 0), (13, 2), (24, 2), (1, 9), (13, 11), (24, 11), (16, 7), (1, 18), (16, 16), (15, 20), (5, 6), (7, 25), (18, 25), (8, 8), (19, 8), (0, 4), (8, 17), (19, 17), (0, 13), (11, 13), (8, 26), (19, 26), (0, 22), (11, 22), (20, 0), (20, 9), (12, 5), (23, 5), (20, 18), (4, 1), (12, 14), (23, 14), (4, 10), (12, 23), (23, 23), (4, 19), (4, 28), (1, 4), (24, 6), (16, 2), (1, 13), (15, 15), (15, 24), (7, 20), (18, 20), (8, 3), (8, 12), (19, 12), (0, 8), (11, 8), (8, 21), (19, 21), (0, 17), (11, 17), (0, 26), (11, 26), (20, 4), (12, 0), (23, 0), (20, 13), (12, 9), (23, 9), (4, 5), (23, 18), (4, 14), (22, 22), (3, 27), (14, 27), (15, 1), (15, 10), (7, 6), (18, 6), (15, 19), (18, 15), (15, 28), (7, 24), (18, 24), (8, 7), (19, 7), (0, 3), (11, 3), (8, 16), (19, 16), (0, 12), (11, 12), (19, 25), (0, 21), (11, 21), (12, 4), (23, 4), (4, 0), (4, 9), (22, 17), (3, 13), (14, 13), (22, 26), (3, 22), (15, 5), (7, 1), (18, 1), (15, 14), (7, 10), (18, 10), (15, 23), (7, 19), (18, 19), (7, 28), (18, 28), (8, 2), (19, 2), (8, 11), (19, 11), (0, 7), (11, 7), (0, 16), (11, 16), (10, 20), (2, 25), (22, 3), (22, 12), (3, 8), (22, 21), (3, 17), (14, 17), (3, 26), (14, 26), (15, 0), (15, 9), (7, 5), (18, 5), (15, 18), (7, 14), (18, 14), (7, 23), (18, 23), (6, 27), (19, 6), (21, 25), (0, 2), (11, 2), (10, 15), (10, 24), (22, 7), (3, 3), (14, 3), (22, 16), (3, 12), (14, 12), (22, 25), (3, 21), (14, 21), (15, 4), (7, 0), (18, 0), (15, 13), (7, 9), (18, 9), (18, 18), (21, 11), (6, 22), (21, 20), (10, 1), (10, 10), (2, 6), (10, 19), (7, 8), (2, 15), (10, 28), (2, 24), (22, 2), (22, 11), (3, 7), (14, 7), (22, 20), (3, 16), (14, 16), (3, 25), (14, 25), (17, 18), (17, 27), (7, 4), (9, 23), (6, 8), (21, 6), (6, 17), (21, 15), (6, 26), (21, 24), (10, 5), (2, 1), (10, 14), (2, 10), (10, 23), (2, 19), (2, 28), (22, 6), (13, 25), (3, 2), (14, 2), (3, 11), (14, 11), (17, 13), (5, 20), (17, 22), (9, 18), (6, 3), (6, 12), (21, 10), (6, 21), (21, 19), (21, 28), (10, 0), (10, 9), (2, 5), (10, 18), (2, 14), (2, 23), (22, 1), (13, 20), (24, 20), (1, 27), (14, 6), (16, 25), (17, 8), (9, 4), (5, 15), (17, 17), (5, 24), (17, 26), (9, 22), (6, 7), (21, 5), (21, 14), (6, 25), (21, 23), (20, 27), (10, 4), (2, 0), (10, 13), (2, 9), (13, 6), (2, 18), (13, 15), (24, 15), (16, 11), (1, 22), (13, 24), (24, 24), (16, 20), (5, 1), (17, 3), (5, 10), (17, 12), (9, 8), (5, 19), (17, 21), (9, 17), (5, 28), (9, 26), (6, 2), (21, 0), (6, 11), (21, 9), (6, 20), (20, 22), (12, 18), (12, 27), (23, 27), (2, 4), (4, 23), (13, 1), (24, 1), (1, 8), (13, 10), (24, 10), (1, 17), (13, 19), (24, 19), (16, 15), (1, 26), (13, 28), (24, 28), (16, 24), (5, 5), (17, 7), (9, 3), (5, 14), (17, 16), (9, 12), (5, 23), (9, 21), (6, 6), (8, 25), (21, 4), (20, 8), (20, 17), (12, 13), (23, 13), (20, 26), (12, 22), (23, 22), (4, 27), (1, 3), (13, 5), (24, 5), (16, 1), (1, 12), (13, 14), (24, 14), (16, 10), (24, 23), (16, 19), (16, 28), (5, 0), (17, 2), (5, 9), (17, 11), (9, 7), (5, 18), (9, 16), (6, 1), (8, 20), (19, 20), (0, 25), (20, 3), (20, 12), (12, 8), (23, 8), (20, 21), (4, 4), (12, 17), (23, 17), (4, 13), (12, 26), (23, 26), (4, 22), (13, 0), (24, 0), (1, 7), (24, 9), (16, 5), (1, 16), (13, 18), (24, 18), (16, 14), (1, 25), (16, 23), (15, 27), (5, 4), (9, 2), (5, 13), (8, 6), (8, 15), (19, 15), (0, 11), (8, 24), (19, 24), (0, 20), (11, 20), (20, 7), (12, 3), (23, 3), (20, 16), (12, 12), (23, 12), (20, 25), (4, 8), (12, 21), (23, 21), (4, 17), (4, 26), (1, 2), (13, 4), (24, 4), (16, 0), (1, 11), (16, 9), (1, 20), (15, 22), (7, 18), (7, 27), (18, 27), (8, 1), (19, 1), (8, 10), (19, 10), (0, 6), (11, 6), (8, 19), (19, 19), (0, 15), (11, 15), (19, 28), (0, 24), (11, 24), (20, 11), (12, 7), (23, 7), (4, 3), (12, 16), (23, 16), (4, 12), (4, 21), (1, 6), (16, 4), (15, 8), (15, 17), (7, 13), (18, 13), (15, 26), (7, 22), (18, 22), (8, 5), (19, 5), (0, 1), (11, 1), (19, 14), (0, 10), (11, 10), (8, 23), (19, 23), (0, 19), (11, 19), (0, 28), (11, 28), (20, 6), (12, 2), (23, 2), (12, 11), (23, 11), (4, 7), (4, 16), (22, 15), (22, 24), (1, 1), (3, 20), (14, 20), (15, 3), (15, 12), (18, 8)})
tr (inside loop): 3
loc: (24, 9)
succ (after success): 3
idx: 1
ln: [(24, 9), (23, 10), (22, 11), (21, 12), (20, 13), (19, 14), (18, 15), (17, 16), (16, 17), (15, 18), (14, 19), (13, 20), (12, 21), (11, 22), (10, 23), (9, 24), (8, 25), (7, 26), (6, 27), (5, 28)]
col: 6
gi (after fill): ((1, 1, 1, 1, 1, 1, 1, 1, 1, 1, 1, 1, 1, 1, 1, 1, 1, 1, 1, 1, 1, 1, 1, 1, 1, 1, 1, 1, 1), (1, 1, 1, 1, 1, 1, 1, 1, 1, 1, 1, 1, 1, 1, 1, 1, 1, 1, 1, 1, 1, 4, 1, 1, 1, 1, 1, 1, 1), (1, 1, 1, 1, 1, 1, 1, 1, 1, 1, 1, 1, 1, 1, 1, 1, 1, 1, 1, 1, 1, 1, 1, 1, 1, 1, 1, 1, 1), (1, 1, 1, 1, 1, 1, 1, 1, 1, 1, 1, 1, 1, 1, 1, 1, 1, 1, 1, 1, 1, 1, 1, 1, 1, 1, 1, 1, 1), (1, 1, 1, 1, 1, 1, 1, 1, 1, 1, 1, 1, 1, 1, 1, 1, 1, 1, 1, 1, 1, 1, 1, 1, 1, 1, 1, 1, 1), (1, 1, 1, 1, 1, 1, 1, 1, 1, 1, 1, 1, 1, 1, 1, 1, 1, 1, 1, 1, 1, 1, 1, 1, 1, 1, 1, 1, 6), (1, 1, 1, 1, 1, 1, 1, 1, 1, 1, 1, 1, 1, 1, 1, 1, 1, 1, 1, 1, 1, 1, 1, 1, 1, 1, 1, 1, 1), (1, 1, 1, 1, 1, 1, 1, 1, 1, 1, 1, 1, 1, 1, 1, 1, 1, 1, 1, 1, 1, 1, 1, 1, 1, 1, 1, 1, 1), (1, 1, 1, 1, 1, 1, 1, 1, 1, 1, 1, 1, 1, 1, 1, 1, 1, 1, 1, 1, 1, 1, 1, 1, 1, 1, 1, 1, 9), (1, 1, 1, 1, 1, 1, 1, 1, 1, 1, 1, 1, 1, 1, 1, 1, 1, 1, 1, 1, 1, 1, 1, 1, 1, 1, 1, 1, 1), (1, 1, 1, 1, 1, 1, 1, 1, 1, 1, 1, 1, 1, 1, 1, 1, 1, 1, 1, 1, 1, 1, 1, 1, 1, 1, 1, 1, 1), (1, 1, 1, 1, 1, 1, 1, 1, 1, 1, 1, 1, 1, 1, 1, 1, 1, 1, 1, 1, 1, 1, 1, 1, 1, 1, 1, 1, 1), (1, 1, 1, 1, 1, 1, 1, 1, 1, 1, 1, 1, 1, 1, 1, 1, 1, 1, 1, 1, 1, 1, 1, 1, 1, 1, 1, 1, 1), (1, 1, 1, 1, 1, 1, 1, 1, 1, 1, 1, 1, 1, 1, 1, 1, 1, 1, 1, 1, 1, 1, 1, 1, 1, 1, 1, 1, 1), (1, 1, 1, 1, 1, 1, 1, 1, 1, 1, 1, 1, 1, 1, 1, 1, 1, 1, 1, 1, 1, 1, 1, 1, 1, 1, 1, 1, 1), (1, 1, 1, 1, 1, 1, 1, 1, 1, 1, 1, 1, 1, 1, 1, 1, 1, 1, 1, 1, 1, 9, 1, 1, 1, 1, 1, 1, 1), (1, 1, 1, 1, 1, 1, 1, 1, 1, 1, 1, 1, 1, 1, 1, 1, 1, 1, 1, 1, 1, 1, 1, 1, 1, 1, 1, 1, 1), (1, 1, 1, 1, 1, 1, 1, 1, 1, 1, 1, 1, 1, 1, 1, 1, 1, 1, 1, 1, 1, 1, 1, 1, 1, 1, 1, 1, 1), (1, 1, 1, 1, 1, 1, 1, 1, 1, 1, 1, 1, 1, 1, 1, 1, 1, 1, 1, 1, 1, 1, 1, 1, 1, 1, 1, 1, 1), (1, 1, 1, 1, 1, 1, 1, 1, 1, 1, 1, 1, 1, 1, 1, 1, 1, 1, 1, 1, 1, 1, 1, 1, 1, 1, 1, 1, 1), (1, 1, 1, 1, 1, 1, 1, 1, 1, 1, 1, 1, 1, 1, 1, 1, 1, 1, 1, 1, 1, 1, 1, 1, 1, 1, 1, 1, 1), (1, 1, 1, 1, 1, 1, 1, 1, 1, 1, 1, 1, 1, 1, 1, 1, 1, 1, 1, 1, 1, 1, 1, 1, 1, 1, 1, 1, 1), (4, 1, 1, 1, 1, 1, 1, 1, 1, 1, 1, 1, 1, 1, 1, 1, 1, 1, 1, 1, 1, 1, 1, 1, 1, 1, 1, 1, 1), (1, 1, 1, 1, 1, 1, 1, 1, 1, 1, 1, 1, 1, 1, 1, 1, 1, 1, 1, 1, 1, 1, 1, 1, 1, 1, 1, 1, 1), (1, 1, 1, 1, 1, 1, 1, 1, 1, 6, 1, 1, 1, 1, 1, 1, 1, 1, 1, 1, 1, 1, 1, 1, 1, 1, 1, 1, 1))
inds (after removing ln): frozenset({(7, 17), (18, 17), (18, 26), (8, 0), (19, 0), (8, 9), (19, 9), (0, 5), (11, 5), (8, 18), (19, 18), (0, 14), (11, 14), (0, 23), (11, 23), (10, 27), (4, 2), (22, 10), (3, 6), (22, 19), (3, 15), (14, 15), (22, 28), (3, 24), (14, 24), (7, 3), (18, 3), (15, 16), (7, 12), (18, 12), (15, 25), (7, 21), (18, 21), (8, 4), (19, 4), (0, 0), (11, 0), (0, 9), (11, 9), (10, 22), (2, 27), (22, 5), (3, 1), (14, 1), (22, 14), (3, 10), (14, 10), (22, 23), (3, 28), (14, 28), (15, 2), (15, 11), (7, 7), (18, 7), (7, 16), (18, 16), (21, 18), (21, 27), (11, 4), (10, 8), (10, 17), (2, 13), (2, 22), (22, 9), (3, 5), (14, 5), (22, 18), (3, 14), (14, 14), (22, 27), (3, 23), (14, 23), (15, 6), (17, 25), (7, 2), (18, 2), (7, 11), (18, 11), (6, 15), (21, 13), (6, 24), (21, 22), (10, 3), (2, 8), (10, 21), (2, 17), (2, 26), (22, 4), (3, 0), (14, 0), (22, 13), (3, 9), (14, 9), (3, 18), (14, 18), (17, 20), (5, 27), (9, 25), (6, 10), (21, 8), (6, 19), (21, 17), (6, 28), (21, 26), (10, 7), (2, 3), (10, 16), (2, 12), (10, 25), (2, 21), (22, 8), (13, 27), (24, 27), (3, 4), (14, 4), (17, 6), (17, 15), (9, 11), (5, 22), (17, 24), (9, 20), (6, 5), (21, 3), (6, 14), (6, 23), (21, 21), (10, 2), (10, 11), (2, 7), (2, 16), (13, 13), (24, 13), (13, 22), (24, 22), (16, 18), (16, 27), (17, 1), (5, 8), (17, 10), (9, 6), (17, 19), (9, 15), (5, 26), (17, 28), (6, 0), (6, 9), (21, 7), (6, 18), (21, 16), (20, 20), (10, 6), (12, 25), (23, 25), (2, 2), (2, 11), (13, 8), (24, 8), (1, 15), (13, 17), (24, 17), (16, 13), (1, 24), (13, 26), (24, 26), (16, 22), (5, 3), (9, 1), (5, 12), (17, 14), (9, 10), (5, 21), (17, 23), (9, 19), (9, 28), (6, 4), (21, 2), (6, 13), (20, 15), (20, 24), (12, 20), (23, 20), (4, 25), (13, 3), (24, 3), (1, 10), (13, 12), (24, 12), (16, 8), (1, 19), (13, 21), (24, 21), (1, 28), (16, 26), (17, 0), (5, 7), (17, 9), (9, 5), (5, 16), (9, 14), (5, 25), (8, 27), (19, 27), (20, 1), (20, 10), (12, 6), (23, 6), (20, 19), (12, 15), (23, 15), (20, 28), (4, 11), (23, 24), (4, 20), (1, 5), (13, 7), (24, 7), (16, 3), (1, 14), (13, 16), (24, 16), (16, 12), (1, 23), (24, 25), (16, 21), (5, 2), (17, 4), (9, 0), (5, 11), (9, 9), (8, 13), (19, 13), (8, 22), (19, 22), (0, 18), (11, 18), (0, 27), (11, 27), (20, 5), (12, 1), (23, 1), (20, 14), (20, 23), (4, 6), (12, 19), (23, 19), (4, 15), (12, 28), (23, 28), (4, 24), (1, 0), (13, 2), (24, 2), (1, 9), (13, 11), (24, 11), (16, 7), (1, 18), (16, 16), (15, 20), (5, 6), (7, 25), (18, 25), (18, 8), (8, 8), (19, 8), (0, 4), (8, 17), (19, 17), (0, 13), (11, 13), (8, 26), (19, 26), (0, 22), (20, 0), (20, 9), (12, 5), (23, 5), (20, 18), (4, 1), (12, 14), (23, 14), (4, 10), (12, 23), (23, 23), (4, 19), (4, 28), (1, 4), (24, 6), (16, 2), (1, 13), (15, 15), (15, 24), (7, 20), (18, 20), (8, 3), (8, 12), (19, 12), (0, 8), (11, 8), (8, 21), (19, 21), (0, 17), (11, 17), (0, 26), (11, 26), (20, 4), (12, 0), (23, 0), (12, 9), (23, 9), (4, 5), (23, 18), (4, 14), (22, 22), (3, 27), (14, 27), (15, 1), (15, 10), (7, 6), (18, 6), (15, 19), (15, 28), (7, 24), (18, 24), (8, 7), (19, 7), (0, 3), (11, 3), (8, 16), (19, 16), (0, 12), (11, 12), (19, 25), (0, 21), (11, 21), (12, 4), (23, 4), (4, 0), (4, 9), (22, 17), (3, 13), (14, 13), (22, 26), (3, 22), (15, 5), (7, 1), (18, 1), (15, 14), (7, 10), (18, 10), (15, 23), (7, 19), (18, 19), (7, 28), (18, 28), (8, 2), (19, 2), (8, 11), (19, 11), (0, 7), (11, 7), (0, 16), (11, 16), (10, 20), (2, 25), (22, 3), (22, 12), (3, 8), (22, 21), (3, 17), (14, 17), (3, 26), (14, 26), (15, 0), (15, 9), (7, 5), (18, 5), (7, 14), (18, 14), (7, 23), (18, 23), (19, 6), (21, 25), (0, 2), (11, 2), (10, 15), (10, 24), (22, 7), (3, 3), (14, 3), (22, 16), (3, 12), (14, 12), (22, 25), (3, 21), (14, 21), (15, 4), (7, 0), (18, 0), (15, 13), (7, 9), (18, 9), (18, 18), (21, 11), (6, 22), (21, 20), (10, 1), (10, 10), (2, 6), (10, 19), (2, 15), (10, 28), (2, 24), (22, 2), (3, 7), (14, 7), (22, 20), (3, 16), (14, 16), (3, 25), (14, 25), (17, 18), (17, 27), (7, 4), (9, 23), (6, 8), (21, 6), (6, 17), (21, 15), (6, 26), (21, 24), (10, 5), (2, 1), (10, 14), (2, 10), (2, 19), (2, 28), (22, 6), (13, 25), (3, 2), (14, 2), (3, 11), (14, 11), (17, 13), (5, 20), (17, 22), (9, 18), (6, 3), (6, 12), (21, 10), (6, 21), (21, 19), (21, 28), (10, 0), (10, 9), (2, 5), (10, 18), (2, 14), (2, 23), (22, 1), (24, 20), (1, 27), (14, 6), (16, 25), (17, 8), (9, 4), (5, 15), (17, 17), (5, 24), (17, 26), (9, 22), (6, 7), (21, 5), (21, 14), (6, 25), (21, 23), (20, 27), (10, 4), (2, 0), (10, 13), (2, 9), (13, 6), (2, 18), (13, 15), (24, 15), (16, 11), (1, 22), (13, 24), (24, 24), (16, 20), (5, 1), (17, 3), (5, 10), (17, 12), (9, 8), (5, 19), (17, 21), (9, 17), (9, 26), (6, 2), (21, 0), (6, 11), (21, 9), (6, 20), (20, 22), (12, 18), (12, 27), (23, 27), (2, 4), (4, 23), (13, 1), (24, 1), (1, 8), (13, 10), (24, 10), (1, 17), (13, 19), (24, 19), (16, 15), (1, 26), (13, 28), (24, 28), (16, 24), (5, 5), (17, 7), (9, 3), (5, 14), (9, 12), (5, 23), (9, 21), (6, 6), (21, 4), (20, 8), (20, 17), (12, 13), (23, 13), (20, 26), (12, 22), (23, 22), (4, 27), (1, 3), (13, 5), (24, 5), (16, 1), (1, 12), (13, 14), (24, 14), (16, 10), (24, 23), (16, 19), (16, 28), (5, 0), (17, 2), (5, 9), (17, 11), (9, 7), (5, 18), (9, 16), (6, 1), (8, 20), (19, 20), (0, 25), (20, 3), (20, 12), (12, 8), (23, 8), (20, 21), (4, 4), (12, 17), (23, 17), (4, 13), (12, 26), (23, 26), (4, 22), (13, 0), (24, 0), (1, 7), (16, 5), (1, 16), (13, 18), (24, 18), (16, 14), (1, 25), (16, 23), (15, 27), (5, 4), (9, 2), (5, 13), (8, 6), (8, 15), (19, 15), (0, 11), (8, 24), (19, 24), (0, 20), (11, 20), (20, 7), (12, 3), (23, 3), (20, 16), (12, 12), (23, 12), (20, 25), (4, 8), (23, 21), (4, 17), (4, 26), (1, 2), (13, 4), (24, 4), (16, 0), (1, 11), (16, 9), (1, 20), (15, 22), (7, 18), (7, 27), (18, 27), (8, 1), (19, 1), (8, 10), (19, 10), (0, 6), (11, 6), (8, 19), (19, 19), (0, 15), (11, 15), (19, 28), (0, 24), (11, 24), (20, 11), (12, 7), (23, 7), (4, 3), (12, 16), (23, 16), (4, 12), (4, 21), (1, 6), (16, 4), (15, 8), (15, 17), (7, 13), (18, 13), (15, 26), (7, 22), (18, 22), (8, 5), (19, 5), (0, 1), (11, 1), (0, 10), (11, 10), (8, 23), (19, 23), (0, 19), (11, 19), (0, 28), (11, 28), (20, 6), (12, 2), (23, 2), (12, 11), (23, 11), (4, 7), (4, 16), (22, 15), (22, 24), (1, 1), (3, 20), (14, 20), (15, 3), (15, 12), (7, 8)})
