Modified Function Code:
from re_arc.dsl import *
def generate_2013d3e2() -> dict:
    diff_lb = 0
    diff_ub = 1
    print(f"diff_lb: {diff_lb}, diff_ub: {diff_ub}")
    
    cols = interval(1, 10, 1)
    print(f"cols: {cols}")
    
    h = unifint(diff_lb, diff_ub, (3, 10))
    print(f"h: {h}")
    
    w = h
    print(f"w: {w}")
    
    bgc = choice(cols)
    print(f"bgc: {bgc}")
    
    remcols = remove(bgc, cols)
    print(f"remcols: {remcols}")
    
    numcols = unifint(diff_lb, diff_ub, (1, 8))
    print(f"numcols: {numcols}")
    
    remcols = sample(remcols, numcols)
    print(f"remcols after sampling: {remcols}")
    
    canv = canvas(bgc, (h, w))
    print(f"canv: {canv}")
    
    nc = unifint(diff_lb, diff_ub, (2, h * w - 1))
    print(f"nc: {nc}")
    
    bx = asindices(canv)
    print(f"bx: {bx}")
    
    obj = {(choice(remcols), choice(totuple(bx)))}
    print(f"initial obj: {obj}")
    
    for kk in range(nc - 1):
        dns = mapply(neighbors, toindices(obj))
        print(f"dns: {dns}")
        
        ch = choice(totuple(bx & dns))
        print(f"ch: {ch}")
        
        obj.add((choice(remcols), ch))
        print(f"obj after adding: {obj}")
        
        bx = bx - {ch}
        print(f"bx after removing ch: {bx}")
    
    gi = paint(canv, obj)
    print(f"gi: {gi}")
    
    gi1 = hconcat(gi, rot90(gi))
    print(f"gi1: {gi1}")
    
    gi2 = hconcat(rot270(gi), rot180(gi))
    print(f"gi2: {gi2}")
    
    gi = vconcat(gi1, gi2)
    print(f"gi after vconcat: {gi}")
    
    fullh = unifint(diff_lb, diff_ub, (2*h, 30))
    print(f"fullh: {fullh}")
    
    fullw = unifint(diff_lb, diff_ub, (2*w, 30))
    print(f"fullw: {fullw}")
    
    gio = asobject(gi)
    print(f"gio: {gio}")
    
    gic = canvas(bgc, (fullh, fullw))
    print(f"gic: {gic}")
    
    loci = randint(0, fullh - 2*h)
    print(f"loci: {loci}")
    
    locj = randint(0, fullw - 2*w)
    print(f"locj: {locj}")
    
    gi = paint(gic, shift(gio, (loci, locj)))
    print(f"gi after final paint: {gi}")
    
    reminds = difference(asindices(gi), ofcolor(gi, bgc))
    print(f"reminds: {reminds}")
    
    return {'input': gi}

Printed Outputs:
diff_lb: 0, diff_ub: 1
cols: (1, 2, 3, 4, 5, 6, 7, 8, 9)
h: 7
w: 7
bgc: 7
remcols: (1, 2, 3, 4, 5, 6, 8, 9)
numcols: 1
remcols after sampling: [5]
canv: ((7, 7, 7, 7, 7, 7, 7), (7, 7, 7, 7, 7, 7, 7), (7, 7, 7, 7, 7, 7, 7), (7, 7, 7, 7, 7, 7, 7), (7, 7, 7, 7, 7, 7, 7), (7, 7, 7, 7, 7, 7, 7), (7, 7, 7, 7, 7, 7, 7))
nc: 48
bx: frozenset({(4, 0), (3, 4), (4, 3), (3, 1), (5, 4), (4, 6), (5, 1), (0, 2), (0, 5), (2, 2), (1, 0), (1, 6), (2, 5), (1, 3), (6, 2), (6, 5), (4, 2), (3, 0), (4, 5), (3, 3), (5, 0), (5, 6), (3, 6), (5, 3), (0, 1), (2, 4), (1, 2), (0, 4), (2, 1), (1, 5), (6, 1), (6, 4), (3, 2), (4, 1), (3, 5), (5, 2), (4, 4), (5, 5), (0, 0), (1, 1), (0, 3), (2, 0), (1, 4), (0, 6), (2, 3), (2, 6), (6, 0), (6, 6), (6, 3)})
initial obj: {(5, (4, 1))}
dns: frozenset({(4, 0), (3, 1), (5, 1), (4, 2), (3, 0), (5, 0), (3, 2), (5, 2)})
ch: (5, 1)
obj after adding: {(5, (5, 1)), (5, (4, 1))}
bx after removing ch: frozenset({(4, 0), (3, 4), (4, 3), (3, 1), (5, 4), (4, 6), (0, 2), (0, 5), (2, 2), (1, 0), (1, 6), (2, 5), (1, 3), (6, 2), (6, 5), (4, 2), (3, 0), (4, 5), (3, 3), (5, 0), (5, 6), (3, 6), (5, 3), (0, 1), (2, 4), (1, 2), (0, 4), (2, 1), (1, 5), (6, 1), (6, 4), (3, 2), (4, 1), (3, 5), (5, 2), (4, 4), (5, 5), (0, 0), (1, 1), (0, 3), (2, 0), (1, 4), (0, 6), (2, 3), (2, 6), (6, 0), (6, 6), (6, 3)})
dns: frozenset({(6, 2), (4, 0), (3, 1), (6, 1), (5, 1), (4, 2), (3, 0), (5, 0), (6, 0), (3, 2), (4, 1), (5, 2)})
ch: (6, 0)
obj after adding: {(5, (5, 1)), (5, (6, 0)), (5, (4, 1))}
bx after removing ch: frozenset({(4, 0), (3, 4), (4, 3), (3, 1), (5, 4), (4, 6), (0, 2), (0, 5), (2, 2), (1, 0), (1, 6), (2, 5), (1, 3), (6, 2), (6, 5), (4, 2), (3, 0), (4, 5), (3, 3), (5, 0), (5, 6), (3, 6), (5, 3), (0, 1), (2, 4), (1, 2), (0, 4), (2, 1), (1, 5), (6, 1), (6, 4), (3, 2), (4, 1), (3, 5), (5, 2), (4, 4), (5, 5), (0, 0), (1, 1), (0, 3), (2, 0), (1, 4), (0, 6), (2, 3), (2, 6), (6, 6), (6, 3)})
dns: frozenset({(7, -1), (6, 2), (4, 0), (7, 1), (3, 1), (6, 1), (5, -1), (7, 0), (6, -1), (5, 1), (4, 2), (3, 0), (5, 0), (6, 0), (3, 2), (4, 1), (5, 2)})
ch: (5, 2)
obj after adding: {(5, (5, 1)), (5, (5, 2)), (5, (6, 0)), (5, (4, 1))}
bx after removing ch: frozenset({(4, 0), (3, 4), (4, 3), (3, 1), (5, 4), (4, 6), (0, 2), (0, 5), (2, 2), (1, 0), (1, 6), (2, 5), (1, 3), (6, 2), (6, 5), (4, 2), (3, 0), (4, 5), (3, 3), (5, 0), (5, 6), (3, 6), (5, 3), (0, 1), (2, 4), (1, 2), (0, 4), (2, 1), (1, 5), (6, 1), (6, 4), (3, 2), (4, 1), (3, 5), (4, 4), (5, 5), (0, 0), (1, 1), (0, 3), (2, 0), (1, 4), (0, 6), (2, 3), (2, 6), (6, 6), (6, 3)})
dns: frozenset({(4, 0), (4, 3), (3, 1), (5, -1), (5, 1), (7, -1), (6, 2), (7, 1), (4, 2), (3, 0), (5, 0), (5, 3), (6, 1), (7, 0), (6, -1), (3, 2), (4, 1), (5, 2), (6, 0), (6, 3)})
ch: (5, 0)
obj after adding: {(5, (5, 1)), (5, (5, 0)), (5, (6, 0)), (5, (5, 2)), (5, (4, 1))}
bx after removing ch: frozenset({(4, 0), (3, 4), (4, 3), (3, 1), (5, 4), (4, 6), (0, 2), (0, 5), (2, 2), (1, 0), (1, 6), (2, 5), (1, 3), (6, 2), (6, 5), (4, 2), (3, 0), (4, 5), (3, 3), (5, 6), (3, 6), (5, 3), (0, 1), (2, 4), (1, 2), (0, 4), (2, 1), (1, 5), (6, 1), (6, 4), (3, 2), (4, 1), (3, 5), (4, 4), (5, 5), (0, 0), (1, 1), (0, 3), (2, 0), (1, 4), (0, 6), (2, 3), (2, 6), (6, 6), (6, 3)})
dns: frozenset({(4, 0), (4, 3), (3, 1), (5, -1), (5, 1), (7, -1), (6, 2), (7, 1), (4, 2), (3, 0), (5, 0), (5, 3), (6, 1), (7, 0), (6, -1), (4, -1), (3, 2), (4, 1), (5, 2), (6, 0), (6, 3)})
ch: (3, 2)
obj after adding: {(5, (5, 1)), (5, (5, 0)), (5, (6, 0)), (5, (3, 2)), (5, (5, 2)), (5, (4, 1))}
bx after removing ch: frozenset({(4, 0), (3, 4), (4, 3), (3, 1), (5, 4), (4, 6), (0, 2), (0, 5), (2, 2), (1, 0), (1, 6), (2, 5), (1, 3), (6, 2), (6, 5), (4, 2), (3, 0), (4, 5), (3, 3), (5, 6), (3, 6), (5, 3), (0, 1), (2, 4), (1, 2), (0, 4), (2, 1), (1, 5), (6, 1), (6, 4), (4, 1), (3, 5), (4, 4), (5, 5), (0, 0), (1, 1), (0, 3), (2, 0), (1, 4), (0, 6), (2, 3), (2, 6), (6, 6), (6, 3)})
dns: frozenset({(4, 0), (4, 3), (3, 1), (5, -1), (5, 1), (2, 2), (7, -1), (6, 2), (7, 1), (4, 2), (3, 0), (3, 3), (5, 0), (5, 3), (2, 1), (6, 1), (7, 0), (6, -1), (4, -1), (3, 2), (4, 1), (5, 2), (2, 3), (6, 0), (6, 3)})
ch: (3, 0)
obj after adding: {(5, (3, 0)), (5, (5, 1)), (5, (5, 0)), (5, (6, 0)), (5, (3, 2)), (5, (5, 2)), (5, (4, 1))}
bx after removing ch: frozenset({(4, 0), (3, 4), (4, 3), (3, 1), (5, 4), (4, 6), (0, 2), (0, 5), (2, 2), (1, 0), (1, 6), (2, 5), (1, 3), (6, 2), (6, 5), (4, 2), (4, 5), (3, 3), (5, 6), (3, 6), (5, 3), (0, 1), (2, 4), (1, 2), (0, 4), (2, 1), (1, 5), (6, 1), (6, 4), (4, 1), (3, 5), (4, 4), (5, 5), (0, 0), (1, 1), (0, 3), (2, 0), (1, 4), (0, 6), (2, 3), (2, 6), (6, 6), (6, 3)})
dns: frozenset({(4, 0), (3, -1), (4, 3), (3, 1), (5, -1), (5, 1), (2, 2), (7, -1), (6, 2), (7, 1), (4, 2), (3, 0), (3, 3), (5, 0), (5, 3), (2, -1), (2, 1), (6, 1), (7, 0), (6, -1), (4, -1), (3, 2), (4, 1), (5, 2), (2, 0), (2, 3), (6, 0), (6, 3)})
ch: (2, 0)
obj after adding: {(5, (3, 0)), (5, (5, 1)), (5, (5, 0)), (5, (6, 0)), (5, (3, 2)), (5, (5, 2)), (5, (4, 1)), (5, (2, 0))}
bx after removing ch: frozenset({(4, 0), (3, 4), (4, 3), (3, 1), (5, 4), (4, 6), (0, 2), (0, 5), (2, 2), (1, 0), (1, 6), (2, 5), (1, 3), (6, 2), (6, 5), (4, 2), (4, 5), (3, 3), (5, 6), (3, 6), (5, 3), (0, 1), (2, 4), (1, 2), (0, 4), (2, 1), (1, 5), (6, 1), (6, 4), (4, 1), (3, 5), (4, 4), (5, 5), (0, 0), (1, 1), (0, 3), (1, 4), (0, 6), (2, 3), (2, 6), (6, 6), (6, 3)})
dns: frozenset({(4, 0), (3, -1), (4, 3), (3, 1), (5, -1), (5, 1), (2, 2), (1, 0), (7, -1), (6, 2), (7, 1), (4, 2), (3, 0), (3, 3), (5, 0), (5, 3), (2, -1), (2, 1), (6, 1), (7, 0), (6, -1), (4, -1), (3, 2), (4, 1), (5, 2), (1, 1), (2, 0), (1, -1), (2, 3), (6, 0), (6, 3)})
ch: (1, 0)
obj after adding: {(5, (3, 0)), (5, (5, 1)), (5, (5, 0)), (5, (6, 0)), (5, (1, 0)), (5, (3, 2)), (5, (5, 2)), (5, (4, 1)), (5, (2, 0))}
bx after removing ch: frozenset({(4, 0), (3, 4), (4, 3), (3, 1), (5, 4), (4, 6), (0, 2), (0, 5), (2, 2), (1, 6), (2, 5), (1, 3), (6, 2), (6, 5), (4, 2), (4, 5), (3, 3), (5, 6), (3, 6), (5, 3), (0, 1), (2, 4), (1, 2), (0, 4), (2, 1), (1, 5), (6, 1), (6, 4), (4, 1), (3, 5), (4, 4), (5, 5), (0, 0), (1, 1), (0, 3), (1, 4), (0, 6), (2, 3), (2, 6), (6, 6), (6, 3)})
dns: frozenset({(4, 0), (3, -1), (4, 3), (3, 1), (5, -1), (5, 1), (2, 2), (1, 0), (7, -1), (6, 2), (7, 1), (4, 2), (3, 0), (3, 3), (5, 0), (5, 3), (0, -1), (0, 1), (2, -1), (2, 1), (6, 1), (7, 0), (6, -1), (4, -1), (3, 2), (4, 1), (5, 2), (0, 0), (1, 1), (2, 0), (1, -1), (2, 3), (6, 0), (6, 3)})
ch: (4, 1)
obj after adding: {(5, (3, 0)), (5, (5, 1)), (5, (5, 0)), (5, (6, 0)), (5, (1, 0)), (5, (3, 2)), (5, (5, 2)), (5, (4, 1)), (5, (2, 0))}
bx after removing ch: frozenset({(4, 0), (3, 4), (4, 3), (3, 1), (5, 4), (4, 6), (0, 2), (0, 5), (2, 2), (1, 6), (2, 5), (1, 3), (6, 2), (6, 5), (4, 2), (4, 5), (3, 3), (5, 6), (3, 6), (5, 3), (0, 1), (2, 4), (1, 2), (0, 4), (2, 1), (1, 5), (6, 1), (6, 4), (3, 5), (4, 4), (5, 5), (0, 0), (1, 1), (0, 3), (1, 4), (0, 6), (2, 3), (2, 6), (6, 6), (6, 3)})
dns: frozenset({(4, 0), (3, -1), (4, 3), (3, 1), (5, -1), (5, 1), (2, 2), (1, 0), (7, -1), (6, 2), (7, 1), (4, 2), (3, 0), (3, 3), (5, 0), (5, 3), (0, -1), (0, 1), (2, -1), (2, 1), (6, 1), (7, 0), (6, -1), (4, -1), (3, 2), (4, 1), (5, 2), (0, 0), (1, 1), (2, 0), (1, -1), (2, 3), (6, 0), (6, 3)})
ch: (6, 1)
obj after adding: {(5, (3, 0)), (5, (5, 1)), (5, (5, 0)), (5, (6, 0)), (5, (1, 0)), (5, (3, 2)), (5, (6, 1)), (5, (5, 2)), (5, (4, 1)), (5, (2, 0))}
bx after removing ch: frozenset({(4, 0), (3, 4), (4, 3), (3, 1), (5, 4), (4, 6), (0, 2), (0, 5), (2, 2), (1, 6), (2, 5), (1, 3), (6, 2), (6, 5), (4, 2), (4, 5), (3, 3), (5, 6), (3, 6), (5, 3), (0, 1), (2, 4), (1, 2), (0, 4), (2, 1), (1, 5), (6, 4), (3, 5), (4, 4), (5, 5), (0, 0), (1, 1), (0, 3), (1, 4), (0, 6), (2, 3), (2, 6), (6, 6), (6, 3)})
dns: frozenset({(4, 0), (3, -1), (4, 3), (3, 1), (5, -1), (5, 1), (2, 2), (1, 0), (7, -1), (6, 2), (7, 1), (4, 2), (3, 0), (3, 3), (5, 0), (5, 3), (0, -1), (0, 1), (2, -1), (2, 1), (6, 1), (7, 0), (6, -1), (4, -1), (3, 2), (4, 1), (5, 2), (0, 0), (1, 1), (2, 0), (1, -1), (2, 3), (7, 2), (6, 0), (6, 3)})
ch: (1, 1)
obj after adding: {(5, (3, 0)), (5, (5, 1)), (5, (1, 1)), (5, (5, 0)), (5, (6, 0)), (5, (1, 0)), (5, (3, 2)), (5, (6, 1)), (5, (5, 2)), (5, (4, 1)), (5, (2, 0))}
bx after removing ch: frozenset({(4, 0), (3, 4), (4, 3), (3, 1), (5, 4), (4, 6), (0, 2), (0, 5), (2, 2), (1, 6), (2, 5), (1, 3), (6, 2), (6, 5), (4, 2), (4, 5), (3, 3), (5, 6), (3, 6), (5, 3), (0, 1), (2, 4), (1, 2), (0, 4), (2, 1), (1, 5), (6, 4), (3, 5), (4, 4), (5, 5), (0, 0), (0, 3), (1, 4), (0, 6), (2, 3), (2, 6), (6, 6), (6, 3)})
dns: frozenset({(4, 0), (3, -1), (4, 3), (3, 1), (5, -1), (5, 1), (0, 2), (2, 2), (1, 0), (7, -1), (6, 2), (7, 1), (4, 2), (3, 0), (3, 3), (5, 0), (5, 3), (0, -1), (0, 1), (2, -1), (1, 2), (2, 1), (6, 1), (7, 0), (6, -1), (4, -1), (3, 2), (4, 1), (5, 2), (0, 0), (1, 1), (2, 0), (1, -1), (2, 3), (7, 2), (6, 0), (6, 3)})
ch: (4, 0)
obj after adding: {(5, (3, 0)), (5, (5, 1)), (5, (1, 1)), (5, (4, 0)), (5, (5, 0)), (5, (6, 0)), (5, (1, 0)), (5, (3, 2)), (5, (6, 1)), (5, (5, 2)), (5, (4, 1)), (5, (2, 0))}
bx after removing ch: frozenset({(3, 4), (4, 3), (3, 1), (5, 4), (4, 6), (0, 2), (0, 5), (2, 2), (1, 6), (2, 5), (1, 3), (6, 2), (6, 5), (4, 2), (4, 5), (3, 3), (5, 6), (3, 6), (5, 3), (0, 1), (2, 4), (1, 2), (0, 4), (2, 1), (1, 5), (6, 4), (3, 5), (4, 4), (5, 5), (0, 0), (0, 3), (1, 4), (0, 6), (2, 3), (2, 6), (6, 6), (6, 3)})
dns: frozenset({(4, 0), (3, -1), (4, 3), (3, 1), (5, -1), (5, 1), (0, 2), (2, 2), (1, 0), (7, -1), (6, 2), (7, 1), (4, 2), (3, 0), (3, 3), (5, 0), (5, 3), (0, -1), (0, 1), (2, -1), (1, 2), (2, 1), (6, 1), (7, 0), (6, -1), (4, -1), (3, 2), (4, 1), (5, 2), (0, 0), (1, 1), (2, 0), (1, -1), (2, 3), (7, 2), (6, 0), (6, 3)})
ch: (6, 2)
obj after adding: {(5, (3, 0)), (5, (5, 1)), (5, (1, 1)), (5, (6, 2)), (5, (4, 0)), (5, (5, 0)), (5, (6, 0)), (5, (1, 0)), (5, (3, 2)), (5, (6, 1)), (5, (5, 2)), (5, (4, 1)), (5, (2, 0))}
bx after removing ch: frozenset({(3, 4), (4, 3), (3, 1), (5, 4), (4, 6), (0, 2), (0, 5), (2, 2), (1, 6), (2, 5), (1, 3), (6, 5), (4, 2), (4, 5), (3, 3), (5, 6), (3, 6), (5, 3), (0, 1), (2, 4), (1, 2), (0, 4), (2, 1), (1, 5), (6, 4), (3, 5), (4, 4), (5, 5), (0, 0), (0, 3), (1, 4), (0, 6), (2, 3), (2, 6), (6, 6), (6, 3)})
dns: frozenset({(4, 0), (3, -1), (4, 3), (3, 1), (5, -1), (5, 1), (0, 2), (2, 2), (1, 0), (7, -1), (6, 2), (7, 1), (4, 2), (3, 0), (3, 3), (5, 0), (5, 3), (0, -1), (0, 1), (2, -1), (1, 2), (2, 1), (6, 1), (7, 0), (6, -1), (7, 3), (4, -1), (3, 2), (4, 1), (5, 2), (0, 0), (1, 1), (2, 0), (1, -1), (2, 3), (7, 2), (6, 0), (6, 3)})
ch: (0, 2)
obj after adding: {(5, (3, 0)), (5, (5, 1)), (5, (1, 1)), (5, (6, 2)), (5, (4, 0)), (5, (5, 0)), (5, (6, 0)), (5, (1, 0)), (5, (3, 2)), (5, (6, 1)), (5, (5, 2)), (5, (0, 2)), (5, (4, 1)), (5, (2, 0))}
bx after removing ch: frozenset({(3, 4), (4, 3), (3, 1), (5, 4), (4, 6), (0, 5), (2, 2), (1, 6), (2, 5), (1, 3), (6, 5), (4, 2), (4, 5), (3, 3), (5, 6), (3, 6), (5, 3), (0, 1), (2, 4), (1, 2), (0, 4), (2, 1), (1, 5), (6, 4), (3, 5), (4, 4), (5, 5), (0, 0), (0, 3), (1, 4), (0, 6), (2, 3), (2, 6), (6, 6), (6, 3)})
dns: frozenset({(4, 0), (3, -1), (4, 3), (3, 1), (5, -1), (5, 1), (0, 2), (2, 2), (1, 0), (1, 3), (7, -1), (6, 2), (7, 1), (-1, 1), (4, 2), (3, 0), (3, 3), (5, 0), (5, 3), (0, -1), (0, 1), (2, -1), (1, 2), (2, 1), (6, 1), (7, 0), (6, -1), (7, 3), (6, 3), (-1, 3), (4, -1), (3, 2), (4, 1), (5, 2), (0, 0), (1, 1), (0, 3), (2, 0), (1, -1), (2, 3), (7, 2), (6, 0), (-1, 2)})
ch: (2, 1)
obj after adding: {(5, (3, 0)), (5, (5, 1)), (5, (1, 1)), (5, (6, 2)), (5, (4, 0)), (5, (5, 0)), (5, (6, 0)), (5, (1, 0)), (5, (3, 2)), (5, (6, 1)), (5, (5, 2)), (5, (0, 2)), (5, (2, 1)), (5, (4, 1)), (5, (2, 0))}
bx after removing ch: frozenset({(3, 4), (4, 3), (3, 1), (5, 4), (4, 6), (0, 5), (2, 2), (1, 6), (2, 5), (1, 3), (6, 5), (4, 2), (4, 5), (3, 3), (5, 6), (3, 6), (5, 3), (0, 1), (2, 4), (1, 2), (0, 4), (1, 5), (6, 4), (3, 5), (4, 4), (5, 5), (0, 0), (0, 3), (1, 4), (0, 6), (2, 3), (2, 6), (6, 6), (6, 3)})
dns: frozenset({(4, 0), (3, -1), (4, 3), (3, 1), (5, -1), (5, 1), (0, 2), (2, 2), (1, 0), (1, 3), (7, -1), (6, 2), (7, 1), (-1, 1), (4, 2), (3, 0), (3, 3), (5, 0), (5, 3), (0, -1), (0, 1), (2, -1), (1, 2), (2, 1), (6, 1), (7, 0), (6, -1), (7, 3), (6, 3), (-1, 3), (4, -1), (3, 2), (4, 1), (5, 2), (0, 0), (1, 1), (0, 3), (2, 0), (1, -1), (2, 3), (7, 2), (6, 0), (-1, 2)})
ch: (0, 1)
obj after adding: {(5, (3, 0)), (5, (5, 1)), (5, (1, 1)), (5, (6, 2)), (5, (4, 0)), (5, (5, 0)), (5, (6, 0)), (5, (1, 0)), (5, (3, 2)), (5, (6, 1)), (5, (5, 2)), (5, (0, 2)), (5, (2, 1)), (5, (4, 1)), (5, (0, 1)), (5, (2, 0))}
bx after removing ch: frozenset({(3, 4), (4, 3), (3, 1), (5, 4), (4, 6), (0, 5), (2, 2), (1, 6), (2, 5), (1, 3), (6, 5), (4, 2), (4, 5), (3, 3), (5, 6), (3, 6), (5, 3), (2, 4), (1, 2), (0, 4), (1, 5), (6, 4), (3, 5), (4, 4), (5, 5), (0, 0), (0, 3), (1, 4), (0, 6), (2, 3), (2, 6), (6, 6), (6, 3)})
dns: frozenset({(4, 0), (3, -1), (4, 3), (3, 1), (5, -1), (5, 1), (0, 2), (2, 2), (1, 0), (1, 3), (7, -1), (6, 2), (7, 1), (-1, 1), (4, 2), (3, 0), (3, 3), (5, 0), (5, 3), (0, -1), (0, 1), (2, -1), (1, 2), (2, 1), (6, 1), (7, 0), (6, -1), (7, 3), (-1, 0), (6, 3), (-1, 3), (4, -1), (3, 2), (4, 1), (5, 2), (0, 0), (1, 1), (0, 3), (2, 0), (1, -1), (2, 3), (7, 2), (6, 0), (-1, 2)})
ch: (5, 3)
obj after adding: {(5, (3, 0)), (5, (5, 1)), (5, (5, 3)), (5, (1, 1)), (5, (6, 2)), (5, (4, 0)), (5, (5, 0)), (5, (6, 0)), (5, (1, 0)), (5, (3, 2)), (5, (6, 1)), (5, (5, 2)), (5, (0, 2)), (5, (2, 1)), (5, (4, 1)), (5, (0, 1)), (5, (2, 0))}
bx after removing ch: frozenset({(3, 4), (4, 3), (3, 1), (5, 4), (4, 6), (0, 5), (2, 2), (1, 6), (2, 5), (1, 3), (6, 5), (4, 2), (4, 5), (3, 3), (5, 6), (3, 6), (2, 4), (1, 2), (0, 4), (1, 5), (6, 4), (3, 5), (4, 4), (5, 5), (0, 0), (0, 3), (1, 4), (0, 6), (2, 3), (2, 6), (6, 6), (6, 3)})
dns: frozenset({(4, 0), (3, -1), (4, 3), (3, 1), (5, -1), (5, 4), (5, 1), (0, 2), (2, 2), (1, 0), (1, 3), (7, -1), (6, 2), (7, 1), (-1, 1), (4, 2), (3, 0), (3, 3), (5, 0), (5, 3), (0, -1), (0, 1), (2, -1), (1, 2), (2, 1), (6, 1), (7, 0), (6, -1), (6, 4), (7, 3), (-1, 0), (-1, 3), (4, -1), (3, 2), (-1, 2), (4, 1), (5, 2), (4, 4), (0, 0), (1, 1), (0, 3), (2, 0), (1, -1), (2, 3), (7, 2), (6, 0), (6, 3)})
ch: (6, 3)
obj after adding: {(5, (3, 0)), (5, (5, 1)), (5, (5, 3)), (5, (1, 1)), (5, (6, 2)), (5, (6, 3)), (5, (4, 0)), (5, (5, 0)), (5, (6, 0)), (5, (1, 0)), (5, (3, 2)), (5, (6, 1)), (5, (5, 2)), (5, (0, 2)), (5, (2, 1)), (5, (4, 1)), (5, (0, 1)), (5, (2, 0))}
bx after removing ch: frozenset({(3, 4), (4, 3), (3, 1), (5, 4), (4, 6), (0, 5), (2, 2), (1, 6), (2, 5), (1, 3), (6, 5), (4, 2), (4, 5), (3, 3), (5, 6), (3, 6), (2, 4), (1, 2), (0, 4), (1, 5), (6, 4), (3, 5), (4, 4), (5, 5), (0, 0), (0, 3), (1, 4), (0, 6), (2, 3), (2, 6), (6, 6)})
dns: frozenset({(4, 0), (3, -1), (4, 3), (3, 1), (5, -1), (5, 4), (5, 1), (0, 2), (2, 2), (1, 0), (1, 3), (7, -1), (7, 4), (6, 2), (7, 1), (-1, 1), (4, 2), (3, 0), (3, 3), (5, 0), (5, 3), (0, -1), (0, 1), (2, -1), (1, 2), (2, 1), (6, 1), (7, 0), (6, -1), (6, 4), (7, 3), (-1, 0), (-1, 3), (4, -1), (3, 2), (-1, 2), (4, 1), (5, 2), (4, 4), (0, 0), (1, 1), (0, 3), (2, 0), (1, -1), (2, 3), (7, 2), (6, 0), (6, 3)})
ch: (2, 3)
obj after adding: {(5, (2, 3)), (5, (5, 2)), (5, (0, 1)), (5, (3, 0)), (5, (5, 3)), (5, (6, 0)), (5, (6, 1)), (5, (3, 2)), (5, (2, 0)), (5, (6, 2)), (5, (5, 0)), (5, (0, 2)), (5, (6, 3)), (5, (5, 1)), (5, (4, 0)), (5, (1, 0)), (5, (2, 1)), (5, (4, 1)), (5, (1, 1))}
bx after removing ch: frozenset({(2, 4), (1, 2), (0, 4), (3, 4), (4, 3), (3, 1), (1, 5), (5, 4), (4, 6), (6, 4), (0, 5), (2, 2), (1, 6), (2, 5), (1, 3), (3, 5), (4, 4), (5, 5), (6, 5), (0, 0), (0, 3), (4, 2), (1, 4), (0, 6), (4, 5), (3, 3), (2, 6), (5, 6), (3, 6), (6, 6)})
dns: frozenset({(4, 0), (3, -1), (3, 4), (4, 3), (3, 1), (5, -1), (5, 4), (5, 1), (0, 2), (2, 2), (1, 0), (1, 3), (7, -1), (7, 4), (6, 2), (7, 1), (-1, 1), (4, 2), (3, 0), (3, 3), (5, 0), (5, 3), (0, -1), (0, 1), (2, -1), (2, 4), (1, 2), (2, 1), (6, 1), (7, 0), (6, -1), (6, 4), (7, 3), (-1, 0), (-1, 3), (4, -1), (3, 2), (-1, 2), (4, 1), (5, 2), (4, 4), (0, 0), (1, 1), (0, 3), (2, 0), (1, -1), (1, 4), (2, 3), (7, 2), (6, 0), (6, 3)})
ch: (3, 4)
obj after adding: {(5, (3, 4)), (5, (2, 3)), (5, (5, 2)), (5, (0, 1)), (5, (3, 0)), (5, (5, 3)), (5, (6, 0)), (5, (6, 1)), (5, (3, 2)), (5, (2, 0)), (5, (6, 2)), (5, (5, 0)), (5, (0, 2)), (5, (6, 3)), (5, (5, 1)), (5, (4, 0)), (5, (1, 0)), (5, (2, 1)), (5, (4, 1)), (5, (1, 1))}
bx after removing ch: frozenset({(2, 4), (1, 2), (0, 4), (4, 3), (3, 1), (1, 5), (5, 4), (4, 6), (6, 4), (0, 5), (2, 2), (1, 6), (2, 5), (1, 3), (3, 5), (4, 4), (5, 5), (6, 5), (0, 0), (0, 3), (4, 2), (1, 4), (0, 6), (4, 5), (3, 3), (2, 6), (5, 6), (3, 6), (6, 6)})
dns: frozenset({(4, 0), (3, -1), (3, 4), (4, 3), (3, 1), (5, -1), (5, 4), (5, 1), (0, 2), (2, 2), (1, 0), (2, 5), (1, 3), (7, -1), (7, 4), (6, 2), (7, 1), (-1, 1), (4, 2), (3, 0), (4, 5), (3, 3), (5, 0), (5, 3), (0, -1), (0, 1), (2, -1), (2, 4), (1, 2), (2, 1), (6, 1), (7, 0), (6, -1), (6, 4), (7, 3), (-1, 0), (-1, 3), (4, -1), (3, 2), (-1, 2), (4, 1), (3, 5), (5, 2), (4, 4), (0, 0), (1, 1), (0, 3), (2, 0), (1, -1), (1, 4), (2, 3), (7, 2), (6, 0), (6, 3)})
ch: (2, 5)
obj after adding: {(5, (3, 4)), (5, (2, 3)), (5, (5, 2)), (5, (0, 1)), (5, (3, 0)), (5, (5, 3)), (5, (6, 0)), (5, (6, 1)), (5, (2, 5)), (5, (3, 2)), (5, (2, 0)), (5, (6, 2)), (5, (5, 0)), (5, (0, 2)), (5, (6, 3)), (5, (5, 1)), (5, (4, 0)), (5, (1, 0)), (5, (2, 1)), (5, (4, 1)), (5, (1, 1))}
bx after removing ch: frozenset({(2, 4), (1, 2), (0, 4), (4, 3), (3, 1), (1, 5), (5, 4), (4, 6), (6, 4), (0, 5), (2, 2), (1, 6), (1, 3), (3, 5), (4, 4), (5, 5), (6, 5), (0, 0), (0, 3), (4, 2), (1, 4), (0, 6), (4, 5), (3, 3), (2, 6), (5, 6), (3, 6), (6, 6)})
dns: frozenset({(4, 0), (3, -1), (3, 4), (4, 3), (3, 1), (5, -1), (5, 4), (5, 1), (0, 2), (2, 2), (1, 0), (1, 6), (2, 5), (1, 3), (7, -1), (7, 4), (6, 2), (7, 1), (-1, 1), (4, 2), (3, 0), (4, 5), (3, 3), (5, 0), (3, 6), (5, 3), (0, -1), (0, 1), (2, -1), (2, 4), (1, 2), (2, 1), (1, 5), (6, 1), (7, 0), (6, -1), (6, 4), (7, 3), (-1, 0), (-1, 3), (4, -1), (3, 2), (-1, 2), (4, 1), (3, 5), (5, 2), (4, 4), (0, 0), (1, 1), (0, 3), (2, 0), (1, -1), (1, 4), (2, 3), (2, 6), (7, 2), (6, 0), (6, 3)})
ch: (2, 2)
obj after adding: {(5, (3, 4)), (5, (2, 2)), (5, (2, 3)), (5, (5, 2)), (5, (0, 1)), (5, (3, 0)), (5, (5, 3)), (5, (6, 0)), (5, (6, 1)), (5, (2, 5)), (5, (3, 2)), (5, (2, 0)), (5, (6, 2)), (5, (5, 0)), (5, (0, 2)), (5, (6, 3)), (5, (5, 1)), (5, (4, 0)), (5, (1, 0)), (5, (2, 1)), (5, (4, 1)), (5, (1, 1))}
bx after removing ch: frozenset({(2, 4), (1, 2), (0, 4), (4, 3), (3, 1), (1, 5), (5, 4), (4, 6), (6, 4), (0, 5), (1, 6), (1, 3), (3, 5), (4, 4), (5, 5), (6, 5), (0, 0), (0, 3), (4, 2), (1, 4), (0, 6), (4, 5), (3, 3), (2, 6), (5, 6), (3, 6), (6, 6)})
dns: frozenset({(4, 0), (3, -1), (3, 4), (4, 3), (3, 1), (5, -1), (5, 4), (5, 1), (0, 2), (2, 2), (1, 0), (1, 6), (2, 5), (1, 3), (7, -1), (7, 4), (6, 2), (7, 1), (-1, 1), (4, 2), (3, 0), (4, 5), (3, 3), (5, 0), (3, 6), (5, 3), (0, -1), (0, 1), (2, -1), (2, 4), (1, 2), (2, 1), (1, 5), (6, 1), (7, 0), (6, -1), (6, 4), (7, 3), (-1, 0), (-1, 3), (4, -1), (3, 2), (-1, 2), (4, 1), (3, 5), (5, 2), (4, 4), (0, 0), (1, 1), (0, 3), (2, 0), (1, -1), (1, 4), (2, 3), (2, 6), (7, 2), (6, 0), (6, 3)})
ch: (4, 4)
obj after adding: {(5, (3, 4)), (5, (2, 2)), (5, (2, 3)), (5, (5, 2)), (5, (0, 1)), (5, (3, 0)), (5, (5, 3)), (5, (6, 0)), (5, (6, 1)), (5, (2, 5)), (5, (3, 2)), (5, (2, 0)), (5, (6, 2)), (5, (5, 0)), (5, (4, 4)), (5, (0, 2)), (5, (6, 3)), (5, (5, 1)), (5, (4, 0)), (5, (1, 0)), (5, (2, 1)), (5, (4, 1)), (5, (1, 1))}
bx after removing ch: frozenset({(2, 4), (1, 2), (0, 4), (4, 3), (3, 1), (1, 5), (5, 4), (4, 6), (6, 4), (0, 5), (1, 6), (1, 3), (3, 5), (5, 5), (6, 5), (0, 0), (0, 3), (4, 2), (1, 4), (0, 6), (4, 5), (3, 3), (2, 6), (5, 6), (3, 6), (6, 6)})
dns: frozenset({(4, 0), (3, -1), (3, 4), (4, 3), (3, 1), (5, -1), (5, 4), (5, 1), (0, 2), (2, 2), (1, 0), (1, 6), (2, 5), (1, 3), (7, -1), (7, 4), (6, 2), (7, 1), (-1, 1), (4, 2), (3, 0), (4, 5), (3, 3), (5, 0), (3, 6), (5, 3), (0, -1), (0, 1), (2, -1), (2, 4), (1, 2), (2, 1), (1, 5), (6, 1), (7, 0), (6, -1), (6, 4), (7, 3), (-1, 0), (-1, 3), (4, -1), (3, 2), (-1, 2), (4, 1), (3, 5), (5, 2), (4, 4), (5, 5), (0, 0), (1, 1), (0, 3), (2, 0), (1, -1), (1, 4), (2, 3), (2, 6), (7, 2), (6, 0), (6, 3)})
ch: (0, 3)
obj after adding: {(5, (3, 4)), (5, (2, 2)), (5, (2, 3)), (5, (5, 2)), (5, (0, 1)), (5, (3, 0)), (5, (5, 3)), (5, (6, 0)), (5, (6, 1)), (5, (2, 5)), (5, (3, 2)), (5, (2, 0)), (5, (6, 2)), (5, (5, 0)), (5, (4, 4)), (5, (0, 2)), (5, (6, 3)), (5, (5, 1)), (5, (0, 3)), (5, (4, 0)), (5, (1, 0)), (5, (2, 1)), (5, (4, 1)), (5, (1, 1))}
bx after removing ch: frozenset({(2, 4), (1, 2), (0, 4), (4, 3), (3, 1), (1, 5), (5, 4), (4, 6), (6, 4), (0, 5), (1, 6), (1, 3), (3, 5), (5, 5), (6, 5), (0, 0), (4, 2), (1, 4), (0, 6), (4, 5), (3, 3), (2, 6), (5, 6), (3, 6), (6, 6)})
dns: frozenset({(4, 0), (3, -1), (3, 4), (4, 3), (3, 1), (5, -1), (5, 4), (5, 1), (0, 2), (2, 2), (1, 0), (1, 6), (2, 5), (1, 3), (7, -1), (7, 4), (6, 2), (7, 1), (-1, 4), (-1, 1), (4, 2), (3, 0), (4, 5), (3, 3), (5, 0), (3, 6), (5, 3), (0, -1), (0, 1), (2, -1), (2, 4), (1, 2), (0, 4), (2, 1), (1, 5), (6, 1), (7, 0), (6, -1), (6, 4), (7, 3), (-1, 0), (-1, 3), (4, -1), (3, 2), (-1, 2), (4, 1), (3, 5), (5, 2), (4, 4), (5, 5), (0, 0), (1, 1), (0, 3), (2, 0), (1, -1), (1, 4), (2, 3), (2, 6), (7, 2), (6, 0), (6, 3)})
ch: (4, 2)
obj after adding: {(5, (3, 4)), (5, (2, 2)), (5, (2, 3)), (5, (5, 2)), (5, (0, 1)), (5, (3, 0)), (5, (5, 3)), (5, (6, 0)), (5, (4, 2)), (5, (6, 1)), (5, (2, 5)), (5, (3, 2)), (5, (2, 0)), (5, (6, 2)), (5, (5, 0)), (5, (4, 4)), (5, (0, 2)), (5, (6, 3)), (5, (5, 1)), (5, (0, 3)), (5, (4, 0)), (5, (1, 0)), (5, (2, 1)), (5, (4, 1)), (5, (1, 1))}
bx after removing ch: frozenset({(2, 4), (1, 2), (0, 4), (4, 3), (3, 1), (1, 5), (5, 4), (4, 6), (6, 4), (0, 5), (1, 6), (1, 3), (3, 5), (5, 5), (6, 5), (0, 0), (1, 4), (0, 6), (4, 5), (3, 3), (2, 6), (5, 6), (3, 6), (6, 6)})
dns: frozenset({(4, 0), (3, -1), (3, 4), (4, 3), (3, 1), (5, -1), (5, 4), (5, 1), (0, 2), (2, 2), (1, 0), (1, 6), (2, 5), (1, 3), (7, -1), (7, 4), (6, 2), (7, 1), (-1, 4), (-1, 1), (4, 2), (3, 0), (4, 5), (3, 3), (5, 0), (3, 6), (5, 3), (0, -1), (0, 1), (2, -1), (2, 4), (1, 2), (0, 4), (2, 1), (1, 5), (6, 1), (7, 0), (6, -1), (6, 4), (7, 3), (-1, 0), (-1, 3), (4, -1), (3, 2), (-1, 2), (4, 1), (3, 5), (5, 2), (4, 4), (5, 5), (0, 0), (1, 1), (0, 3), (2, 0), (1, -1), (1, 4), (2, 3), (2, 6), (7, 2), (6, 0), (6, 3)})
ch: (3, 5)
obj after adding: {(5, (3, 4)), (5, (2, 2)), (5, (3, 5)), (5, (2, 3)), (5, (5, 2)), (5, (0, 1)), (5, (3, 0)), (5, (5, 3)), (5, (6, 0)), (5, (4, 2)), (5, (6, 1)), (5, (2, 5)), (5, (3, 2)), (5, (2, 0)), (5, (6, 2)), (5, (5, 0)), (5, (4, 4)), (5, (0, 2)), (5, (6, 3)), (5, (5, 1)), (5, (0, 3)), (5, (4, 0)), (5, (1, 0)), (5, (2, 1)), (5, (4, 1)), (5, (1, 1))}
bx after removing ch: frozenset({(2, 4), (1, 2), (0, 4), (4, 3), (3, 1), (1, 5), (5, 4), (4, 6), (6, 4), (0, 5), (1, 6), (1, 3), (5, 5), (6, 5), (0, 0), (1, 4), (0, 6), (4, 5), (3, 3), (2, 6), (5, 6), (3, 6), (6, 6)})
dns: frozenset({(4, 0), (3, -1), (3, 4), (4, 3), (3, 1), (5, -1), (5, 4), (4, 6), (5, 1), (0, 2), (2, 2), (1, 0), (1, 6), (2, 5), (1, 3), (7, -1), (7, 4), (6, 2), (7, 1), (-1, 4), (-1, 1), (4, 2), (3, 0), (4, 5), (3, 3), (5, 0), (3, 6), (5, 3), (0, -1), (0, 1), (2, -1), (2, 4), (1, 2), (0, 4), (2, 1), (1, 5), (6, 1), (7, 0), (6, -1), (6, 4), (7, 3), (-1, 0), (-1, 3), (4, -1), (3, 2), (-1, 2), (4, 1), (3, 5), (5, 2), (4, 4), (5, 5), (0, 0), (1, 1), (0, 3), (2, 0), (1, -1), (1, 4), (2, 3), (2, 6), (7, 2), (6, 0), (6, 3)})
ch: (5, 4)
obj after adding: {(5, (3, 4)), (5, (2, 2)), (5, (3, 5)), (5, (2, 3)), (5, (5, 2)), (5, (0, 1)), (5, (3, 0)), (5, (5, 3)), (5, (6, 0)), (5, (4, 2)), (5, (5, 4)), (5, (6, 1)), (5, (2, 5)), (5, (3, 2)), (5, (2, 0)), (5, (6, 2)), (5, (5, 0)), (5, (4, 4)), (5, (0, 2)), (5, (6, 3)), (5, (5, 1)), (5, (0, 3)), (5, (4, 0)), (5, (1, 0)), (5, (2, 1)), (5, (4, 1)), (5, (1, 1))}
bx after removing ch: frozenset({(2, 4), (1, 2), (0, 4), (4, 3), (3, 1), (1, 5), (4, 6), (6, 4), (0, 5), (1, 6), (1, 3), (5, 5), (6, 5), (0, 0), (1, 4), (0, 6), (4, 5), (3, 3), (2, 6), (5, 6), (3, 6), (6, 6)})
dns: frozenset({(4, 0), (3, -1), (3, 4), (4, 3), (3, 1), (5, -1), (5, 4), (4, 6), (5, 1), (0, 2), (2, 2), (1, 0), (1, 6), (2, 5), (1, 3), (7, -1), (7, 4), (6, 2), (7, 1), (-1, 4), (6, 5), (-1, 1), (4, 2), (3, 0), (4, 5), (3, 3), (5, 0), (3, 6), (5, 3), (0, -1), (0, 1), (2, -1), (2, 4), (1, 2), (0, 4), (2, 1), (1, 5), (6, 1), (7, 0), (6, -1), (6, 4), (7, 3), (-1, 0), (-1, 3), (4, -1), (3, 2), (-1, 2), (4, 1), (3, 5), (5, 2), (4, 4), (5, 5), (0, 0), (1, 1), (0, 3), (2, 0), (1, -1), (1, 4), (2, 3), (2, 6), (7, 2), (6, 0), (6, 3)})
ch: (6, 5)
obj after adding: {(5, (3, 4)), (5, (2, 2)), (5, (3, 5)), (5, (2, 3)), (5, (5, 2)), (5, (0, 1)), (5, (3, 0)), (5, (6, 5)), (5, (5, 3)), (5, (6, 0)), (5, (4, 2)), (5, (5, 4)), (5, (6, 1)), (5, (2, 5)), (5, (3, 2)), (5, (2, 0)), (5, (6, 2)), (5, (5, 0)), (5, (4, 4)), (5, (0, 2)), (5, (6, 3)), (5, (5, 1)), (5, (0, 3)), (5, (4, 0)), (5, (1, 0)), (5, (2, 1)), (5, (4, 1)), (5, (1, 1))}
bx after removing ch: frozenset({(2, 4), (1, 2), (0, 4), (4, 3), (3, 1), (1, 5), (4, 6), (6, 4), (0, 5), (1, 6), (1, 3), (5, 5), (0, 0), (1, 4), (0, 6), (4, 5), (3, 3), (2, 6), (5, 6), (3, 6), (6, 6)})
dns: frozenset({(4, 0), (3, -1), (3, 4), (4, 3), (3, 1), (5, -1), (5, 4), (4, 6), (5, 1), (0, 2), (2, 2), (1, 0), (1, 6), (2, 5), (1, 3), (7, -1), (7, 4), (6, 2), (7, 1), (-1, 4), (6, 5), (-1, 1), (4, 2), (3, 0), (4, 5), (3, 3), (5, 0), (5, 6), (3, 6), (5, 3), (0, -1), (0, 1), (2, -1), (2, 4), (1, 2), (0, 4), (2, 1), (1, 5), (6, 1), (7, 0), (6, -1), (6, 4), (7, 3), (-1, 0), (7, 6), (-1, 3), (4, -1), (3, 2), (-1, 2), (4, 1), (3, 5), (5, 2), (4, 4), (5, 5), (0, 0), (1, 1), (0, 3), (2, 0), (1, -1), (1, 4), (2, 3), (2, 6), (7, 2), (6, 0), (6, 6), (7, 5), (6, 3)})
ch: (5, 6)
obj after adding: {(5, (3, 4)), (5, (2, 2)), (5, (3, 5)), (5, (2, 3)), (5, (5, 2)), (5, (0, 1)), (5, (3, 0)), (5, (6, 5)), (5, (5, 3)), (5, (6, 0)), (5, (4, 2)), (5, (5, 4)), (5, (6, 1)), (5, (2, 5)), (5, (3, 2)), (5, (2, 0)), (5, (6, 2)), (5, (5, 0)), (5, (4, 4)), (5, (0, 2)), (5, (6, 3)), (5, (5, 1)), (5, (0, 3)), (5, (4, 0)), (5, (1, 0)), (5, (2, 1)), (5, (4, 1)), (5, (5, 6)), (5, (1, 1))}
bx after removing ch: frozenset({(2, 4), (1, 2), (0, 4), (4, 3), (3, 1), (1, 5), (4, 6), (6, 4), (0, 5), (1, 6), (1, 3), (5, 5), (0, 0), (1, 4), (0, 6), (4, 5), (3, 3), (2, 6), (3, 6), (6, 6)})
dns: frozenset({(4, 0), (3, -1), (3, 4), (4, 3), (3, 1), (5, -1), (5, 4), (4, 6), (5, 1), (5, 7), (0, 2), (2, 2), (1, 0), (1, 6), (2, 5), (1, 3), (7, -1), (7, 4), (6, 2), (7, 1), (-1, 4), (6, 5), (-1, 1), (4, 2), (3, 0), (4, 5), (3, 3), (5, 0), (5, 6), (3, 6), (5, 3), (0, -1), (0, 1), (2, -1), (2, 4), (1, 2), (0, 4), (2, 1), (1, 5), (6, 1), (7, 0), (6, -1), (6, 4), (7, 3), (-1, 0), (6, 7), (7, 6), (-1, 3), (4, -1), (3, 2), (-1, 2), (4, 1), (4, 7), (3, 5), (5, 2), (4, 4), (5, 5), (0, 0), (1, 1), (0, 3), (2, 0), (1, -1), (1, 4), (2, 3), (2, 6), (7, 2), (6, 0), (6, 6), (7, 5), (6, 3)})
ch: (6, 4)
obj after adding: {(5, (3, 4)), (5, (2, 2)), (5, (3, 5)), (5, (6, 4)), (5, (2, 3)), (5, (5, 2)), (5, (0, 1)), (5, (3, 0)), (5, (6, 5)), (5, (5, 3)), (5, (6, 0)), (5, (4, 2)), (5, (5, 4)), (5, (6, 1)), (5, (2, 5)), (5, (3, 2)), (5, (2, 0)), (5, (6, 2)), (5, (5, 0)), (5, (4, 4)), (5, (0, 2)), (5, (6, 3)), (5, (5, 1)), (5, (0, 3)), (5, (4, 0)), (5, (1, 0)), (5, (2, 1)), (5, (4, 1)), (5, (5, 6)), (5, (1, 1))}
bx after removing ch: frozenset({(2, 4), (1, 2), (0, 4), (4, 3), (3, 1), (1, 5), (4, 6), (0, 5), (1, 6), (1, 3), (5, 5), (0, 0), (1, 4), (0, 6), (4, 5), (3, 3), (2, 6), (3, 6), (6, 6)})
dns: frozenset({(4, 0), (3, -1), (3, 4), (4, 3), (3, 1), (5, -1), (5, 4), (4, 6), (5, 1), (5, 7), (0, 2), (2, 2), (1, 0), (1, 6), (2, 5), (1, 3), (7, -1), (7, 4), (6, 2), (7, 1), (-1, 4), (6, 5), (-1, 1), (4, 2), (3, 0), (4, 5), (3, 3), (5, 0), (5, 6), (3, 6), (5, 3), (0, -1), (0, 1), (2, -1), (2, 4), (1, 2), (0, 4), (2, 1), (1, 5), (6, 1), (7, 0), (6, -1), (6, 4), (7, 3), (-1, 0), (6, 7), (7, 6), (-1, 3), (4, -1), (3, 2), (-1, 2), (4, 1), (4, 7), (3, 5), (5, 2), (4, 4), (5, 5), (0, 0), (1, 1), (0, 3), (2, 0), (1, -1), (1, 4), (2, 3), (2, 6), (7, 2), (6, 0), (6, 6), (7, 5), (6, 3)})
ch: (1, 2)
obj after adding: {(5, (3, 4)), (5, (2, 2)), (5, (3, 5)), (5, (1, 2)), (5, (6, 4)), (5, (2, 3)), (5, (5, 2)), (5, (0, 1)), (5, (3, 0)), (5, (6, 5)), (5, (5, 3)), (5, (6, 0)), (5, (4, 2)), (5, (5, 4)), (5, (6, 1)), (5, (2, 5)), (5, (3, 2)), (5, (2, 0)), (5, (6, 2)), (5, (5, 0)), (5, (4, 4)), (5, (0, 2)), (5, (6, 3)), (5, (5, 1)), (5, (0, 3)), (5, (4, 0)), (5, (1, 0)), (5, (2, 1)), (5, (4, 1)), (5, (5, 6)), (5, (1, 1))}
bx after removing ch: frozenset({(2, 4), (0, 4), (4, 3), (3, 1), (1, 5), (4, 6), (0, 5), (1, 6), (1, 3), (5, 5), (0, 0), (1, 4), (0, 6), (4, 5), (3, 3), (2, 6), (3, 6), (6, 6)})
dns: frozenset({(4, 0), (3, -1), (3, 4), (4, 3), (3, 1), (5, -1), (5, 4), (4, 6), (5, 1), (5, 7), (0, 2), (2, 2), (1, 0), (1, 6), (2, 5), (1, 3), (7, -1), (7, 4), (6, 2), (7, 1), (-1, 4), (6, 5), (-1, 1), (4, 2), (3, 0), (4, 5), (3, 3), (5, 0), (5, 6), (3, 6), (5, 3), (0, -1), (0, 1), (2, -1), (2, 4), (1, 2), (0, 4), (2, 1), (1, 5), (6, 1), (7, 0), (6, -1), (6, 4), (7, 3), (-1, 0), (6, 7), (7, 6), (-1, 3), (4, -1), (3, 2), (-1, 2), (4, 1), (4, 7), (3, 5), (5, 2), (4, 4), (5, 5), (0, 0), (1, 1), (0, 3), (2, 0), (1, -1), (1, 4), (2, 3), (2, 6), (7, 2), (6, 0), (6, 6), (7, 5), (6, 3)})
ch: (0, 4)
obj after adding: {(5, (3, 4)), (5, (2, 2)), (5, (3, 5)), (5, (1, 2)), (5, (6, 4)), (5, (2, 3)), (5, (5, 2)), (5, (0, 1)), (5, (3, 0)), (5, (6, 5)), (5, (5, 3)), (5, (6, 0)), (5, (4, 2)), (5, (5, 4)), (5, (6, 1)), (5, (2, 5)), (5, (3, 2)), (5, (2, 0)), (5, (6, 2)), (5, (0, 4)), (5, (5, 0)), (5, (4, 4)), (5, (0, 2)), (5, (6, 3)), (5, (5, 1)), (5, (0, 3)), (5, (4, 0)), (5, (1, 0)), (5, (2, 1)), (5, (4, 1)), (5, (5, 6)), (5, (1, 1))}
bx after removing ch: frozenset({(2, 4), (4, 3), (3, 1), (1, 5), (4, 6), (0, 5), (1, 6), (1, 3), (5, 5), (0, 0), (1, 4), (0, 6), (4, 5), (3, 3), (2, 6), (3, 6), (6, 6)})
dns: frozenset({(4, 0), (3, -1), (3, 4), (4, 3), (3, 1), (5, -1), (5, 4), (4, 6), (5, 1), (5, 7), (0, 2), (0, 5), (2, 2), (1, 0), (1, 6), (2, 5), (1, 3), (7, -1), (7, 4), (6, 2), (7, 1), (-1, 4), (6, 5), (-1, 1), (4, 2), (3, 0), (4, 5), (3, 3), (5, 0), (5, 6), (3, 6), (5, 3), (0, -1), (0, 1), (2, -1), (2, 4), (1, 2), (0, 4), (2, 1), (1, 5), (6, 1), (7, 0), (6, -1), (6, 4), (7, 3), (-1, 0), (6, 7), (7, 6), (-1, 3), (4, -1), (3, 2), (-1, 2), (4, 1), (4, 7), (3, 5), (5, 2), (4, 4), (5, 5), (0, 0), (1, 1), (0, 3), (2, 0), (1, -1), (1, 4), (2, 3), (2, 6), (7, 2), (6, 0), (6, 6), (7, 5), (6, 3), (-1, 5)})
ch: (3, 3)
obj after adding: {(5, (3, 4)), (5, (2, 2)), (5, (3, 5)), (5, (1, 2)), (5, (6, 4)), (5, (2, 3)), (5, (5, 2)), (5, (0, 1)), (5, (3, 0)), (5, (6, 5)), (5, (5, 3)), (5, (6, 0)), (5, (4, 2)), (5, (5, 4)), (5, (6, 1)), (5, (2, 5)), (5, (3, 2)), (5, (2, 0)), (5, (6, 2)), (5, (0, 4)), (5, (5, 0)), (5, (4, 4)), (5, (0, 2)), (5, (6, 3)), (5, (5, 1)), (5, (0, 3)), (5, (4, 0)), (5, (1, 0)), (5, (3, 3)), (5, (2, 1)), (5, (4, 1)), (5, (5, 6)), (5, (1, 1))}
bx after removing ch: frozenset({(2, 4), (4, 3), (3, 1), (1, 5), (4, 6), (0, 5), (1, 6), (1, 3), (5, 5), (0, 0), (1, 4), (0, 6), (4, 5), (2, 6), (3, 6), (6, 6)})
dns: frozenset({(4, 0), (3, -1), (3, 4), (4, 3), (3, 1), (5, -1), (5, 4), (4, 6), (5, 1), (5, 7), (0, 2), (0, 5), (2, 2), (1, 0), (1, 6), (2, 5), (1, 3), (7, -1), (7, 4), (6, 2), (7, 1), (-1, 4), (6, 5), (-1, 1), (4, 2), (3, 0), (4, 5), (3, 3), (5, 0), (5, 6), (3, 6), (5, 3), (0, -1), (0, 1), (2, -1), (2, 4), (1, 2), (0, 4), (2, 1), (1, 5), (6, 1), (7, 0), (6, -1), (6, 4), (7, 3), (-1, 0), (6, 7), (7, 6), (-1, 3), (4, -1), (3, 2), (-1, 2), (4, 1), (4, 7), (3, 5), (5, 2), (4, 4), (5, 5), (0, 0), (1, 1), (0, 3), (2, 0), (1, -1), (1, 4), (2, 3), (2, 6), (7, 2), (6, 0), (6, 6), (7, 5), (6, 3), (-1, 5)})
ch: (3, 1)
obj after adding: {(5, (3, 4)), (5, (2, 2)), (5, (3, 5)), (5, (1, 2)), (5, (6, 4)), (5, (2, 3)), (5, (5, 2)), (5, (0, 1)), (5, (3, 0)), (5, (6, 5)), (5, (5, 3)), (5, (3, 1)), (5, (6, 0)), (5, (4, 2)), (5, (5, 4)), (5, (6, 1)), (5, (2, 5)), (5, (3, 2)), (5, (2, 0)), (5, (6, 2)), (5, (0, 4)), (5, (5, 0)), (5, (4, 4)), (5, (0, 2)), (5, (6, 3)), (5, (5, 1)), (5, (0, 3)), (5, (4, 0)), (5, (1, 0)), (5, (3, 3)), (5, (2, 1)), (5, (4, 1)), (5, (5, 6)), (5, (1, 1))}
bx after removing ch: frozenset({(2, 4), (4, 3), (1, 5), (4, 6), (0, 5), (1, 6), (1, 3), (5, 5), (0, 0), (1, 4), (0, 6), (4, 5), (2, 6), (3, 6), (6, 6)})
dns: frozenset({(4, 0), (3, -1), (3, 4), (4, 3), (3, 1), (5, -1), (5, 4), (4, 6), (5, 1), (5, 7), (0, 2), (0, 5), (2, 2), (1, 0), (1, 6), (2, 5), (1, 3), (7, -1), (7, 4), (6, 2), (7, 1), (-1, 4), (6, 5), (-1, 1), (4, 2), (3, 0), (4, 5), (3, 3), (5, 0), (5, 6), (3, 6), (5, 3), (0, -1), (0, 1), (2, -1), (2, 4), (1, 2), (0, 4), (2, 1), (1, 5), (6, 1), (7, 0), (6, -1), (6, 4), (7, 3), (-1, 0), (6, 7), (7, 6), (-1, 3), (4, -1), (3, 2), (-1, 2), (4, 1), (4, 7), (3, 5), (5, 2), (4, 4), (5, 5), (0, 0), (1, 1), (0, 3), (2, 0), (1, -1), (1, 4), (2, 3), (2, 6), (7, 2), (6, 0), (6, 6), (7, 5), (6, 3), (-1, 5)})
ch: (6, 6)
obj after adding: {(5, (3, 4)), (5, (2, 2)), (5, (3, 5)), (5, (1, 2)), (5, (6, 4)), (5, (2, 3)), (5, (5, 2)), (5, (0, 1)), (5, (3, 0)), (5, (6, 5)), (5, (5, 3)), (5, (3, 1)), (5, (6, 0)), (5, (4, 2)), (5, (6, 6)), (5, (5, 4)), (5, (6, 1)), (5, (2, 5)), (5, (3, 2)), (5, (2, 0)), (5, (6, 2)), (5, (0, 4)), (5, (5, 0)), (5, (4, 4)), (5, (0, 2)), (5, (6, 3)), (5, (5, 1)), (5, (0, 3)), (5, (4, 0)), (5, (1, 0)), (5, (3, 3)), (5, (2, 1)), (5, (4, 1)), (5, (5, 6)), (5, (1, 1))}
bx after removing ch: frozenset({(2, 4), (5, 5), (4, 3), (1, 5), (0, 0), (4, 6), (1, 4), (0, 6), (4, 5), (2, 6), (0, 5), (3, 6), (1, 6), (1, 3)})
dns: frozenset({(4, 0), (3, -1), (3, 4), (4, 3), (3, 1), (5, -1), (5, 4), (4, 6), (5, 1), (5, 7), (0, 2), (0, 5), (2, 2), (1, 0), (1, 6), (2, 5), (1, 3), (7, -1), (7, 4), (6, 2), (7, 1), (7, 7), (-1, 4), (6, 5), (-1, 1), (4, 2), (3, 0), (4, 5), (3, 3), (5, 0), (5, 6), (3, 6), (5, 3), (0, -1), (0, 1), (2, -1), (2, 4), (1, 2), (0, 4), (2, 1), (1, 5), (6, 1), (7, 0), (6, -1), (6, 4), (7, 3), (-1, 0), (6, 7), (7, 6), (-1, 3), (4, -1), (3, 2), (-1, 2), (4, 1), (4, 7), (3, 5), (5, 2), (4, 4), (5, 5), (0, 0), (1, 1), (0, 3), (2, 0), (1, -1), (1, 4), (2, 3), (2, 6), (7, 2), (6, 0), (6, 6), (7, 5), (6, 3), (-1, 5)})
ch: (3, 6)
obj after adding: {(5, (3, 4)), (5, (2, 2)), (5, (3, 5)), (5, (1, 2)), (5, (6, 4)), (5, (2, 3)), (5, (5, 2)), (5, (0, 1)), (5, (3, 0)), (5, (6, 5)), (5, (5, 3)), (5, (3, 6)), (5, (3, 1)), (5, (6, 0)), (5, (4, 2)), (5, (6, 6)), (5, (5, 4)), (5, (6, 1)), (5, (2, 5)), (5, (3, 2)), (5, (2, 0)), (5, (6, 2)), (5, (0, 4)), (5, (5, 0)), (5, (4, 4)), (5, (0, 2)), (5, (6, 3)), (5, (5, 1)), (5, (0, 3)), (5, (4, 0)), (5, (1, 0)), (5, (3, 3)), (5, (2, 1)), (5, (4, 1)), (5, (5, 6)), (5, (1, 1))}
bx after removing ch: frozenset({(2, 4), (5, 5), (4, 3), (1, 5), (0, 0), (4, 6), (1, 4), (0, 6), (4, 5), (2, 6), (0, 5), (1, 6), (1, 3)})
dns: frozenset({(4, 0), (3, -1), (3, 4), (4, 3), (3, 1), (5, -1), (5, 4), (4, 6), (3, 7), (5, 1), (5, 7), (0, 2), (0, 5), (2, 2), (1, 0), (1, 6), (2, 5), (1, 3), (7, -1), (7, 4), (6, 2), (7, 1), (7, 7), (-1, 4), (6, 5), (-1, 1), (4, 2), (3, 0), (4, 5), (3, 3), (5, 0), (5, 6), (3, 6), (5, 3), (0, -1), (0, 1), (2, -1), (2, 4), (1, 2), (0, 4), (2, 1), (2, 7), (1, 5), (6, 1), (7, 0), (6, -1), (6, 4), (7, 3), (-1, 0), (6, 7), (7, 6), (-1, 3), (4, -1), (3, 2), (-1, 2), (4, 1), (4, 7), (3, 5), (5, 2), (4, 4), (5, 5), (0, 0), (1, 1), (0, 3), (2, 0), (1, -1), (1, 4), (2, 3), (2, 6), (7, 2), (6, 0), (6, 6), (7, 5), (6, 3), (-1, 5)})
ch: (2, 4)
obj after adding: {(5, (3, 4)), (5, (2, 2)), (5, (3, 5)), (5, (1, 2)), (5, (6, 4)), (5, (2, 3)), (5, (5, 2)), (5, (0, 1)), (5, (3, 0)), (5, (6, 5)), (5, (2, 4)), (5, (5, 3)), (5, (3, 6)), (5, (3, 1)), (5, (6, 0)), (5, (4, 2)), (5, (6, 6)), (5, (5, 4)), (5, (6, 1)), (5, (2, 5)), (5, (3, 2)), (5, (2, 0)), (5, (6, 2)), (5, (0, 4)), (5, (5, 0)), (5, (4, 4)), (5, (0, 2)), (5, (6, 3)), (5, (5, 1)), (5, (0, 3)), (5, (4, 0)), (5, (1, 0)), (5, (3, 3)), (5, (2, 1)), (5, (4, 1)), (5, (5, 6)), (5, (1, 1))}
bx after removing ch: frozenset({(5, 5), (4, 3), (1, 5), (0, 0), (4, 6), (1, 4), (0, 6), (4, 5), (2, 6), (0, 5), (1, 6), (1, 3)})
dns: frozenset({(4, 0), (3, -1), (3, 4), (4, 3), (3, 1), (5, -1), (5, 4), (4, 6), (3, 7), (5, 1), (5, 7), (0, 2), (0, 5), (2, 2), (1, 0), (1, 6), (2, 5), (1, 3), (7, -1), (7, 4), (6, 2), (7, 1), (7, 7), (-1, 4), (6, 5), (-1, 1), (4, 2), (3, 0), (4, 5), (3, 3), (5, 0), (5, 6), (3, 6), (5, 3), (0, -1), (0, 1), (2, -1), (2, 4), (1, 2), (0, 4), (2, 1), (2, 7), (1, 5), (6, 1), (7, 0), (6, -1), (6, 4), (7, 3), (-1, 0), (6, 7), (7, 6), (-1, 3), (4, -1), (3, 2), (-1, 2), (4, 1), (4, 7), (3, 5), (5, 2), (4, 4), (5, 5), (0, 0), (1, 1), (0, 3), (2, 0), (1, -1), (1, 4), (2, 3), (2, 6), (7, 2), (6, 0), (6, 6), (7, 5), (6, 3), (-1, 5)})
ch: (0, 0)
obj after adding: {(5, (3, 4)), (5, (2, 2)), (5, (0, 0)), (5, (3, 5)), (5, (1, 2)), (5, (6, 4)), (5, (2, 3)), (5, (5, 2)), (5, (0, 1)), (5, (3, 0)), (5, (6, 5)), (5, (2, 4)), (5, (5, 3)), (5, (3, 6)), (5, (3, 1)), (5, (6, 0)), (5, (4, 2)), (5, (6, 6)), (5, (5, 4)), (5, (6, 1)), (5, (2, 5)), (5, (3, 2)), (5, (2, 0)), (5, (6, 2)), (5, (0, 4)), (5, (5, 0)), (5, (4, 4)), (5, (0, 2)), (5, (6, 3)), (5, (5, 1)), (5, (0, 3)), (5, (4, 0)), (5, (1, 0)), (5, (3, 3)), (5, (2, 1)), (5, (4, 1)), (5, (5, 6)), (5, (1, 1))}
bx after removing ch: frozenset({(5, 5), (4, 3), (1, 5), (4, 6), (1, 4), (0, 6), (4, 5), (2, 6), (0, 5), (1, 6), (1, 3)})
dns: frozenset({(4, 0), (3, -1), (3, 4), (4, 3), (3, 1), (5, -1), (5, 4), (4, 6), (3, 7), (5, 1), (5, 7), (0, 2), (0, 5), (2, 2), (1, 0), (1, 6), (2, 5), (1, 3), (7, -1), (7, 4), (6, 2), (7, 1), (7, 7), (-1, 4), (6, 5), (-1, -1), (-1, 1), (4, 2), (3, 0), (4, 5), (3, 3), (5, 0), (5, 6), (3, 6), (5, 3), (0, -1), (0, 1), (2, -1), (2, 4), (1, 2), (0, 4), (2, 1), (2, 7), (1, 5), (6, 1), (7, 0), (6, -1), (6, 4), (7, 3), (-1, 0), (6, 7), (7, 6), (-1, 3), (4, -1), (3, 2), (-1, 2), (4, 1), (4, 7), (3, 5), (5, 2), (4, 4), (5, 5), (0, 0), (1, 1), (0, 3), (2, 0), (1, -1), (1, 4), (2, 3), (2, 6), (7, 2), (6, 0), (6, 6), (7, 5), (6, 3), (-1, 5)})
ch: (0, 5)
obj after adding: {(5, (3, 4)), (5, (2, 2)), (5, (0, 5)), (5, (0, 0)), (5, (3, 5)), (5, (1, 2)), (5, (6, 4)), (5, (2, 3)), (5, (5, 2)), (5, (0, 1)), (5, (3, 0)), (5, (6, 5)), (5, (2, 4)), (5, (5, 3)), (5, (3, 6)), (5, (3, 1)), (5, (6, 0)), (5, (4, 2)), (5, (6, 6)), (5, (5, 4)), (5, (6, 1)), (5, (2, 5)), (5, (3, 2)), (5, (2, 0)), (5, (6, 2)), (5, (0, 4)), (5, (5, 0)), (5, (4, 4)), (5, (0, 2)), (5, (6, 3)), (5, (5, 1)), (5, (0, 3)), (5, (4, 0)), (5, (1, 0)), (5, (3, 3)), (5, (2, 1)), (5, (4, 1)), (5, (5, 6)), (5, (1, 1))}
bx after removing ch: frozenset({(5, 5), (4, 3), (1, 5), (4, 6), (1, 4), (0, 6), (4, 5), (2, 6), (1, 6), (1, 3)})
dns: frozenset({(4, 0), (5, 1), (0, 5), (2, 2), (6, 2), (7, 1), (-1, -1), (4, 2), (3, 6), (5, 3), (0, -1), (2, 4), (6, 4), (7, 3), (-1, 0), (5, 5), (0, 0), (6, 6), (7, 5), (-1, 2), (3, 1), (5, -1), (5, 7), (0, 2), (1, 3), (7, -1), (7, 7), (-1, 4), (3, 3), (5, 0), (1, 5), (6, 1), (7, 0), (3, 5), (5, 2), (4, 4), (1, -1), (2, 6), (7, 2), (3, -1), (3, 7), (5, 4), (4, 6), (1, 0), (7, 4), (3, 0), (5, 6), (1, 2), (0, 4), (2, 1), (-1, 6), (3, 2), (4, 1), (1, 4), (0, 6), (2, 3), (6, 3), (3, 4), (4, 3), (1, 6), (2, 5), (6, 5), (-1, 1), (4, 5), (0, 1), (2, -1), (2, 7), (6, -1), (6, 7), (7, 6), (-1, 3), (4, -1), (4, 7), (1, 1), (0, 3), (2, 0), (6, 0), (-1, 5)})
ch: (1, 4)
obj after adding: {(5, (3, 4)), (5, (2, 2)), (5, (0, 5)), (5, (0, 0)), (5, (3, 5)), (5, (1, 2)), (5, (6, 4)), (5, (2, 3)), (5, (5, 2)), (5, (0, 1)), (5, (3, 0)), (5, (6, 5)), (5, (2, 4)), (5, (5, 3)), (5, (3, 6)), (5, (3, 1)), (5, (6, 0)), (5, (4, 2)), (5, (6, 6)), (5, (5, 4)), (5, (6, 1)), (5, (2, 5)), (5, (3, 2)), (5, (2, 0)), (5, (6, 2)), (5, (0, 4)), (5, (5, 0)), (5, (4, 4)), (5, (0, 2)), (5, (6, 3)), (5, (1, 4)), (5, (5, 1)), (5, (0, 3)), (5, (4, 0)), (5, (1, 0)), (5, (3, 3)), (5, (2, 1)), (5, (4, 1)), (5, (5, 6)), (5, (1, 1))}
bx after removing ch: frozenset({(5, 5), (4, 3), (1, 5), (4, 6), (0, 6), (4, 5), (2, 6), (1, 6), (1, 3)})
dns: frozenset({(4, 0), (5, 1), (0, 5), (2, 2), (6, 2), (7, 1), (-1, -1), (4, 2), (3, 6), (5, 3), (0, -1), (2, 4), (6, 4), (7, 3), (-1, 0), (5, 5), (0, 0), (6, 6), (7, 5), (-1, 2), (3, 1), (5, -1), (5, 7), (0, 2), (1, 3), (7, -1), (7, 7), (-1, 4), (3, 3), (5, 0), (1, 5), (6, 1), (7, 0), (3, 5), (5, 2), (4, 4), (1, -1), (2, 6), (7, 2), (3, -1), (3, 7), (5, 4), (4, 6), (1, 0), (7, 4), (3, 0), (5, 6), (1, 2), (0, 4), (2, 1), (-1, 6), (3, 2), (4, 1), (1, 4), (0, 6), (2, 3), (6, 3), (3, 4), (4, 3), (1, 6), (2, 5), (6, 5), (-1, 1), (4, 5), (0, 1), (2, -1), (2, 7), (6, -1), (6, 7), (7, 6), (-1, 3), (4, -1), (4, 7), (1, 1), (0, 3), (2, 0), (6, 0), (-1, 5)})
ch: (5, 5)
obj after adding: {(5, (3, 4)), (5, (2, 2)), (5, (0, 5)), (5, (0, 0)), (5, (3, 5)), (5, (1, 2)), (5, (6, 4)), (5, (2, 3)), (5, (5, 2)), (5, (0, 1)), (5, (3, 0)), (5, (6, 5)), (5, (2, 4)), (5, (5, 3)), (5, (3, 6)), (5, (3, 1)), (5, (6, 0)), (5, (4, 2)), (5, (6, 6)), (5, (5, 4)), (5, (6, 1)), (5, (2, 5)), (5, (3, 2)), (5, (2, 0)), (5, (5, 5)), (5, (6, 2)), (5, (0, 4)), (5, (5, 0)), (5, (4, 4)), (5, (0, 2)), (5, (6, 3)), (5, (1, 4)), (5, (5, 1)), (5, (0, 3)), (5, (4, 0)), (5, (1, 0)), (5, (3, 3)), (5, (2, 1)), (5, (4, 1)), (5, (5, 6)), (5, (1, 1))}
bx after removing ch: frozenset({(4, 3), (1, 5), (4, 6), (0, 6), (4, 5), (2, 6), (1, 6), (1, 3)})
dns: frozenset({(4, 0), (5, 1), (0, 5), (2, 2), (6, 2), (7, 1), (-1, -1), (4, 2), (3, 6), (5, 3), (0, -1), (2, 4), (6, 4), (7, 3), (-1, 0), (5, 5), (0, 0), (6, 6), (7, 5), (-1, 2), (3, 1), (5, -1), (5, 7), (0, 2), (1, 3), (7, -1), (7, 7), (-1, 4), (3, 3), (5, 0), (1, 5), (6, 1), (7, 0), (3, 5), (5, 2), (4, 4), (1, -1), (2, 6), (7, 2), (3, -1), (3, 7), (5, 4), (4, 6), (1, 0), (7, 4), (3, 0), (5, 6), (1, 2), (0, 4), (2, 1), (-1, 6), (3, 2), (4, 1), (1, 4), (0, 6), (2, 3), (6, 3), (3, 4), (4, 3), (1, 6), (2, 5), (6, 5), (-1, 1), (4, 5), (0, 1), (2, -1), (2, 7), (6, -1), (6, 7), (7, 6), (-1, 3), (4, -1), (4, 7), (1, 1), (0, 3), (2, 0), (6, 0), (-1, 5)})
ch: (1, 5)
obj after adding: {(5, (3, 4)), (5, (2, 2)), (5, (0, 5)), (5, (0, 0)), (5, (3, 5)), (5, (1, 2)), (5, (6, 4)), (5, (2, 3)), (5, (5, 2)), (5, (0, 1)), (5, (3, 0)), (5, (6, 5)), (5, (2, 4)), (5, (5, 3)), (5, (3, 6)), (5, (3, 1)), (5, (6, 0)), (5, (4, 2)), (5, (6, 6)), (5, (5, 4)), (5, (6, 1)), (5, (2, 5)), (5, (3, 2)), (5, (2, 0)), (5, (5, 5)), (5, (6, 2)), (5, (0, 4)), (5, (5, 0)), (5, (4, 4)), (5, (0, 2)), (5, (6, 3)), (5, (1, 4)), (5, (5, 1)), (5, (0, 3)), (5, (1, 5)), (5, (4, 0)), (5, (1, 0)), (5, (3, 3)), (5, (2, 1)), (5, (4, 1)), (5, (5, 6)), (5, (1, 1))}
bx after removing ch: frozenset({(4, 3), (4, 6), (0, 6), (4, 5), (2, 6), (1, 6), (1, 3)})
dns: frozenset({(4, 0), (5, 1), (0, 5), (2, 2), (6, 2), (7, 1), (-1, -1), (4, 2), (3, 6), (5, 3), (0, -1), (2, 4), (6, 4), (7, 3), (-1, 0), (5, 5), (0, 0), (6, 6), (7, 5), (-1, 2), (3, 1), (5, -1), (5, 7), (0, 2), (1, 3), (7, -1), (7, 7), (-1, 4), (3, 3), (5, 0), (1, 5), (6, 1), (7, 0), (3, 5), (5, 2), (4, 4), (1, -1), (2, 6), (7, 2), (3, -1), (3, 7), (5, 4), (4, 6), (1, 0), (7, 4), (3, 0), (5, 6), (1, 2), (0, 4), (2, 1), (-1, 6), (3, 2), (4, 1), (1, 4), (0, 6), (2, 3), (6, 3), (3, 4), (4, 3), (1, 6), (2, 5), (6, 5), (-1, 1), (4, 5), (0, 1), (2, -1), (2, 7), (6, -1), (6, 7), (7, 6), (-1, 3), (4, -1), (4, 7), (1, 1), (0, 3), (2, 0), (6, 0), (-1, 5)})
ch: (0, 6)
obj after adding: {(5, (3, 4)), (5, (2, 2)), (5, (0, 5)), (5, (0, 0)), (5, (3, 5)), (5, (1, 2)), (5, (6, 4)), (5, (2, 3)), (5, (5, 2)), (5, (0, 1)), (5, (3, 0)), (5, (6, 5)), (5, (2, 4)), (5, (5, 3)), (5, (3, 6)), (5, (3, 1)), (5, (6, 0)), (5, (4, 2)), (5, (6, 6)), (5, (5, 4)), (5, (6, 1)), (5, (2, 5)), (5, (3, 2)), (5, (0, 6)), (5, (2, 0)), (5, (5, 5)), (5, (6, 2)), (5, (0, 4)), (5, (5, 0)), (5, (4, 4)), (5, (0, 2)), (5, (6, 3)), (5, (1, 4)), (5, (5, 1)), (5, (0, 3)), (5, (1, 5)), (5, (4, 0)), (5, (1, 0)), (5, (3, 3)), (5, (2, 1)), (5, (4, 1)), (5, (5, 6)), (5, (1, 1))}
bx after removing ch: frozenset({(4, 3), (4, 6), (4, 5), (2, 6), (1, 6), (1, 3)})
dns: frozenset({(4, 0), (5, 1), (0, 5), (2, 2), (6, 2), (7, 1), (-1, -1), (-1, 7), (4, 2), (3, 6), (5, 3), (0, -1), (0, 7), (2, 4), (6, 4), (7, 3), (-1, 0), (5, 5), (0, 0), (6, 6), (7, 5), (-1, 2), (3, 1), (5, -1), (5, 7), (0, 2), (1, 3), (7, -1), (7, 7), (-1, 4), (3, 3), (5, 0), (1, 5), (6, 1), (7, 0), (3, 5), (5, 2), (4, 4), (1, -1), (1, 7), (2, 6), (7, 2), (3, -1), (3, 7), (5, 4), (4, 6), (1, 0), (7, 4), (3, 0), (5, 6), (1, 2), (0, 4), (2, 1), (-1, 6), (3, 2), (4, 1), (1, 4), (0, 6), (2, 3), (6, 3), (3, 4), (4, 3), (1, 6), (2, 5), (6, 5), (-1, 1), (4, 5), (0, 1), (2, -1), (2, 7), (6, -1), (6, 7), (7, 6), (-1, 3), (4, -1), (4, 7), (1, 1), (0, 3), (2, 0), (6, 0), (-1, 5)})
ch: (4, 3)
obj after adding: {(5, (3, 4)), (5, (2, 2)), (5, (0, 5)), (5, (0, 0)), (5, (3, 5)), (5, (1, 2)), (5, (6, 4)), (5, (2, 3)), (5, (5, 2)), (5, (0, 1)), (5, (3, 0)), (5, (6, 5)), (5, (2, 4)), (5, (5, 3)), (5, (3, 6)), (5, (3, 1)), (5, (6, 0)), (5, (4, 2)), (5, (6, 6)), (5, (5, 4)), (5, (6, 1)), (5, (2, 5)), (5, (3, 2)), (5, (0, 6)), (5, (2, 0)), (5, (4, 3)), (5, (5, 5)), (5, (6, 2)), (5, (0, 4)), (5, (5, 0)), (5, (4, 4)), (5, (0, 2)), (5, (6, 3)), (5, (1, 4)), (5, (5, 1)), (5, (0, 3)), (5, (1, 5)), (5, (4, 0)), (5, (1, 0)), (5, (3, 3)), (5, (2, 1)), (5, (4, 1)), (5, (5, 6)), (5, (1, 1))}
bx after removing ch: frozenset({(4, 6), (4, 5), (2, 6), (1, 6), (1, 3)})
dns: frozenset({(4, 0), (5, 1), (0, 5), (2, 2), (6, 2), (7, 1), (-1, -1), (-1, 7), (4, 2), (3, 6), (5, 3), (0, -1), (0, 7), (2, 4), (6, 4), (7, 3), (-1, 0), (5, 5), (0, 0), (6, 6), (7, 5), (-1, 2), (3, 1), (5, -1), (5, 7), (0, 2), (1, 3), (7, -1), (7, 7), (-1, 4), (3, 3), (5, 0), (1, 5), (6, 1), (7, 0), (3, 5), (5, 2), (4, 4), (1, -1), (1, 7), (2, 6), (7, 2), (3, -1), (3, 7), (5, 4), (4, 6), (1, 0), (7, 4), (3, 0), (5, 6), (1, 2), (0, 4), (2, 1), (-1, 6), (3, 2), (4, 1), (1, 4), (0, 6), (2, 3), (6, 3), (3, 4), (4, 3), (1, 6), (2, 5), (6, 5), (-1, 1), (4, 5), (0, 1), (2, -1), (2, 7), (6, -1), (6, 7), (7, 6), (-1, 3), (4, -1), (4, 7), (1, 1), (0, 3), (2, 0), (6, 0), (-1, 5)})
ch: (1, 3)
obj after adding: {(5, (3, 4)), (5, (2, 2)), (5, (0, 5)), (5, (0, 0)), (5, (3, 5)), (5, (1, 2)), (5, (6, 4)), (5, (2, 3)), (5, (5, 2)), (5, (0, 1)), (5, (3, 0)), (5, (6, 5)), (5, (2, 4)), (5, (5, 3)), (5, (3, 6)), (5, (3, 1)), (5, (6, 0)), (5, (4, 2)), (5, (6, 6)), (5, (5, 4)), (5, (6, 1)), (5, (2, 5)), (5, (3, 2)), (5, (0, 6)), (5, (2, 0)), (5, (4, 3)), (5, (5, 5)), (5, (6, 2)), (5, (0, 4)), (5, (5, 0)), (5, (1, 3)), (5, (4, 4)), (5, (0, 2)), (5, (6, 3)), (5, (1, 4)), (5, (5, 1)), (5, (0, 3)), (5, (1, 5)), (5, (4, 0)), (5, (1, 0)), (5, (3, 3)), (5, (2, 1)), (5, (4, 1)), (5, (5, 6)), (5, (1, 1))}
bx after removing ch: frozenset({(1, 6), (4, 5), (4, 6), (2, 6)})
dns: frozenset({(4, 0), (5, 1), (0, 5), (2, 2), (6, 2), (7, 1), (-1, -1), (-1, 7), (4, 2), (3, 6), (5, 3), (0, -1), (0, 7), (2, 4), (6, 4), (7, 3), (-1, 0), (5, 5), (0, 0), (6, 6), (7, 5), (-1, 2), (3, 1), (5, -1), (5, 7), (0, 2), (1, 3), (7, -1), (7, 7), (-1, 4), (3, 3), (5, 0), (1, 5), (6, 1), (7, 0), (3, 5), (5, 2), (4, 4), (1, -1), (1, 7), (2, 6), (7, 2), (3, -1), (3, 7), (5, 4), (4, 6), (1, 0), (7, 4), (3, 0), (5, 6), (1, 2), (0, 4), (2, 1), (-1, 6), (3, 2), (4, 1), (1, 4), (0, 6), (2, 3), (6, 3), (3, 4), (4, 3), (1, 6), (2, 5), (6, 5), (-1, 1), (4, 5), (0, 1), (2, -1), (2, 7), (6, -1), (6, 7), (7, 6), (-1, 3), (4, -1), (4, 7), (1, 1), (0, 3), (2, 0), (6, 0), (-1, 5)})
ch: (4, 5)
obj after adding: {(5, (3, 4)), (5, (2, 2)), (5, (0, 5)), (5, (0, 0)), (5, (3, 5)), (5, (1, 2)), (5, (6, 4)), (5, (2, 3)), (5, (5, 2)), (5, (0, 1)), (5, (3, 0)), (5, (6, 5)), (5, (2, 4)), (5, (5, 3)), (5, (3, 6)), (5, (3, 1)), (5, (6, 0)), (5, (4, 2)), (5, (6, 6)), (5, (5, 4)), (5, (6, 1)), (5, (2, 5)), (5, (3, 2)), (5, (0, 6)), (5, (2, 0)), (5, (4, 3)), (5, (5, 5)), (5, (6, 2)), (5, (0, 4)), (5, (5, 0)), (5, (1, 3)), (5, (4, 4)), (5, (0, 2)), (5, (6, 3)), (5, (1, 4)), (5, (4, 5)), (5, (5, 1)), (5, (0, 3)), (5, (1, 5)), (5, (4, 0)), (5, (1, 0)), (5, (3, 3)), (5, (2, 1)), (5, (4, 1)), (5, (5, 6)), (5, (1, 1))}
bx after removing ch: frozenset({(1, 6), (4, 6), (2, 6)})
dns: frozenset({(4, 0), (5, 1), (0, 5), (2, 2), (6, 2), (7, 1), (-1, -1), (-1, 7), (4, 2), (3, 6), (5, 3), (0, -1), (0, 7), (2, 4), (6, 4), (7, 3), (-1, 0), (5, 5), (0, 0), (6, 6), (7, 5), (-1, 2), (3, 1), (5, -1), (5, 7), (0, 2), (1, 3), (7, -1), (7, 7), (-1, 4), (3, 3), (5, 0), (1, 5), (6, 1), (7, 0), (3, 5), (5, 2), (4, 4), (1, -1), (1, 7), (2, 6), (7, 2), (3, -1), (3, 7), (5, 4), (4, 6), (1, 0), (7, 4), (3, 0), (5, 6), (1, 2), (0, 4), (2, 1), (-1, 6), (3, 2), (4, 1), (1, 4), (0, 6), (2, 3), (6, 3), (3, 4), (4, 3), (1, 6), (2, 5), (6, 5), (-1, 1), (4, 5), (0, 1), (2, -1), (2, 7), (6, -1), (6, 7), (7, 6), (-1, 3), (4, -1), (4, 7), (1, 1), (0, 3), (2, 0), (6, 0), (-1, 5)})
ch: (4, 6)
obj after adding: {(5, (3, 4)), (5, (2, 2)), (5, (0, 5)), (5, (0, 0)), (5, (3, 5)), (5, (1, 2)), (5, (6, 4)), (5, (2, 3)), (5, (5, 2)), (5, (4, 6)), (5, (0, 1)), (5, (3, 0)), (5, (6, 5)), (5, (2, 4)), (5, (5, 3)), (5, (3, 6)), (5, (3, 1)), (5, (6, 0)), (5, (4, 2)), (5, (6, 6)), (5, (5, 4)), (5, (6, 1)), (5, (2, 5)), (5, (3, 2)), (5, (0, 6)), (5, (2, 0)), (5, (4, 3)), (5, (5, 5)), (5, (6, 2)), (5, (0, 4)), (5, (5, 0)), (5, (1, 3)), (5, (4, 4)), (5, (0, 2)), (5, (6, 3)), (5, (1, 4)), (5, (4, 5)), (5, (5, 1)), (5, (0, 3)), (5, (1, 5)), (5, (4, 0)), (5, (1, 0)), (5, (3, 3)), (5, (2, 1)), (5, (4, 1)), (5, (5, 6)), (5, (1, 1))}
bx after removing ch: frozenset({(1, 6), (2, 6)})
gi: ((5, 5, 5, 5, 5, 5, 5), (5, 5, 5, 5, 5, 5, 7), (5, 5, 5, 5, 5, 5, 7), (5, 5, 5, 5, 5, 5, 5), (5, 5, 5, 5, 5, 5, 5), (5, 5, 5, 5, 5, 5, 5), (5, 5, 5, 5, 5, 5, 5))
gi1: ((5, 5, 5, 5, 5, 5, 5, 5, 5, 5, 5, 5, 5, 5), (5, 5, 5, 5, 5, 5, 7, 5, 5, 5, 5, 5, 5, 5), (5, 5, 5, 5, 5, 5, 7, 5, 5, 5, 5, 5, 5, 5), (5, 5, 5, 5, 5, 5, 5, 5, 5, 5, 5, 5, 5, 5), (5, 5, 5, 5, 5, 5, 5, 5, 5, 5, 5, 5, 5, 5), (5, 5, 5, 5, 5, 5, 5, 5, 5, 5, 5, 5, 5, 5), (5, 5, 5, 5, 5, 5, 5, 5, 5, 5, 5, 7, 7, 5))
gi2: ((5, 7, 7, 5, 5, 5, 5, 5, 5, 5, 5, 5, 5, 5), (5, 5, 5, 5, 5, 5, 5, 5, 5, 5, 5, 5, 5, 5), (5, 5, 5, 5, 5, 5, 5, 5, 5, 5, 5, 5, 5, 5), (5, 5, 5, 5, 5, 5, 5, 5, 5, 5, 5, 5, 5, 5), (5, 5, 5, 5, 5, 5, 5, 7, 5, 5, 5, 5, 5, 5), (5, 5, 5, 5, 5, 5, 5, 7, 5, 5, 5, 5, 5, 5), (5, 5, 5, 5, 5, 5, 5, 5, 5, 5, 5, 5, 5, 5))
gi after vconcat: ((5, 5, 5, 5, 5, 5, 5, 5, 5, 5, 5, 5, 5, 5), (5, 5, 5, 5, 5, 5, 7, 5, 5, 5, 5, 5, 5, 5), (5, 5, 5, 5, 5, 5, 7, 5, 5, 5, 5, 5, 5, 5), (5, 5, 5, 5, 5, 5, 5, 5, 5, 5, 5, 5, 5, 5), (5, 5, 5, 5, 5, 5, 5, 5, 5, 5, 5, 5, 5, 5), (5, 5, 5, 5, 5, 5, 5, 5, 5, 5, 5, 5, 5, 5), (5, 5, 5, 5, 5, 5, 5, 5, 5, 5, 5, 7, 7, 5), (5, 7, 7, 5, 5, 5, 5, 5, 5, 5, 5, 5, 5, 5), (5, 5, 5, 5, 5, 5, 5, 5, 5, 5, 5, 5, 5, 5), (5, 5, 5, 5, 5, 5, 5, 5, 5, 5, 5, 5, 5, 5), (5, 5, 5, 5, 5, 5, 5, 5, 5, 5, 5, 5, 5, 5), (5, 5, 5, 5, 5, 5, 5, 7, 5, 5, 5, 5, 5, 5), (5, 5, 5, 5, 5, 5, 5, 7, 5, 5, 5, 5, 5, 5), (5, 5, 5, 5, 5, 5, 5, 5, 5, 5, 5, 5, 5, 5))
fullh: 20
fullw: 17
gio: frozenset({(5, (3, 4)), (5, (2, 2)), (5, (2, 13)), (7, (2, 6)), (5, (11, 12)), (5, (0, 0)), (7, (1, 6)), (5, (5, 13)), (5, (9, 10)), (5, (13, 6)), (5, (10, 1)), (5, (4, 12)), (5, (2, 9)), (5, (7, 11)), (5, (6, 5)), (5, (5, 3)), (5, (4, 7)), (5, (13, 2)), (5, (3, 1)), (5, (12, 0)), (5, (6, 0)), (5, (13, 13)), (5, (6, 1)), (5, (5, 10)), (5, (10, 12)), (5, (8, 10)), (5, (6, 7)), (5, (7, 8)), (5, (5, 5)), (5, (11, 5)), (5, (13, 4)), (5, (1, 9)), (5, (12, 2)), (5, (4, 4)), (5, (11, 0)), (5, (3, 7)), (5, (1, 4)), (5, (7, 4)), (5, (0, 3)), (5, (9, 13)), (5, (2, 12)), (5, (6, 8)), (5, (9, 9)), (5, (4, 10)), (5, (2, 7)), (5, (9, 3)), (5, (13, 5)), (5, (10, 0)), (5, (0, 5)), (5, (13, 12)), (5, (8, 13)), (5, (6, 10)), (5, (10, 7)), (5, (5, 8)), (5, (13, 7)), (5, (1, 12)), (5, (3, 6)), (5, (8, 8)), (5, (10, 2)), (5, (12, 5)), (5, (11, 3)), (5, (6, 6)), (5, (1, 7)), (5, (5, 4)), (5, (9, 1)), (5, (3, 2)), (5, (8, 4)), (5, (0, 6)), (5, (2, 0)), (5, (7, 13)), (5, (11, 10)), (5, (10, 13)), (5, (9, 11)), (5, (8, 11)), (5, (0, 13)), (5, (9, 12)), (5, (3, 12)), (5, (7, 9)), (5, (2, 10)), (5, (6, 3)), (5, (10, 3)), (5, (0, 8)), (5, (4, 5)), (5, (9, 7)), (7, (12, 7)), (5, (8, 1)), (5, (4, 0)), (5, (1, 0)), (5, (10, 10)), (5, (13, 10)), (5, (7, 6)), (5, (12, 8)), (5, (10, 5)), (5, (6, 9)), (5, (8, 3)), (5, (5, 7)), (5, (9, 4)), (5, (3, 5)), (5, (1, 2)), (5, (6, 4)), (5, (2, 3)), (5, (5, 2)), (5, (11, 13)), (5, (0, 1)), (5, (3, 0)), (7, (7, 1)), (5, (12, 10)), (5, (11, 8)), (5, (12, 11)), (5, (7, 12)), (5, (5, 9)), (5, (9, 6)), (5, (1, 13)), (5, (8, 9)), (5, (0, 11)), (5, (2, 5)), (5, (4, 8)), (5, (7, 7)), (5, (11, 4)), (5, (3, 11)), (7, (6, 11)), (5, (9, 2)), (5, (4, 3)), (5, (0, 7)), (5, (10, 8)), (5, (0, 2)), (5, (8, 6)), (5, (12, 3)), (5, (11, 1)), (5, (5, 1)), (5, (2, 11)), (5, (3, 8)), (5, (1, 5)), (5, (10, 4)), (5, (13, 0)), (5, (0, 9)), (5, (8, 2)), (7, (6, 12)), (5, (3, 3)), (5, (7, 0)), (5, (2, 1)), (5, (12, 13)), (5, (11, 11)), (5, (1, 1)), (5, (10, 11)), (5, (5, 12)), (5, (13, 11)), (5, (3, 10)), (5, (8, 12)), (5, (4, 11)), (5, (2, 8)), (5, (10, 6)), (5, (12, 9)), (5, (1, 11)), (5, (9, 5)), (5, (12, 4)), (5, (4, 6)), (5, (11, 2)), (5, (13, 1)), (5, (0, 10)), (5, (2, 4)), (5, (9, 0)), (7, (11, 7)), (5, (4, 2)), (7, (7, 2)), (5, (4, 13)), (5, (11, 9)), (5, (13, 8)), (5, (12, 6)), (5, (13, 3)), (5, (1, 8)), (5, (12, 1)), (5, (0, 12)), (5, (4, 9)), (5, (8, 5)), (5, (0, 4)), (5, (6, 2)), (5, (7, 3)), (5, (1, 3)), (5, (5, 0)), (5, (8, 0)), (5, (11, 6)), (5, (3, 13)), (5, (1, 10)), (5, (7, 10)), (5, (10, 9)), (5, (12, 12)), (5, (6, 13)), (5, (8, 7)), (5, (13, 9)), (5, (5, 11)), (5, (7, 5)), (5, (9, 8)), (5, (3, 9)), (5, (4, 1)), (5, (5, 6))})
gic: ((7, 7, 7, 7, 7, 7, 7, 7, 7, 7, 7, 7, 7, 7, 7, 7, 7), (7, 7, 7, 7, 7, 7, 7, 7, 7, 7, 7, 7, 7, 7, 7, 7, 7), (7, 7, 7, 7, 7, 7, 7, 7, 7, 7, 7, 7, 7, 7, 7, 7, 7), (7, 7, 7, 7, 7, 7, 7, 7, 7, 7, 7, 7, 7, 7, 7, 7, 7), (7, 7, 7, 7, 7, 7, 7, 7, 7, 7, 7, 7, 7, 7, 7, 7, 7), (7, 7, 7, 7, 7, 7, 7, 7, 7, 7, 7, 7, 7, 7, 7, 7, 7), (7, 7, 7, 7, 7, 7, 7, 7, 7, 7, 7, 7, 7, 7, 7, 7, 7), (7, 7, 7, 7, 7, 7, 7, 7, 7, 7, 7, 7, 7, 7, 7, 7, 7), (7, 7, 7, 7, 7, 7, 7, 7, 7, 7, 7, 7, 7, 7, 7, 7, 7), (7, 7, 7, 7, 7, 7, 7, 7, 7, 7, 7, 7, 7, 7, 7, 7, 7), (7, 7, 7, 7, 7, 7, 7, 7, 7, 7, 7, 7, 7, 7, 7, 7, 7), (7, 7, 7, 7, 7, 7, 7, 7, 7, 7, 7, 7, 7, 7, 7, 7, 7), (7, 7, 7, 7, 7, 7, 7, 7, 7, 7, 7, 7, 7, 7, 7, 7, 7), (7, 7, 7, 7, 7, 7, 7, 7, 7, 7, 7, 7, 7, 7, 7, 7, 7), (7, 7, 7, 7, 7, 7, 7, 7, 7, 7, 7, 7, 7, 7, 7, 7, 7), (7, 7, 7, 7, 7, 7, 7, 7, 7, 7, 7, 7, 7, 7, 7, 7, 7), (7, 7, 7, 7, 7, 7, 7, 7, 7, 7, 7, 7, 7, 7, 7, 7, 7), (7, 7, 7, 7, 7, 7, 7, 7, 7, 7, 7, 7, 7, 7, 7, 7, 7), (7, 7, 7, 7, 7, 7, 7, 7, 7, 7, 7, 7, 7, 7, 7, 7, 7), (7, 7, 7, 7, 7, 7, 7, 7, 7, 7, 7, 7, 7, 7, 7, 7, 7))
loci: 2
locj: 0
gi after final paint: ((7, 7, 7, 7, 7, 7, 7, 7, 7, 7, 7, 7, 7, 7, 7, 7, 7), (7, 7, 7, 7, 7, 7, 7, 7, 7, 7, 7, 7, 7, 7, 7, 7, 7), (5, 5, 5, 5, 5, 5, 5, 5, 5, 5, 5, 5, 5, 5, 7, 7, 7), (5, 5, 5, 5, 5, 5, 7, 5, 5, 5, 5, 5, 5, 5, 7, 7, 7), (5, 5, 5, 5, 5, 5, 7, 5, 5, 5, 5, 5, 5, 5, 7, 7, 7), (5, 5, 5, 5, 5, 5, 5, 5, 5, 5, 5, 5, 5, 5, 7, 7, 7), (5, 5, 5, 5, 5, 5, 5, 5, 5, 5, 5, 5, 5, 5, 7, 7, 7), (5, 5, 5, 5, 5, 5, 5, 5, 5, 5, 5, 5, 5, 5, 7, 7, 7), (5, 5, 5, 5, 5, 5, 5, 5, 5, 5, 5, 7, 7, 5, 7, 7, 7), (5, 7, 7, 5, 5, 5, 5, 5, 5, 5, 5, 5, 5, 5, 7, 7, 7), (5, 5, 5, 5, 5, 5, 5, 5, 5, 5, 5, 5, 5, 5, 7, 7, 7), (5, 5, 5, 5, 5, 5, 5, 5, 5, 5, 5, 5, 5, 5, 7, 7, 7), (5, 5, 5, 5, 5, 5, 5, 5, 5, 5, 5, 5, 5, 5, 7, 7, 7), (5, 5, 5, 5, 5, 5, 5, 7, 5, 5, 5, 5, 5, 5, 7, 7, 7), (5, 5, 5, 5, 5, 5, 5, 7, 5, 5, 5, 5, 5, 5, 7, 7, 7), (5, 5, 5, 5, 5, 5, 5, 5, 5, 5, 5, 5, 5, 5, 7, 7, 7), (7, 7, 7, 7, 7, 7, 7, 7, 7, 7, 7, 7, 7, 7, 7, 7, 7), (7, 7, 7, 7, 7, 7, 7, 7, 7, 7, 7, 7, 7, 7, 7, 7, 7), (7, 7, 7, 7, 7, 7, 7, 7, 7, 7, 7, 7, 7, 7, 7, 7, 7), (7, 7, 7, 7, 7, 7, 7, 7, 7, 7, 7, 7, 7, 7, 7, 7, 7))
reminds: frozenset({(12, 4), (4, 0), (4, 9), (5, 1), (8, 0), (3, 13), (14, 13), (8, 9), (10, 6), (5, 10), (11, 5), (2, 2), (9, 8), (2, 11), (13, 8), (15, 5), (6, 2), (7, 1), (6, 11), (7, 10), (4, 2), (5, 3), (8, 2), (5, 12), (9, 10), (11, 7), (2, 4), (13, 1), (13, 10), (15, 7), (6, 4), (7, 3), (6, 13), (7, 12), (3, 8), (14, 8), (8, 4), (5, 5), (9, 3), (11, 0), (9, 12), (11, 9), (13, 3), (15, 0), (13, 12), (15, 9), (6, 6), (7, 5), (3, 1), (14, 1), (12, 13), (3, 10), (14, 10), (5, 7), (9, 5), (11, 2), (13, 5), (15, 2), (15, 11), (7, 7), (12, 6), (3, 3), (14, 3), (5, 0), (3, 12), (14, 12), (4, 11), (5, 9), (9, 7), (11, 4), (10, 8), (15, 4), (6, 1), (7, 0), (15, 13), (2, 13), (7, 9), (12, 8), (3, 5), (14, 5), (5, 2), (4, 4), (9, 0), (5, 11), (4, 13), (9, 9), (10, 1), (13, 0), (8, 13), (10, 10), (13, 9), (15, 6), (2, 6), (7, 2), (7, 11), (12, 1), (12, 10), (3, 7), (5, 4), (5, 13), (8, 6), (10, 3), (13, 2), (10, 12), (13, 11), (11, 11), (2, 8), (7, 4), (6, 8), (12, 3), (3, 0), (14, 0), (12, 12), (3, 9), (14, 9), (5, 6), (4, 8), (8, 8), (10, 5), (13, 4), (2, 1), (11, 13), (2, 10), (6, 10), (12, 5), (3, 2), (14, 2), (4, 1), (3, 11), (14, 11), (4, 10), (8, 1), (8, 10), (10, 7), (11, 6), (2, 3), (2, 12), (6, 3), (6, 12), (12, 7), (3, 4), (14, 4), (4, 3), (4, 12), (8, 3), (10, 0), (10, 9), (9, 11), (11, 8), (2, 5), (15, 8), (6, 5), (12, 0), (7, 13), (12, 9), (14, 6), (4, 5), (8, 5), (10, 2), (9, 4), (11, 1), (10, 11), (9, 13), (11, 10), (2, 7), (15, 1), (13, 13), (15, 10), (6, 7), (7, 6), (12, 2), (12, 11), (4, 7), (5, 8), (8, 7), (10, 4), (9, 6), (11, 3), (2, 0), (10, 13), (11, 12), (2, 9), (13, 6), (15, 3), (6, 0), (15, 12), (6, 9), (7, 8)})
