Modified Function Code:
from re_arc.dsl import *
def generate_2204b7a8() -> dict:
    diff_lb = 0
    diff_ub = 1
    print(f"diff_lb: {diff_lb}, diff_ub: {diff_ub}")
    
    dim_bounds = (4, 30)
    colopts = interval(0, 10, 1)
    print(f"dim_bounds: {dim_bounds}, colopts: {colopts}")
    
    while True:
        h = unifint(diff_lb, diff_ub, dim_bounds)
        print(f"h: {h}")
        
        w = unifint(diff_lb, diff_ub, dim_bounds)
        print(f"w: {w}")
        
        bgc = choice(colopts)
        print(f"bgc: {bgc}")
        
        remcols = remove(bgc, colopts)
        print(f"remcols: {remcols}")
        
        c = canvas(bgc, (h, w))
        print(f"c: {c}")
        
        inds = totuple(shift(asindices(canvas(0, (h, w - 2))), RIGHT))
        print(f"inds: {inds}")
        
        ccol = choice(remcols)
        print(f"ccol: {ccol}")
        
        remcols2 = remove(ccol, remcols)
        print(f"remcols2: {remcols2}")
        
        c1 = choice(remcols2)
        print(f"c1: {c1}")
        
        c2 = choice(remove(c1, remcols2))
        print(f"c2: {c2}")
        
        nc_bounds = (1, (h * (w - 2)) // 2 - 1)
        nc = unifint(diff_lb, diff_ub, nc_bounds)
        print(f"nc_bounds: {nc_bounds}, nc: {nc}")
        
        locs = sample(inds, nc)
        print(f"locs: {locs}")
        
        if w % 2 == 1:
            locs = difference(locs, vfrontier(tojvec(w // 2)))
            print(f"locs after adjustment: {locs}")
        
        gi = fill(c, c1, vfrontier(ORIGIN))
        print(f"gi after filling c1: {gi}")
        
        gi = fill(gi, c2, vfrontier(tojvec(w - 1)))
        print(f"gi after filling c2: {gi}")
        
        gi = fill(gi, ccol, locs)
        print(f"gi after filling ccol: {gi}")
        
        a = sfilter(locs, lambda ij: last(ij) < w // 2)
        print(f"a: {a}")
        
        b = difference(locs, a)
        print(f"b: {b}")
        
        if len(palette(gi)) == 4:
            break
    
    if choice((True, False)):
        gi = dmirror(gi)
        print(f"gi after dmirror: {gi}")
    
    return {'input': gi}

Printed Outputs:
diff_lb: 0, diff_ub: 1
dim_bounds: (4, 30), colopts: (0, 1, 2, 3, 4, 5, 6, 7, 8, 9)
h: 24
w: 7
bgc: 4
remcols: (0, 1, 2, 3, 5, 6, 7, 8, 9)
c: ((4, 4, 4, 4, 4, 4, 4), (4, 4, 4, 4, 4, 4, 4), (4, 4, 4, 4, 4, 4, 4), (4, 4, 4, 4, 4, 4, 4), (4, 4, 4, 4, 4, 4, 4), (4, 4, 4, 4, 4, 4, 4), (4, 4, 4, 4, 4, 4, 4), (4, 4, 4, 4, 4, 4, 4), (4, 4, 4, 4, 4, 4, 4), (4, 4, 4, 4, 4, 4, 4), (4, 4, 4, 4, 4, 4, 4), (4, 4, 4, 4, 4, 4, 4), (4, 4, 4, 4, 4, 4, 4), (4, 4, 4, 4, 4, 4, 4), (4, 4, 4, 4, 4, 4, 4), (4, 4, 4, 4, 4, 4, 4), (4, 4, 4, 4, 4, 4, 4), (4, 4, 4, 4, 4, 4, 4), (4, 4, 4, 4, 4, 4, 4), (4, 4, 4, 4, 4, 4, 4), (4, 4, 4, 4, 4, 4, 4), (4, 4, 4, 4, 4, 4, 4), (4, 4, 4, 4, 4, 4, 4), (4, 4, 4, 4, 4, 4, 4))
inds: ((12, 4), (23, 4), (5, 1), (17, 3), (11, 5), (0, 5), (2, 2), (15, 5), (6, 2), (7, 1), (18, 1), (4, 2), (5, 3), (17, 5), (8, 2), (9, 1), (19, 2), (2, 4), (13, 1), (6, 4), (7, 3), (18, 3), (21, 2), (22, 3), (5, 5), (8, 4), (19, 4), (9, 3), (13, 3), (18, 5), (7, 5), (21, 4), (22, 5), (3, 1), (14, 1), (9, 5), (0, 2), (11, 2), (1, 3), (13, 5), (15, 2), (16, 1), (20, 1), (3, 3), (14, 3), (17, 2), (11, 4), (1, 5), (15, 4), (6, 1), (16, 3), (20, 3), (3, 5), (17, 4), (5, 2), (14, 5), (4, 4), (10, 1), (16, 5), (7, 2), (18, 2), (20, 5), (22, 2), (12, 1), (23, 1), (5, 4), (9, 2), (10, 3), (13, 2), (7, 4), (18, 4), (22, 4), (12, 3), (23, 3), (10, 5), (13, 4), (1, 2), (0, 4), (2, 1), (12, 5), (23, 5), (3, 2), (4, 1), (14, 2), (8, 1), (19, 1), (1, 4), (2, 3), (16, 2), (6, 3), (20, 2), (21, 1), (3, 4), (14, 4), (4, 3), (8, 3), (19, 3), (2, 5), (16, 4), (6, 5), (20, 4), (22, 1), (21, 3), (4, 5), (8, 5), (19, 5), (9, 4), (0, 1), (11, 1), (10, 2), (15, 1), (21, 5), (12, 2), (23, 2), (17, 1), (10, 4), (1, 1), (0, 3), (11, 3), (15, 3))
ccol: 2
remcols2: (0, 1, 3, 5, 6, 7, 8, 9)
c1: 1
c2: 8
nc_bounds: (1, 59), nc: 24
locs: [(3, 2), (19, 4), (6, 2), (20, 5), (12, 2), (19, 2), (1, 1), (3, 4), (10, 4), (9, 4), (17, 5), (2, 1), (13, 1), (8, 2), (15, 4), (20, 1), (3, 1), (5, 4), (1, 5), (16, 3), (5, 3), (12, 4), (22, 4), (7, 5)]
locs after adjustment: [(3, 2), (19, 4), (6, 2), (20, 5), (12, 2), (19, 2), (1, 1), (3, 4), (10, 4), (9, 4), (17, 5), (2, 1), (13, 1), (8, 2), (15, 4), (20, 1), (3, 1), (5, 4), (1, 5), (12, 4), (22, 4), (7, 5)]
gi after filling c1: ((1, 4, 4, 4, 4, 4, 4), (1, 4, 4, 4, 4, 4, 4), (1, 4, 4, 4, 4, 4, 4), (1, 4, 4, 4, 4, 4, 4), (1, 4, 4, 4, 4, 4, 4), (1, 4, 4, 4, 4, 4, 4), (1, 4, 4, 4, 4, 4, 4), (1, 4, 4, 4, 4, 4, 4), (1, 4, 4, 4, 4, 4, 4), (1, 4, 4, 4, 4, 4, 4), (1, 4, 4, 4, 4, 4, 4), (1, 4, 4, 4, 4, 4, 4), (1, 4, 4, 4, 4, 4, 4), (1, 4, 4, 4, 4, 4, 4), (1, 4, 4, 4, 4, 4, 4), (1, 4, 4, 4, 4, 4, 4), (1, 4, 4, 4, 4, 4, 4), (1, 4, 4, 4, 4, 4, 4), (1, 4, 4, 4, 4, 4, 4), (1, 4, 4, 4, 4, 4, 4), (1, 4, 4, 4, 4, 4, 4), (1, 4, 4, 4, 4, 4, 4), (1, 4, 4, 4, 4, 4, 4), (1, 4, 4, 4, 4, 4, 4))
gi after filling c2: ((1, 4, 4, 4, 4, 4, 8), (1, 4, 4, 4, 4, 4, 8), (1, 4, 4, 4, 4, 4, 8), (1, 4, 4, 4, 4, 4, 8), (1, 4, 4, 4, 4, 4, 8), (1, 4, 4, 4, 4, 4, 8), (1, 4, 4, 4, 4, 4, 8), (1, 4, 4, 4, 4, 4, 8), (1, 4, 4, 4, 4, 4, 8), (1, 4, 4, 4, 4, 4, 8), (1, 4, 4, 4, 4, 4, 8), (1, 4, 4, 4, 4, 4, 8), (1, 4, 4, 4, 4, 4, 8), (1, 4, 4, 4, 4, 4, 8), (1, 4, 4, 4, 4, 4, 8), (1, 4, 4, 4, 4, 4, 8), (1, 4, 4, 4, 4, 4, 8), (1, 4, 4, 4, 4, 4, 8), (1, 4, 4, 4, 4, 4, 8), (1, 4, 4, 4, 4, 4, 8), (1, 4, 4, 4, 4, 4, 8), (1, 4, 4, 4, 4, 4, 8), (1, 4, 4, 4, 4, 4, 8), (1, 4, 4, 4, 4, 4, 8))
gi after filling ccol: ((1, 4, 4, 4, 4, 4, 8), (1, 2, 4, 4, 4, 2, 8), (1, 2, 4, 4, 4, 4, 8), (1, 2, 2, 4, 2, 4, 8), (1, 4, 4, 4, 4, 4, 8), (1, 4, 4, 4, 2, 4, 8), (1, 4, 2, 4, 4, 4, 8), (1, 4, 4, 4, 4, 2, 8), (1, 4, 2, 4, 4, 4, 8), (1, 4, 4, 4, 2, 4, 8), (1, 4, 4, 4, 2, 4, 8), (1, 4, 4, 4, 4, 4, 8), (1, 4, 2, 4, 2, 4, 8), (1, 2, 4, 4, 4, 4, 8), (1, 4, 4, 4, 4, 4, 8), (1, 4, 4, 4, 2, 4, 8), (1, 4, 4, 4, 4, 4, 8), (1, 4, 4, 4, 4, 2, 8), (1, 4, 4, 4, 4, 4, 8), (1, 4, 2, 4, 2, 4, 8), (1, 2, 4, 4, 4, 2, 8), (1, 4, 4, 4, 4, 4, 8), (1, 4, 4, 4, 2, 4, 8), (1, 4, 4, 4, 4, 4, 8))
a: [(3, 2), (6, 2), (12, 2), (19, 2), (1, 1), (2, 1), (13, 1), (8, 2), (20, 1), (3, 1)]
b: [(19, 4), (20, 5), (3, 4), (10, 4), (9, 4), (17, 5), (15, 4), (5, 4), (1, 5), (12, 4), (22, 4), (7, 5)]
