Modified Function Code:
from re_arc.dsl import *
def generate_22168020() -> dict:
    diff_lb = 0
    diff_ub = 1
    print(f"diff_lb: {diff_lb}")
    print(f"diff_ub: {diff_ub}")

    cols = interval(0, 10, 1)
    print(f"cols: {cols}")

    h = unifint(diff_lb, diff_ub, (6, 30))
    print(f"h: {h}")

    w = unifint(diff_lb, diff_ub, (6, 30))
    print(f"w: {w}")

    num = unifint(diff_lb, diff_ub, (1, min(9, (h * w) // 10)))
    print(f"num: {num}")

    bgc = choice(cols)
    print(f"bgc: {bgc}")

    remcols = remove(bgc, cols)
    print(f"remcols: {remcols}")

    gi = canvas(bgc, (h, w))
    print(f"gi: {gi}")

    succ = 0
    tr = 0
    maxtr = 6 * num
    print(f"maxtr: {maxtr}")

    inds = asindices(gi)
    print(f"inds: {inds}")

    while tr < maxtr and succ < num:
        d = unifint(diff_lb, diff_ub, (2, 5))
        print(f"d: {d}")

        oh = d + 1
        print(f"oh: {oh}")

        ow = 2 * d
        print(f"ow: {ow}")

        if len(inds) == 0:
            tr += 1
            continue

        loc = choice(totuple(inds))
        print(f"loc: {loc}")

        loci, locj = loc
        io1 = connect(loc, (loci + d - 1, locj + d - 1))
        print(f"io1: {io1}")

        io2 = connect((loci, locj + ow - 1), (loci + d - 1, locj + d))
        print(f"io2: {io2}")

        io = io1 | io2 | {(loci + d, locj + d - 1), (loci + d, locj + d)}
        print(f"io: {io}")

        oo = merge(sfilter(prapply(connect, io, io), hline))
        print(f"oo: {oo}")

        mf = choice((identity, dmirror, cmirror, hmirror, vmirror))
        print(f"mf: {mf}")

        io = mf(io)
        print(f"transformed io: {io}")

        oo = mf(oo)
        print(f"transformed oo: {oo}")

        col = choice(remcols)
        print(f"col: {col}")

        if oo.issubset(inds):
            gi = fill(gi, col, io)
            print(f"updated gi: {gi}")

            succ += 1
            inds = inds - oo
            print(f"updated inds: {inds}")

            remcols = remove(col, remcols)
            print(f"updated remcols: {remcols}")

        tr += 1

    return {'input': gi}

Printed Outputs:
diff_lb: 0
diff_ub: 1
cols: (0, 1, 2, 3, 4, 5, 6, 7, 8, 9)
h: 22
w: 7
num: 5
bgc: 6
remcols: (0, 1, 2, 3, 4, 5, 7, 8, 9)
gi: ((6, 6, 6, 6, 6, 6, 6), (6, 6, 6, 6, 6, 6, 6), (6, 6, 6, 6, 6, 6, 6), (6, 6, 6, 6, 6, 6, 6), (6, 6, 6, 6, 6, 6, 6), (6, 6, 6, 6, 6, 6, 6), (6, 6, 6, 6, 6, 6, 6), (6, 6, 6, 6, 6, 6, 6), (6, 6, 6, 6, 6, 6, 6), (6, 6, 6, 6, 6, 6, 6), (6, 6, 6, 6, 6, 6, 6), (6, 6, 6, 6, 6, 6, 6), (6, 6, 6, 6, 6, 6, 6), (6, 6, 6, 6, 6, 6, 6), (6, 6, 6, 6, 6, 6, 6), (6, 6, 6, 6, 6, 6, 6), (6, 6, 6, 6, 6, 6, 6), (6, 6, 6, 6, 6, 6, 6), (6, 6, 6, 6, 6, 6, 6), (6, 6, 6, 6, 6, 6, 6), (6, 6, 6, 6, 6, 6, 6), (6, 6, 6, 6, 6, 6, 6))
maxtr: 30
inds: frozenset({(12, 4), (4, 0), (5, 1), (8, 0), (17, 3), (19, 0), (10, 6), (0, 5), (2, 2), (11, 5), (15, 5), (6, 2), (7, 1), (18, 1), (21, 0), (4, 2), (3, 6), (5, 3), (8, 2), (17, 5), (9, 1), (19, 2), (2, 4), (13, 1), (6, 4), (16, 6), (7, 3), (18, 3), (21, 2), (5, 5), (8, 4), (19, 4), (9, 3), (0, 0), (11, 0), (13, 3), (15, 0), (6, 6), (7, 5), (18, 5), (21, 4), (3, 1), (14, 1), (17, 0), (19, 6), (9, 5), (0, 2), (11, 2), (1, 3), (13, 5), (15, 2), (16, 1), (20, 1), (12, 6), (3, 3), (5, 0), (14, 3), (17, 2), (11, 4), (1, 5), (15, 4), (6, 1), (16, 3), (7, 0), (18, 0), (20, 3), (3, 5), (5, 2), (4, 4), (14, 5), (9, 0), (17, 4), (10, 1), (13, 0), (15, 6), (2, 6), (16, 5), (7, 2), (18, 2), (20, 5), (12, 1), (5, 4), (4, 6), (9, 2), (8, 6), (10, 3), (1, 0), (13, 2), (7, 4), (18, 4), (21, 6), (12, 3), (3, 0), (14, 0), (5, 6), (10, 5), (1, 2), (0, 4), (2, 1), (13, 4), (16, 0), (20, 0), (12, 5), (3, 2), (14, 2), (4, 1), (8, 1), (19, 1), (1, 4), (0, 6), (2, 3), (11, 6), (16, 2), (6, 3), (20, 2), (21, 1), (3, 4), (14, 4), (4, 3), (17, 6), (8, 3), (10, 0), (19, 3), (1, 6), (2, 5), (16, 4), (6, 5), (20, 4), (21, 3), (12, 0), (14, 6), (4, 5), (8, 5), (10, 2), (9, 4), (0, 1), (11, 1), (19, 5), (15, 1), (20, 6), (7, 6), (18, 6), (12, 2), (21, 5), (17, 1), (10, 4), (1, 1), (0, 3), (2, 0), (9, 6), (11, 3), (13, 6), (15, 3), (6, 0)})
d: 2
oh: 3
ow: 4
loc: (9, 6)
io1: frozenset({(9, 6), (10, 7)})
io2: frozenset({(10, 8), (9, 9)})
io: frozenset({(11, 7), (10, 8), (9, 9), (9, 6), (10, 7), (11, 8)})
oo: frozenset({(11, 7), (10, 8), (9, 9), (9, 6), (10, 7), (9, 8), (11, 8), (9, 7)})
mf: <function hmirror at 0x785a7a649260>
transformed io: frozenset({(10, 8), (11, 9), (10, 7), (11, 6), (9, 8), (9, 7)})
transformed oo: frozenset({(11, 7), (10, 8), (11, 9), (10, 7), (11, 6), (9, 8), (11, 8), (9, 7)})
col: 1
d: 4
oh: 5
ow: 8
loc: (4, 4)
io1: frozenset({(4, 4), (5, 5), (6, 6), (7, 7)})
io2: frozenset({(4, 11), (5, 10), (6, 9), (7, 8)})
io: frozenset({(4, 4), (8, 8), (5, 5), (7, 7), (8, 7), (5, 10), (6, 6), (4, 11), (6, 9), (7, 8)})
oo: frozenset({(4, 9), (4, 6), (5, 7), (5, 10), (7, 7), (6, 8), (4, 5), (5, 6), (4, 8), (5, 9), (4, 11), (8, 8), (6, 7), (4, 7), (4, 4), (4, 10), (5, 5), (5, 8), (8, 7), (6, 6), (6, 9), (7, 8)})
mf: <function dmirror at 0x785a7a6493a0>
transformed io: frozenset({(4, 4), (8, 8), (10, 5), (5, 5), (7, 7), (8, 7), (9, 6), (6, 6), (11, 4), (7, 8)})
transformed oo: frozenset({(5, 4), (9, 5), (8, 6), (7, 4), (7, 7), (6, 5), (8, 5), (11, 4), (9, 4), (8, 8), (10, 5), (6, 4), (7, 6), (4, 4), (5, 5), (8, 4), (8, 7), (10, 4), (9, 6), (6, 6), (7, 5), (7, 8)})
col: 0
d: 3
oh: 4
ow: 6
loc: (1, 2)
io1: frozenset({(2, 3), (1, 2), (3, 4)})
io2: frozenset({(1, 7), (2, 6), (3, 5)})
io: frozenset({(2, 3), (4, 4), (1, 7), (1, 2), (2, 6), (3, 4), (4, 5), (3, 5)})
oo: frozenset({(4, 4), (2, 4), (1, 2), (3, 4), (1, 5), (1, 4), (2, 3), (4, 5), (1, 7), (2, 6), (1, 6), (2, 5), (1, 3), (3, 5)})
mf: <function hmirror at 0x785a7a649260>
transformed io: frozenset({(2, 4), (1, 5), (4, 2), (1, 4), (3, 3), (3, 6), (2, 5), (4, 7)})
transformed oo: frozenset({(4, 4), (2, 4), (3, 4), (1, 5), (4, 3), (4, 6), (4, 2), (1, 4), (4, 5), (3, 3), (3, 6), (2, 5), (4, 7), (3, 5)})
col: 5
d: 2
oh: 3
ow: 4
loc: (0, 4)
io1: frozenset({(0, 4), (1, 5)})
io2: frozenset({(0, 7), (1, 6)})
io: frozenset({(0, 7), (0, 4), (2, 6), (1, 5), (1, 6), (2, 5)})
oo: frozenset({(0, 7), (0, 4), (1, 5), (0, 6), (2, 6), (0, 5), (1, 6), (2, 5)})
mf: <function cmirror at 0x785a7a649440>
transformed io: frozenset({(2, 4), (1, 5), (1, 4), (0, 6), (3, 6), (2, 5)})
transformed oo: frozenset({(2, 4), (1, 5), (1, 4), (0, 6), (2, 6), (3, 6), (1, 6), (2, 5)})
col: 4
updated gi: ((6, 6, 6, 6, 6, 6, 4), (6, 6, 6, 6, 4, 4, 6), (6, 6, 6, 6, 4, 4, 6), (6, 6, 6, 6, 6, 6, 4), (6, 6, 6, 6, 6, 6, 6), (6, 6, 6, 6, 6, 6, 6), (6, 6, 6, 6, 6, 6, 6), (6, 6, 6, 6, 6, 6, 6), (6, 6, 6, 6, 6, 6, 6), (6, 6, 6, 6, 6, 6, 6), (6, 6, 6, 6, 6, 6, 6), (6, 6, 6, 6, 6, 6, 6), (6, 6, 6, 6, 6, 6, 6), (6, 6, 6, 6, 6, 6, 6), (6, 6, 6, 6, 6, 6, 6), (6, 6, 6, 6, 6, 6, 6), (6, 6, 6, 6, 6, 6, 6), (6, 6, 6, 6, 6, 6, 6), (6, 6, 6, 6, 6, 6, 6), (6, 6, 6, 6, 6, 6, 6), (6, 6, 6, 6, 6, 6, 6), (6, 6, 6, 6, 6, 6, 6))
updated inds: frozenset({(12, 4), (4, 0), (5, 1), (8, 0), (17, 3), (19, 0), (10, 6), (0, 5), (2, 2), (11, 5), (15, 5), (6, 2), (7, 1), (18, 1), (21, 0), (4, 2), (5, 3), (8, 2), (17, 5), (9, 1), (19, 2), (13, 1), (6, 4), (16, 6), (7, 3), (18, 3), (21, 2), (5, 5), (8, 4), (19, 4), (9, 3), (0, 0), (11, 0), (13, 3), (15, 0), (6, 6), (7, 5), (18, 5), (21, 4), (3, 1), (14, 1), (17, 0), (19, 6), (9, 5), (0, 2), (11, 2), (1, 3), (13, 5), (15, 2), (16, 1), (20, 1), (12, 6), (3, 3), (5, 0), (14, 3), (17, 2), (11, 4), (15, 4), (6, 1), (16, 3), (7, 0), (18, 0), (20, 3), (3, 5), (5, 2), (4, 4), (14, 5), (9, 0), (17, 4), (10, 1), (13, 0), (15, 6), (16, 5), (7, 2), (18, 2), (20, 5), (12, 1), (5, 4), (4, 6), (9, 2), (8, 6), (10, 3), (1, 0), (13, 2), (7, 4), (18, 4), (21, 6), (12, 3), (3, 0), (14, 0), (5, 6), (10, 5), (1, 2), (0, 4), (2, 1), (13, 4), (16, 0), (20, 0), (12, 5), (3, 2), (14, 2), (4, 1), (8, 1), (19, 1), (2, 3), (11, 6), (16, 2), (6, 3), (20, 2), (21, 1), (3, 4), (14, 4), (4, 3), (17, 6), (8, 3), (10, 0), (19, 3), (16, 4), (6, 5), (20, 4), (21, 3), (12, 0), (14, 6), (4, 5), (8, 5), (10, 2), (9, 4), (0, 1), (11, 1), (19, 5), (15, 1), (20, 6), (7, 6), (18, 6), (12, 2), (21, 5), (17, 1), (10, 4), (1, 1), (0, 3), (2, 0), (9, 6), (11, 3), (13, 6), (15, 3), (6, 0)})
updated remcols: (0, 1, 2, 3, 5, 7, 8, 9)
d: 3
oh: 4
ow: 6
loc: (11, 5)
io1: frozenset({(12, 6), (11, 5), (13, 7)})
io2: frozenset({(13, 8), (11, 10), (12, 9)})
io: frozenset({(13, 8), (12, 6), (14, 8), (11, 10), (11, 5), (13, 7), (14, 7), (12, 9)})
oo: frozenset({(13, 8), (11, 7), (14, 8), (12, 7), (11, 10), (13, 7), (14, 7), (11, 9), (12, 9), (11, 6), (12, 6), (11, 5), (11, 8), (12, 8)})
mf: <function dmirror at 0x785a7a6493a0>
transformed io: frozenset({(13, 8), (14, 8), (13, 7), (14, 7), (12, 6), (15, 6), (16, 5), (11, 5)})
transformed oo: frozenset({(13, 8), (15, 5), (14, 8), (13, 7), (14, 7), (14, 6), (12, 6), (15, 6), (13, 6), (16, 5), (11, 5), (12, 5), (13, 5), (14, 5)})
col: 0
d: 4
oh: 5
ow: 8
loc: (12, 0)
io1: frozenset({(15, 3), (12, 0), (14, 2), (13, 1)})
io2: frozenset({(15, 4), (12, 7), (13, 6), (14, 5)})
io: frozenset({(12, 7), (13, 1), (15, 4), (12, 0), (16, 3), (13, 6), (15, 3), (14, 2), (16, 4), (14, 5)})
oo: frozenset({(12, 4), (12, 1), (12, 7), (14, 4), (13, 2), (13, 5), (16, 4), (12, 0), (12, 3), (12, 6), (14, 3), (13, 4), (13, 1), (15, 4), (16, 3), (12, 2), (12, 5), (14, 2), (14, 5), (13, 3), (13, 6), (15, 3)})
mf: <function vmirror at 0x785a7a649300>
transformed io: frozenset({(12, 7), (13, 1), (15, 4), (12, 0), (16, 3), (13, 6), (15, 3), (14, 2), (16, 4), (14, 5)})
transformed oo: frozenset({(12, 4), (12, 1), (12, 7), (14, 4), (13, 2), (16, 4), (13, 5), (12, 0), (12, 3), (12, 6), (14, 3), (13, 4), (13, 1), (15, 4), (16, 3), (12, 2), (12, 5), (14, 2), (14, 5), (13, 3), (13, 6), (15, 3)})
col: 9
d: 3
oh: 4
ow: 6
loc: (2, 0)
io1: frozenset({(3, 1), (2, 0), (4, 2)})
io2: frozenset({(2, 5), (3, 4), (4, 3)})
io: frozenset({(3, 4), (4, 3), (3, 1), (5, 3), (2, 5), (2, 0), (4, 2), (5, 2)})
oo: frozenset({(2, 4), (3, 4), (2, 1), (4, 3), (3, 1), (2, 0), (4, 2), (2, 3), (3, 3), (2, 2), (5, 3), (3, 2), (2, 5), (5, 2)})
mf: <function hmirror at 0x785a7a649260>
transformed io: frozenset({(4, 4), (5, 5), (2, 3), (3, 3), (5, 0), (2, 2), (3, 2), (4, 1)})
transformed oo: frozenset({(4, 4), (5, 5), (4, 3), (5, 4), (5, 1), (4, 2), (2, 3), (3, 3), (5, 0), (2, 2), (5, 3), (3, 2), (4, 1), (5, 2)})
col: 8
updated gi: ((6, 6, 6, 6, 6, 6, 4), (6, 6, 6, 6, 4, 4, 6), (6, 6, 8, 8, 4, 4, 6), (6, 6, 8, 8, 6, 6, 4), (6, 8, 6, 6, 8, 6, 6), (8, 6, 6, 6, 6, 8, 6), (6, 6, 6, 6, 6, 6, 6), (6, 6, 6, 6, 6, 6, 6), (6, 6, 6, 6, 6, 6, 6), (6, 6, 6, 6, 6, 6, 6), (6, 6, 6, 6, 6, 6, 6), (6, 6, 6, 6, 6, 6, 6), (6, 6, 6, 6, 6, 6, 6), (6, 6, 6, 6, 6, 6, 6), (6, 6, 6, 6, 6, 6, 6), (6, 6, 6, 6, 6, 6, 6), (6, 6, 6, 6, 6, 6, 6), (6, 6, 6, 6, 6, 6, 6), (6, 6, 6, 6, 6, 6, 6), (6, 6, 6, 6, 6, 6, 6), (6, 6, 6, 6, 6, 6, 6), (6, 6, 6, 6, 6, 6, 6))
updated inds: frozenset({(12, 4), (4, 0), (8, 0), (17, 3), (19, 0), (10, 6), (0, 5), (11, 5), (15, 5), (6, 2), (7, 1), (18, 1), (21, 0), (8, 2), (17, 5), (9, 1), (19, 2), (13, 1), (6, 4), (16, 6), (7, 3), (18, 3), (21, 2), (8, 4), (19, 4), (9, 3), (0, 0), (11, 0), (13, 3), (15, 0), (6, 6), (7, 5), (18, 5), (21, 4), (3, 1), (14, 1), (17, 0), (19, 6), (9, 5), (0, 2), (11, 2), (1, 3), (13, 5), (15, 2), (16, 1), (20, 1), (12, 6), (14, 3), (17, 2), (11, 4), (15, 4), (6, 1), (16, 3), (7, 0), (18, 0), (20, 3), (3, 5), (14, 5), (9, 0), (17, 4), (10, 1), (13, 0), (15, 6), (16, 5), (7, 2), (18, 2), (20, 5), (12, 1), (4, 6), (9, 2), (8, 6), (10, 3), (1, 0), (13, 2), (7, 4), (18, 4), (21, 6), (12, 3), (3, 0), (14, 0), (5, 6), (10, 5), (1, 2), (0, 4), (2, 1), (13, 4), (16, 0), (20, 0), (12, 5), (14, 2), (8, 1), (19, 1), (11, 6), (16, 2), (6, 3), (20, 2), (21, 1), (3, 4), (14, 4), (17, 6), (8, 3), (10, 0), (19, 3), (16, 4), (6, 5), (20, 4), (21, 3), (12, 0), (14, 6), (4, 5), (8, 5), (10, 2), (9, 4), (0, 1), (11, 1), (19, 5), (15, 1), (20, 6), (7, 6), (18, 6), (12, 2), (21, 5), (17, 1), (10, 4), (1, 1), (0, 3), (2, 0), (9, 6), (11, 3), (13, 6), (15, 3), (6, 0)})
updated remcols: (0, 1, 2, 3, 5, 7, 9)
d: 4
oh: 5
ow: 8
loc: (19, 2)
io1: frozenset({(19, 2), (21, 4), (20, 3), (22, 5)})
io2: frozenset({(19, 9), (20, 8), (22, 6), (21, 7)})
io: frozenset({(20, 8), (22, 5), (23, 6), (19, 9), (20, 3), (22, 6), (23, 5), (19, 2), (21, 4), (21, 7)})
oo: frozenset({(20, 5), (20, 8), (22, 5), (19, 6), (19, 3), (19, 9), (20, 4), (20, 7), (21, 6), (23, 6), (19, 2), (19, 5), (19, 8), (20, 6), (21, 5), (20, 3), (22, 6), (23, 5), (19, 4), (19, 7), (21, 4), (21, 7)})
mf: <function hmirror at 0x785a7a649260>
transformed io: frozenset({(20, 5), (22, 8), (23, 9), (19, 6), (20, 6), (23, 2), (22, 3), (21, 4), (19, 5), (21, 7)})
transformed oo: frozenset({(20, 5), (23, 4), (22, 8), (23, 7), (22, 5), (19, 6), (22, 4), (21, 6), (23, 3), (23, 9), (22, 7), (23, 6), (19, 5), (20, 6), (21, 5), (23, 2), (22, 6), (23, 5), (22, 3), (23, 8), (21, 4), (21, 7)})
col: 9
d: 3
oh: 4
ow: 6
loc: (20, 5)
io1: frozenset({(20, 5), (21, 6), (22, 7)})
io2: frozenset({(21, 9), (22, 8), (20, 10)})
io: frozenset({(20, 5), (22, 7), (22, 8), (23, 7), (23, 8), (21, 9), (21, 6), (20, 10)})
oo: frozenset({(20, 5), (22, 8), (23, 7), (20, 8), (21, 9), (20, 7), (21, 6), (20, 10), (22, 7), (20, 6), (20, 9), (21, 8), (23, 8), (21, 7)})
mf: <function hmirror at 0x785a7a649260>
transformed io: frozenset({(20, 8), (23, 10), (20, 7), (22, 6), (21, 8), (23, 5), (22, 9), (21, 7)})
transformed oo: frozenset({(22, 8), (23, 7), (20, 8), (23, 10), (20, 7), (23, 9), (22, 7), (23, 6), (22, 6), (21, 8), (23, 5), (22, 9), (23, 8), (21, 7)})
col: 3
d: 4
oh: 5
ow: 8
loc: (16, 5)
io1: frozenset({(19, 8), (17, 6), (16, 5), (18, 7)})
io2: frozenset({(18, 10), (17, 11), (19, 9), (16, 12)})
io: frozenset({(19, 8), (20, 8), (18, 7), (18, 10), (16, 12), (17, 6), (19, 9), (16, 5), (20, 9), (17, 11)})
oo: frozenset({(20, 8), (17, 9), (17, 6), (19, 9), (16, 7), (16, 10), (18, 7), (18, 10), (17, 11), (17, 8), (19, 8), (16, 9), (16, 6), (16, 12), (18, 9), (20, 9), (17, 7), (17, 10), (16, 5), (16, 8), (16, 11), (18, 8)})
mf: <function dmirror at 0x785a7a6493a0>
transformed io: frozenset({(19, 8), (20, 8), (18, 7), (17, 6), (19, 9), (16, 5), (20, 9), (22, 6), (23, 5), (21, 7)})
transformed oo: frozenset({(20, 5), (20, 8), (22, 5), (19, 6), (17, 6), (19, 9), (18, 7), (20, 7), (21, 6), (17, 5), (19, 5), (19, 8), (20, 6), (18, 6), (21, 5), (20, 9), (22, 6), (23, 5), (19, 7), (16, 5), (18, 5), (21, 7)})
col: 5
d: 2
oh: 3
ow: 4
loc: (15, 2)
io1: frozenset({(16, 3), (15, 2)})
io2: frozenset({(15, 5), (16, 4)})
io: frozenset({(15, 5), (17, 3), (16, 3), (16, 4), (15, 2), (17, 4)})
oo: frozenset({(15, 5), (15, 4), (16, 3), (17, 3), (15, 3), (16, 4), (15, 2), (17, 4)})
mf: <function identity at 0x785a7a614900>
transformed io: frozenset({(15, 5), (17, 3), (16, 3), (16, 4), (15, 2), (17, 4)})
transformed oo: frozenset({(15, 5), (15, 4), (16, 3), (17, 3), (15, 3), (16, 4), (15, 2), (17, 4)})
col: 5
updated gi: ((6, 6, 6, 6, 6, 6, 4), (6, 6, 6, 6, 4, 4, 6), (6, 6, 8, 8, 4, 4, 6), (6, 6, 8, 8, 6, 6, 4), (6, 8, 6, 6, 8, 6, 6), (8, 6, 6, 6, 6, 8, 6), (6, 6, 6, 6, 6, 6, 6), (6, 6, 6, 6, 6, 6, 6), (6, 6, 6, 6, 6, 6, 6), (6, 6, 6, 6, 6, 6, 6), (6, 6, 6, 6, 6, 6, 6), (6, 6, 6, 6, 6, 6, 6), (6, 6, 6, 6, 6, 6, 6), (6, 6, 6, 6, 6, 6, 6), (6, 6, 6, 6, 6, 6, 6), (6, 6, 5, 6, 6, 5, 6), (6, 6, 6, 5, 5, 6, 6), (6, 6, 6, 5, 5, 6, 6), (6, 6, 6, 6, 6, 6, 6), (6, 6, 6, 6, 6, 6, 6), (6, 6, 6, 6, 6, 6, 6), (6, 6, 6, 6, 6, 6, 6))
updated inds: frozenset({(12, 4), (4, 0), (8, 0), (19, 0), (10, 6), (0, 5), (11, 5), (6, 2), (7, 1), (18, 1), (21, 0), (17, 5), (8, 2), (19, 2), (9, 1), (13, 1), (6, 4), (16, 6), (7, 3), (18, 3), (21, 2), (8, 4), (19, 4), (9, 3), (0, 0), (11, 0), (13, 3), (15, 0), (6, 6), (7, 5), (18, 5), (21, 4), (3, 1), (14, 1), (17, 0), (19, 6), (9, 5), (0, 2), (11, 2), (1, 3), (13, 5), (16, 1), (20, 1), (12, 6), (14, 3), (17, 2), (11, 4), (6, 1), (7, 0), (18, 0), (20, 3), (3, 5), (14, 5), (9, 0), (10, 1), (13, 0), (15, 6), (16, 5), (7, 2), (18, 2), (20, 5), (12, 1), (4, 6), (9, 2), (8, 6), (10, 3), (1, 0), (13, 2), (7, 4), (18, 4), (21, 6), (12, 3), (3, 0), (14, 0), (5, 6), (10, 5), (1, 2), (0, 4), (2, 1), (13, 4), (16, 0), (20, 0), (12, 5), (14, 2), (8, 1), (19, 1), (11, 6), (16, 2), (6, 3), (20, 2), (21, 1), (3, 4), (14, 4), (17, 6), (8, 3), (10, 0), (19, 3), (6, 5), (20, 4), (21, 3), (12, 0), (14, 6), (4, 5), (8, 5), (10, 2), (9, 4), (0, 1), (11, 1), (19, 5), (15, 1), (20, 6), (7, 6), (18, 6), (12, 2), (21, 5), (17, 1), (10, 4), (1, 1), (0, 3), (2, 0), (9, 6), (11, 3), (13, 6), (6, 0)})
updated remcols: (0, 1, 2, 3, 7, 9)
d: 5
oh: 6
ow: 10
loc: (14, 6)
io1: frozenset({(18, 10), (15, 7), (17, 9), (14, 6), (16, 8)})
io2: frozenset({(15, 14), (16, 13), (17, 12), (18, 11), (14, 15)})
io: frozenset({(15, 14), (16, 13), (18, 10), (15, 7), (19, 10), (17, 9), (14, 6), (17, 12), (16, 8), (18, 11), (14, 15), (19, 11)})
oo: frozenset({(14, 7), (14, 10), (17, 9), (14, 13), (17, 12), (15, 11), (16, 10), (15, 8), (15, 14), (16, 13), (18, 10), (14, 6), (14, 9), (14, 12), (17, 11), (14, 15), (19, 11), (16, 9), (15, 7), (15, 13), (16, 12), (15, 10), (14, 11), (14, 8), (14, 14), (17, 10), (15, 12), (19, 10), (15, 9), (16, 8), (18, 11), (16, 11)})
mf: <function vmirror at 0x785a7a649300>
transformed io: frozenset({(15, 14), (16, 13), (18, 10), (15, 7), (19, 10), (17, 9), (14, 6), (17, 12), (16, 8), (18, 11), (14, 15), (19, 11)})
transformed oo: frozenset({(14, 7), (14, 10), (17, 9), (14, 13), (17, 12), (15, 11), (16, 10), (15, 8), (15, 14), (16, 13), (18, 10), (14, 6), (14, 9), (14, 12), (17, 11), (14, 15), (19, 11), (16, 9), (15, 7), (15, 13), (16, 12), (15, 10), (14, 11), (14, 8), (14, 14), (17, 10), (15, 12), (19, 10), (15, 9), (16, 8), (18, 11), (16, 11)})
col: 1
d: 4
oh: 5
ow: 8
loc: (18, 0)
io1: frozenset({(21, 3), (18, 0), (20, 2), (19, 1)})
io2: frozenset({(20, 5), (21, 4), (18, 7), (19, 6)})
io: frozenset({(20, 5), (18, 7), (19, 1), (21, 3), (18, 0), (22, 4), (19, 6), (22, 3), (21, 4), (20, 2)})
oo: frozenset({(20, 5), (19, 6), (19, 3), (18, 4), (18, 1), (18, 7), (20, 4), (21, 3), (22, 4), (19, 2), (19, 5), (18, 0), (18, 3), (18, 6), (20, 3), (22, 3), (19, 4), (19, 1), (18, 2), (18, 5), (21, 4), (20, 2)})
mf: <function vmirror at 0x785a7a649300>
transformed io: frozenset({(20, 5), (18, 7), (19, 1), (21, 3), (18, 0), (22, 4), (19, 6), (22, 3), (21, 4), (20, 2)})
transformed oo: frozenset({(20, 5), (19, 6), (19, 3), (18, 4), (18, 1), (18, 7), (20, 4), (21, 3), (22, 4), (19, 2), (19, 5), (18, 0), (18, 3), (18, 6), (20, 3), (22, 3), (19, 4), (19, 1), (18, 2), (18, 5), (21, 4), (20, 2)})
col: 1
d: 4
oh: 5
ow: 8
loc: (9, 2)
io1: frozenset({(12, 5), (11, 4), (9, 2), (10, 3)})
io2: frozenset({(11, 7), (12, 6), (10, 8), (9, 9)})
io: frozenset({(11, 7), (10, 8), (9, 9), (9, 2), (12, 6), (13, 6), (10, 3), (12, 5), (13, 5), (11, 4)})
oo: frozenset({(9, 2), (9, 5), (10, 6), (9, 8), (11, 5), (10, 3), (13, 5), (12, 6), (9, 7), (11, 4), (9, 4), (11, 7), (10, 5), (10, 8), (12, 5), (9, 3), (9, 9), (10, 4), (9, 6), (10, 7), (11, 6), (13, 6)})
mf: <function vmirror at 0x785a7a649300>
transformed io: frozenset({(11, 7), (10, 8), (9, 9), (9, 2), (12, 6), (13, 6), (10, 3), (12, 5), (13, 5), (11, 4)})
transformed oo: frozenset({(9, 2), (9, 5), (10, 6), (9, 8), (11, 5), (10, 3), (13, 5), (12, 6), (9, 7), (11, 4), (9, 4), (11, 7), (10, 5), (10, 8), (12, 5), (9, 3), (9, 9), (10, 4), (9, 6), (10, 7), (11, 6), (13, 6)})
col: 9
d: 3
oh: 4
ow: 6
loc: (6, 1)
io1: frozenset({(6, 1), (8, 3), (7, 2)})
io2: frozenset({(6, 6), (7, 5), (8, 4)})
io: frozenset({(8, 3), (8, 4), (7, 2), (9, 3), (6, 6), (6, 1), (7, 5), (9, 4)})
oo: frozenset({(7, 4), (6, 2), (8, 4), (9, 3), (6, 5), (6, 1), (6, 4), (7, 3), (8, 3), (7, 2), (6, 6), (7, 5), (6, 3), (9, 4)})
mf: <function identity at 0x785a7a614900>
transformed io: frozenset({(8, 3), (8, 4), (7, 2), (9, 3), (6, 6), (6, 1), (7, 5), (9, 4)})
transformed oo: frozenset({(7, 4), (6, 2), (8, 4), (9, 3), (6, 5), (6, 1), (6, 4), (7, 3), (8, 3), (7, 2), (6, 6), (7, 5), (6, 3), (9, 4)})
col: 2
updated gi: ((6, 6, 6, 6, 6, 6, 4), (6, 6, 6, 6, 4, 4, 6), (6, 6, 8, 8, 4, 4, 6), (6, 6, 8, 8, 6, 6, 4), (6, 8, 6, 6, 8, 6, 6), (8, 6, 6, 6, 6, 8, 6), (6, 2, 6, 6, 6, 6, 2), (6, 6, 2, 6, 6, 2, 6), (6, 6, 6, 2, 2, 6, 6), (6, 6, 6, 2, 2, 6, 6), (6, 6, 6, 6, 6, 6, 6), (6, 6, 6, 6, 6, 6, 6), (6, 6, 6, 6, 6, 6, 6), (6, 6, 6, 6, 6, 6, 6), (6, 6, 6, 6, 6, 6, 6), (6, 6, 5, 6, 6, 5, 6), (6, 6, 6, 5, 5, 6, 6), (6, 6, 6, 5, 5, 6, 6), (6, 6, 6, 6, 6, 6, 6), (6, 6, 6, 6, 6, 6, 6), (6, 6, 6, 6, 6, 6, 6), (6, 6, 6, 6, 6, 6, 6))
updated inds: frozenset({(12, 4), (20, 5), (4, 0), (12, 1), (4, 6), (9, 2), (8, 0), (19, 0), (10, 6), (0, 5), (11, 5), (8, 6), (10, 3), (1, 0), (13, 2), (18, 4), (7, 1), (18, 1), (21, 0), (21, 6), (12, 3), (3, 0), (14, 0), (5, 6), (17, 5), (8, 2), (19, 2), (9, 1), (10, 5), (1, 2), (0, 4), (2, 1), (13, 1), (13, 4), (16, 0), (16, 6), (18, 3), (21, 2), (20, 0), (12, 5), (14, 2), (6, 0), (19, 4), (0, 0), (11, 0), (8, 1), (19, 1), (11, 6), (13, 3), (15, 0), (16, 2), (18, 5), (21, 4), (20, 2), (21, 1), (3, 4), (14, 4), (3, 1), (14, 1), (17, 0), (19, 6), (9, 5), (0, 2), (11, 2), (17, 6), (10, 0), (19, 3), (1, 3), (13, 5), (16, 1), (20, 4), (21, 3), (20, 1), (12, 0), (14, 6), (12, 6), (14, 3), (17, 2), (4, 5), (11, 4), (8, 5), (10, 2), (0, 1), (11, 1), (19, 5), (7, 0), (18, 0), (15, 1), (20, 6), (7, 6), (18, 6), (20, 3), (12, 2), (21, 5), (3, 5), (14, 5), (9, 0), (17, 1), (10, 4), (1, 1), (0, 3), (10, 1), (13, 0), (2, 0), (9, 6), (11, 3), (15, 6), (16, 5), (18, 2), (13, 6)})
updated remcols: (0, 1, 3, 7, 9)
d: 4
oh: 5
ow: 8
loc: (13, 5)
io1: frozenset({(14, 6), (16, 8), (13, 5), (15, 7)})
io2: frozenset({(15, 10), (16, 9), (13, 12), (14, 11)})
io: frozenset({(16, 9), (15, 7), (17, 9), (14, 6), (15, 10), (13, 12), (16, 8), (17, 8), (13, 5), (14, 11)})
oo: frozenset({(14, 7), (14, 10), (17, 9), (13, 5), (13, 11), (13, 8), (15, 8), (14, 6), (14, 9), (17, 8), (13, 7), (16, 9), (15, 7), (13, 10), (15, 10), (14, 11), (14, 8), (13, 9), (13, 6), (13, 12), (15, 9), (16, 8)})
mf: <function dmirror at 0x785a7a6493a0>
transformed io: frozenset({(20, 5), (13, 5), (18, 7), (16, 9), (15, 7), (17, 9), (19, 6), (14, 6), (16, 8), (17, 8)})
transformed oo: frozenset({(20, 5), (17, 9), (19, 6), (17, 6), (13, 5), (16, 7), (15, 5), (18, 7), (14, 6), (17, 5), (17, 8), (19, 5), (16, 9), (15, 7), (16, 6), (18, 6), (14, 5), (17, 7), (15, 6), (16, 5), (16, 8), (18, 5)})
col: 3
d: 4
oh: 5
ow: 8
loc: (17, 5)
io1: frozenset({(17, 5), (19, 7), (18, 6), (20, 8)})
io2: frozenset({(17, 12), (18, 11), (19, 10), (20, 9)})
io: frozenset({(21, 8), (20, 8), (19, 7), (21, 9), (19, 10), (17, 12), (18, 6), (20, 9), (17, 5), (18, 11)})
oo: frozenset({(20, 8), (17, 9), (17, 6), (17, 12), (19, 9), (18, 7), (18, 10), (21, 9), (17, 5), (17, 11), (17, 8), (19, 8), (18, 9), (18, 6), (20, 9), (21, 8), (17, 7), (17, 10), (19, 7), (19, 10), (18, 11), (18, 8)})
mf: <function cmirror at 0x785a7a649440>
transformed io: frozenset({(20, 5), (19, 7), (21, 6), (17, 9), (22, 7), (20, 6), (24, 9), (21, 5), (23, 8), (18, 8)})
transformed oo: frozenset({(20, 5), (22, 8), (20, 8), (17, 9), (19, 9), (21, 9), (20, 7), (21, 6), (23, 9), (22, 7), (19, 8), (18, 9), (20, 6), (21, 5), (20, 9), (21, 8), (22, 9), (23, 8), (19, 7), (24, 9), (18, 8), (21, 7)})
col: 1
d: 4
oh: 5
ow: 8
loc: (14, 4)
io1: frozenset({(15, 5), (17, 7), (14, 4), (16, 6)})
io2: frozenset({(15, 10), (16, 9), (17, 8), (14, 11)})
io: frozenset({(15, 5), (17, 7), (14, 4), (18, 7), (16, 9), (16, 6), (15, 10), (17, 8), (18, 8), (14, 11)})
oo: frozenset({(14, 4), (14, 7), (14, 10), (16, 7), (15, 5), (18, 7), (15, 8), (14, 6), (14, 9), (17, 8), (16, 9), (15, 7), (16, 6), (15, 10), (14, 5), (14, 11), (14, 8), (17, 7), (15, 6), (15, 9), (16, 8), (18, 8)})
mf: <function vmirror at 0x785a7a649300>
transformed io: frozenset({(15, 5), (17, 7), (18, 7), (14, 4), (16, 9), (16, 6), (15, 10), (17, 8), (18, 8), (14, 11)})
transformed oo: frozenset({(14, 4), (14, 7), (14, 10), (16, 7), (15, 5), (15, 8), (18, 7), (14, 6), (14, 9), (17, 8), (16, 9), (15, 7), (16, 6), (15, 10), (14, 5), (14, 11), (14, 8), (17, 7), (15, 6), (15, 9), (16, 8), (18, 8)})
col: 1
d: 3
oh: 4
ow: 6
loc: (0, 0)
io1: frozenset({(1, 1), (2, 2), (0, 0)})
io2: frozenset({(2, 3), (1, 4), (0, 5)})
io: frozenset({(0, 0), (2, 3), (3, 3), (0, 5), (2, 2), (1, 1), (3, 2), (1, 4)})
oo: frozenset({(0, 1), (1, 2), (0, 4), (0, 0), (1, 1), (0, 3), (1, 4), (2, 3), (0, 2), (3, 3), (0, 5), (2, 2), (3, 2), (1, 3)})
mf: <function vmirror at 0x785a7a649300>
transformed io: frozenset({(0, 0), (1, 1), (1, 4), (2, 3), (3, 3), (0, 5), (2, 2), (3, 2)})
transformed oo: frozenset({(0, 1), (1, 2), (0, 4), (0, 0), (1, 1), (0, 3), (1, 4), (2, 3), (0, 2), (3, 3), (0, 5), (2, 2), (3, 2), (1, 3)})
col: 7
d: 4
oh: 5
ow: 8
loc: (15, 0)
io1: frozenset({(15, 0), (17, 2), (18, 3), (16, 1)})
io2: frozenset({(17, 5), (18, 4), (15, 7), (16, 6)})
io: frozenset({(18, 4), (19, 4), (15, 7), (16, 6), (18, 3), (15, 0), (19, 3), (17, 2), (17, 5), (16, 1)})
oo: frozenset({(17, 3), (19, 3), (16, 4), (15, 2), (16, 1), (15, 5), (18, 4), (17, 2), (17, 5), (15, 4), (16, 3), (15, 1), (15, 7), (16, 6), (18, 3), (17, 4), (19, 4), (16, 2), (15, 0), (15, 6), (16, 5), (15, 3)})
mf: <function hmirror at 0x785a7a649260>
transformed io: frozenset({(18, 1), (15, 4), (19, 7), (16, 3), (19, 0), (18, 6), (17, 2), (15, 3), (17, 5), (16, 4)})
transformed oo: frozenset({(17, 3), (19, 0), (19, 6), (19, 3), (16, 4), (18, 4), (18, 1), (17, 2), (17, 5), (19, 2), (19, 5), (15, 4), (16, 3), (18, 3), (18, 6), (17, 4), (19, 4), (19, 1), (19, 7), (15, 3), (18, 2), (18, 5)})
col: 7
d: 3
oh: 4
ow: 6
loc: (4, 0)
io1: frozenset({(6, 2), (4, 0), (5, 1)})
io2: frozenset({(4, 5), (5, 4), (6, 3)})
io: frozenset({(6, 2), (4, 0), (4, 5), (7, 2), (5, 4), (6, 3), (5, 1), (7, 3)})
oo: frozenset({(4, 4), (6, 2), (4, 0), (4, 3), (5, 4), (5, 1), (4, 2), (7, 3), (4, 5), (7, 2), (5, 3), (6, 3), (4, 1), (5, 2)})
mf: <function identity at 0x785a7a614900>
transformed io: frozenset({(6, 2), (4, 0), (4, 5), (7, 2), (5, 4), (6, 3), (5, 1), (7, 3)})
transformed oo: frozenset({(4, 4), (6, 2), (4, 0), (4, 3), (5, 4), (5, 1), (4, 2), (7, 3), (4, 5), (7, 2), (5, 3), (6, 3), (4, 1), (5, 2)})
col: 3
d: 5
oh: 6
ow: 10
loc: (21, 5)
io1: frozenset({(24, 8), (23, 7), (25, 9), (21, 5), (22, 6)})
io2: frozenset({(22, 13), (23, 12), (21, 14), (24, 11), (25, 10)})
io: frozenset({(24, 8), (26, 9), (23, 7), (25, 9), (26, 10), (22, 13), (23, 12), (21, 5), (22, 6), (21, 14), (24, 11), (25, 10)})
oo: frozenset({(22, 8), (21, 10), (23, 7), (22, 11), (21, 13), (23, 10), (24, 11), (25, 10), (24, 8), (21, 9), (21, 6), (21, 12), (23, 9), (22, 7), (22, 13), (23, 12), (22, 10), (25, 9), (24, 10), (26, 10), (21, 5), (22, 6), (21, 8), (21, 14), (23, 11), (22, 9), (21, 11), (23, 8), (22, 12), (24, 9), (26, 9), (21, 7)})
mf: <function hmirror at 0x785a7a649260>
transformed io: frozenset({(26, 5), (21, 10), (25, 13), (26, 14), (24, 7), (25, 6), (21, 9), (22, 10), (24, 12), (23, 11), (22, 9), (23, 8)})
transformed oo: frozenset({(21, 10), (23, 10), (25, 7), (24, 11), (25, 10), (24, 8), (26, 5), (26, 11), (25, 13), (26, 8), (26, 14), (21, 9), (23, 9), (22, 10), (25, 9), (24, 7), (25, 6), (25, 12), (24, 10), (26, 7), (26, 13), (26, 10), (23, 11), (22, 9), (23, 8), (24, 9), (26, 6), (25, 8), (24, 12), (26, 9), (25, 11), (26, 12)})
col: 3
d: 4
oh: 5
ow: 8
loc: (20, 1)
io1: frozenset({(21, 2), (23, 4), (20, 1), (22, 3)})
io2: frozenset({(23, 5), (20, 8), (22, 6), (21, 7)})
io: frozenset({(23, 4), (24, 4), (20, 8), (20, 1), (21, 2), (22, 6), (23, 5), (22, 3), (24, 5), (21, 7)})
oo: frozenset({(20, 5), (23, 4), (20, 8), (22, 5), (24, 5), (20, 4), (21, 3), (20, 1), (20, 7), (22, 4), (21, 6), (24, 4), (21, 2), (20, 6), (21, 5), (20, 3), (22, 6), (23, 5), (22, 3), (21, 4), (20, 2), (21, 7)})
mf: <function cmirror at 0x785a7a649440>
transformed io: frozenset({(20, 5), (23, 1), (27, 5), (25, 3), (24, 1), (26, 4), (23, 2), (24, 2), (22, 3), (21, 4)})
transformed oo: frozenset({(20, 5), (23, 4), (23, 1), (22, 5), (24, 2), (24, 5), (25, 4), (26, 5), (22, 4), (23, 3), (24, 4), (25, 3), (24, 1), (26, 4), (21, 5), (23, 2), (23, 5), (22, 3), (27, 5), (25, 5), (24, 3), (21, 4)})
col: 7
d: 3
oh: 4
ow: 6
loc: (4, 0)
io1: frozenset({(6, 2), (4, 0), (5, 1)})
io2: frozenset({(4, 5), (5, 4), (6, 3)})
io: frozenset({(6, 2), (4, 0), (4, 5), (7, 2), (5, 4), (6, 3), (5, 1), (7, 3)})
oo: frozenset({(4, 4), (6, 2), (4, 0), (4, 3), (5, 4), (5, 1), (4, 2), (7, 3), (4, 5), (7, 2), (5, 3), (6, 3), (4, 1), (5, 2)})
mf: <function vmirror at 0x785a7a649300>
transformed io: frozenset({(6, 2), (4, 0), (5, 4), (5, 1), (7, 3), (4, 5), (7, 2), (6, 3)})
transformed oo: frozenset({(4, 4), (6, 2), (4, 0), (4, 3), (5, 4), (5, 1), (4, 2), (7, 3), (4, 5), (7, 2), (5, 3), (6, 3), (4, 1), (5, 2)})
col: 0
d: 3
oh: 4
ow: 6
loc: (9, 6)
io1: frozenset({(9, 6), (10, 7), (11, 8)})
io2: frozenset({(9, 11), (11, 9), (10, 10)})
io: frozenset({(10, 10), (12, 9), (12, 8), (9, 11), (9, 6), (11, 9), (10, 7), (11, 8)})
oo: frozenset({(9, 10), (10, 8), (9, 9), (9, 6), (11, 9), (10, 7), (12, 9), (10, 10), (9, 8), (10, 9), (9, 11), (11, 8), (9, 7), (12, 8)})
mf: <function vmirror at 0x785a7a649300>
transformed io: frozenset({(9, 6), (11, 9), (10, 7), (12, 9), (10, 10), (9, 11), (11, 8), (12, 8)})
transformed oo: frozenset({(9, 10), (10, 8), (9, 9), (9, 6), (11, 9), (10, 7), (12, 9), (10, 10), (9, 8), (10, 9), (9, 11), (11, 8), (9, 7), (12, 8)})
col: 1
d: 3
oh: 4
ow: 6
loc: (19, 4)
io1: frozenset({(20, 5), (19, 4), (21, 6)})
io2: frozenset({(19, 9), (20, 8), (21, 7)})
io: frozenset({(20, 5), (22, 7), (19, 9), (19, 4), (20, 8), (22, 6), (21, 6), (21, 7)})
oo: frozenset({(20, 5), (19, 8), (20, 8), (19, 4), (19, 7), (20, 7), (21, 6), (19, 6), (22, 7), (20, 6), (19, 9), (22, 6), (19, 5), (21, 7)})
mf: <function identity at 0x785a7a614900>
transformed io: frozenset({(20, 5), (22, 7), (19, 9), (19, 4), (20, 8), (22, 6), (21, 6), (21, 7)})
transformed oo: frozenset({(20, 5), (19, 8), (20, 8), (19, 4), (19, 7), (20, 7), (21, 6), (19, 6), (22, 7), (20, 6), (19, 9), (22, 6), (19, 5), (21, 7)})
col: 1
d: 5
oh: 6
ow: 10
loc: (7, 0)
io1: frozenset({(8, 1), (7, 0), (9, 2), (10, 3), (11, 4)})
io2: frozenset({(8, 8), (7, 9), (10, 6), (11, 5), (9, 7)})
io: frozenset({(12, 4), (8, 8), (8, 1), (7, 0), (9, 2), (7, 9), (10, 6), (11, 5), (10, 3), (12, 5), (9, 7), (11, 4)})
oo: frozenset({(12, 4), (9, 2), (9, 5), (8, 3), (10, 6), (11, 5), (8, 6), (10, 3), (7, 4), (7, 1), (7, 7), (8, 2), (9, 7), (8, 5), (11, 4), (9, 4), (8, 8), (10, 5), (7, 0), (7, 3), (7, 9), (7, 6), (12, 5), (8, 4), (9, 3), (8, 1), (8, 7), (10, 4), (9, 6), (7, 2), (7, 5), (7, 8)})
mf: <function cmirror at 0x785a7a649440>
transformed io: frozenset({(11, 1), (12, 1), (8, 4), (9, 3), (11, 0), (15, 4), (12, 0), (14, 3), (16, 5), (13, 2), (7, 5), (10, 2)})
transformed oo: frozenset({(12, 4), (12, 1), (14, 4), (9, 5), (11, 2), (11, 5), (10, 3), (13, 2), (13, 5), (15, 5), (12, 0), (12, 3), (14, 3), (11, 4), (8, 5), (10, 2), (11, 1), (9, 4), (10, 5), (13, 4), (15, 4), (12, 2), (12, 5), (14, 5), (8, 4), (9, 3), (11, 0), (10, 4), (11, 3), (13, 3), (16, 5), (7, 5)})
col: 0
d: 5
oh: 6
ow: 10
loc: (11, 4)
io1: frozenset({(15, 8), (14, 7), (13, 6), (12, 5), (11, 4)})
io2: frozenset({(11, 13), (14, 10), (12, 12), (15, 9), (13, 11)})
io: frozenset({(15, 8), (14, 7), (11, 13), (13, 11), (16, 9), (14, 10), (16, 8), (12, 12), (13, 6), (15, 9), (12, 5), (11, 4)})
oo: frozenset({(12, 7), (12, 10), (14, 7), (14, 10), (11, 5), (11, 8), (13, 11), (11, 11), (13, 8), (15, 8), (12, 9), (12, 6), (12, 12), (14, 9), (11, 4), (11, 7), (11, 10), (13, 7), (11, 13), (16, 9), (13, 10), (12, 5), (12, 11), (12, 8), (14, 8), (11, 9), (11, 6), (11, 12), (13, 9), (13, 6), (15, 9), (16, 8)})
mf: <function dmirror at 0x785a7a6493a0>
transformed io: frozenset({(17, 7), (15, 8), (20, 4), (14, 7), (16, 9), (18, 6), (11, 4), (13, 6), (15, 9), (12, 5), (16, 8), (19, 5)})
transformed oo: frozenset({(12, 4), (14, 4), (14, 7), (17, 6), (13, 5), (16, 4), (16, 7), (18, 4), (15, 5), (15, 8), (20, 4), (14, 6), (17, 5), (11, 4), (19, 5), (13, 4), (15, 4), (16, 9), (15, 7), (16, 6), (18, 6), (12, 5), (14, 5), (17, 4), (17, 7), (19, 4), (15, 6), (16, 5), (13, 6), (15, 9), (16, 8), (18, 5)})
col: 9
d: 3
oh: 4
ow: 6
loc: (8, 1)
io1: frozenset({(10, 3), (9, 2), (8, 1)})
io2: frozenset({(9, 5), (10, 4), (8, 6)})
io: frozenset({(9, 5), (11, 4), (8, 6), (10, 3), (10, 4), (11, 3), (9, 2), (8, 1)})
oo: frozenset({(8, 4), (9, 3), (8, 1), (10, 4), (11, 3), (9, 2), (8, 5), (9, 5), (8, 3), (8, 6), (10, 3), (8, 2), (11, 4), (9, 4)})
mf: <function hmirror at 0x785a7a649260>
transformed io: frozenset({(11, 1), (10, 5), (8, 4), (9, 3), (11, 6), (8, 3), (10, 2), (9, 4)})
transformed oo: frozenset({(11, 1), (10, 5), (8, 4), (9, 3), (10, 4), (11, 3), (11, 6), (8, 3), (11, 2), (11, 5), (10, 3), (11, 4), (10, 2), (9, 4)})
col: 3
d: 3
oh: 4
ow: 6
loc: (6, 0)
io1: frozenset({(8, 2), (7, 1), (6, 0)})
io2: frozenset({(7, 4), (8, 3), (6, 5)})
io: frozenset({(7, 4), (8, 3), (7, 1), (6, 5), (6, 0), (9, 3), (8, 2), (9, 2)})
oo: frozenset({(7, 4), (6, 2), (7, 1), (9, 3), (6, 5), (6, 1), (6, 4), (9, 2), (7, 3), (8, 3), (7, 2), (6, 0), (8, 2), (6, 3)})
mf: <function dmirror at 0x785a7a6493a0>
transformed io: frozenset({(7, 1), (9, 3), (11, 0), (10, 1), (9, 2), (8, 3), (6, 0), (8, 2)})
transformed oo: frozenset({(9, 0), (7, 1), (9, 3), (11, 0), (8, 1), (7, 0), (10, 1), (9, 2), (8, 0), (8, 3), (10, 0), (6, 0), (8, 2), (9, 1)})
col: 1
