Modified Function Code:
from re_arc.dsl import *
def generate_22eb0ac0() -> dict:
    diff_lb = 0
    print(f"diff_lb: {diff_lb}")
    diff_ub = 1
    print(f"diff_ub: {diff_ub}")
    
    colopts = interval(0, 10, 1)
    print(f"colopts: {colopts}")
    
    gi = canvas(0, (1, 1))
    print(f"gi: {gi}")
    
    h = unifint(diff_lb, diff_ub, (4, 30))
    print(f"h: {h}")
    
    w = unifint(diff_lb, diff_ub, (4, 30))
    print(f"w: {w}")
    
    bgc = choice(colopts)
    print(f"bgc: {bgc}")
    
    remcols = remove(bgc, colopts)
    print(f"remcols: {remcols}")
    
    gi = canvas(bgc, (h, w))
    print(f"gi after canvas: {gi}")
    
    nlocs = unifint(diff_lb, diff_ub, (1, h))
    print(f"nlocs: {nlocs}")
    
    locs = sample(interval(0, h, 1), nlocs)
    print(f"locs: {locs}")
    
    while set(locs).issubset({0, h - 1}):
        locs = sample(interval(0, h, 1), nlocs)
        print(f"locs after while check: {locs}")
    
    mp = nlocs // 2
    print(f"mp: {mp}")
    
    nbarsdev = unifint(diff_lb, diff_ub, (0, mp))
    print(f"nbarsdev: {nbarsdev}")
    
    nbars = choice((nbarsdev, h - nbarsdev))
    print(f"nbars: {nbars}")
    
    nbars = max(0, min(nbars, nlocs))
    print(f"nbars after clamping: {nbars}")
    
    barlocs = sample(locs, nbars)
    print(f"barlocs: {barlocs}")
    
    nonbarlocs = difference(locs, barlocs)
    print(f"nonbarlocs: {nonbarlocs}")
    
    barcols = [choice(remcols) for j in range(nbars)]
    print(f"barcols: {barcols}")
    
    acols = [choice(remcols) for j in range(len(nonbarlocs))]
    print(f"acols: {acols}")
    
    bcols = [choice(remove(acols[j], remcols)) for j in range(len(nonbarlocs))]
    print(f"bcols: {bcols}")
    
    for bc, bl in zip(barcols, barlocs):
        gi = fill(gi, bc, ((bl, 0), (bl, w - 1)))
        print(f"gi after filling barcols: {gi}")
    
    for (a, b), loc in zip(zip(acols, bcols), nonbarlocs):
        gi = fill(gi, a, {(loc, 0)})
        print(f"gi after filling acols at loc 0: {gi}")
        gi = fill(gi, b, {(loc, w - 1)})
        print(f"gi after filling bcols at loc w-1: {gi}")
    
    if choice((True, False)):
        gi = dmirror(gi)
        print(f"gi after dmirror: {gi}")
    
    return {'input': gi}

Printed Outputs:
diff_lb: 0
diff_ub: 1
colopts: (0, 1, 2, 3, 4, 5, 6, 7, 8, 9)
gi: ((0,),)
h: 16
w: 13
bgc: 9
remcols: (0, 1, 2, 3, 4, 5, 6, 7, 8)
gi after canvas: ((9, 9, 9, 9, 9, 9, 9, 9, 9, 9, 9, 9, 9), (9, 9, 9, 9, 9, 9, 9, 9, 9, 9, 9, 9, 9), (9, 9, 9, 9, 9, 9, 9, 9, 9, 9, 9, 9, 9), (9, 9, 9, 9, 9, 9, 9, 9, 9, 9, 9, 9, 9), (9, 9, 9, 9, 9, 9, 9, 9, 9, 9, 9, 9, 9), (9, 9, 9, 9, 9, 9, 9, 9, 9, 9, 9, 9, 9), (9, 9, 9, 9, 9, 9, 9, 9, 9, 9, 9, 9, 9), (9, 9, 9, 9, 9, 9, 9, 9, 9, 9, 9, 9, 9), (9, 9, 9, 9, 9, 9, 9, 9, 9, 9, 9, 9, 9), (9, 9, 9, 9, 9, 9, 9, 9, 9, 9, 9, 9, 9), (9, 9, 9, 9, 9, 9, 9, 9, 9, 9, 9, 9, 9), (9, 9, 9, 9, 9, 9, 9, 9, 9, 9, 9, 9, 9), (9, 9, 9, 9, 9, 9, 9, 9, 9, 9, 9, 9, 9), (9, 9, 9, 9, 9, 9, 9, 9, 9, 9, 9, 9, 9), (9, 9, 9, 9, 9, 9, 9, 9, 9, 9, 9, 9, 9), (9, 9, 9, 9, 9, 9, 9, 9, 9, 9, 9, 9, 9))
nlocs: 12
locs: [8, 9, 7, 5, 13, 11, 6, 15, 14, 1, 0, 2]
mp: 6
nbarsdev: 3
nbars: 3
nbars after clamping: 3
barlocs: [1, 14, 5]
nonbarlocs: [8, 9, 7, 13, 11, 6, 15, 0, 2]
barcols: [2, 2, 1]
acols: [6, 7, 1, 3, 7, 3, 7, 1, 6]
bcols: [3, 8, 7, 8, 2, 1, 2, 2, 4]
gi after filling barcols: ((9, 9, 9, 9, 9, 9, 9, 9, 9, 9, 9, 9, 9), (2, 9, 9, 9, 9, 9, 9, 9, 9, 9, 9, 9, 2), (9, 9, 9, 9, 9, 9, 9, 9, 9, 9, 9, 9, 9), (9, 9, 9, 9, 9, 9, 9, 9, 9, 9, 9, 9, 9), (9, 9, 9, 9, 9, 9, 9, 9, 9, 9, 9, 9, 9), (9, 9, 9, 9, 9, 9, 9, 9, 9, 9, 9, 9, 9), (9, 9, 9, 9, 9, 9, 9, 9, 9, 9, 9, 9, 9), (9, 9, 9, 9, 9, 9, 9, 9, 9, 9, 9, 9, 9), (9, 9, 9, 9, 9, 9, 9, 9, 9, 9, 9, 9, 9), (9, 9, 9, 9, 9, 9, 9, 9, 9, 9, 9, 9, 9), (9, 9, 9, 9, 9, 9, 9, 9, 9, 9, 9, 9, 9), (9, 9, 9, 9, 9, 9, 9, 9, 9, 9, 9, 9, 9), (9, 9, 9, 9, 9, 9, 9, 9, 9, 9, 9, 9, 9), (9, 9, 9, 9, 9, 9, 9, 9, 9, 9, 9, 9, 9), (9, 9, 9, 9, 9, 9, 9, 9, 9, 9, 9, 9, 9), (9, 9, 9, 9, 9, 9, 9, 9, 9, 9, 9, 9, 9))
gi after filling barcols: ((9, 9, 9, 9, 9, 9, 9, 9, 9, 9, 9, 9, 9), (2, 9, 9, 9, 9, 9, 9, 9, 9, 9, 9, 9, 2), (9, 9, 9, 9, 9, 9, 9, 9, 9, 9, 9, 9, 9), (9, 9, 9, 9, 9, 9, 9, 9, 9, 9, 9, 9, 9), (9, 9, 9, 9, 9, 9, 9, 9, 9, 9, 9, 9, 9), (9, 9, 9, 9, 9, 9, 9, 9, 9, 9, 9, 9, 9), (9, 9, 9, 9, 9, 9, 9, 9, 9, 9, 9, 9, 9), (9, 9, 9, 9, 9, 9, 9, 9, 9, 9, 9, 9, 9), (9, 9, 9, 9, 9, 9, 9, 9, 9, 9, 9, 9, 9), (9, 9, 9, 9, 9, 9, 9, 9, 9, 9, 9, 9, 9), (9, 9, 9, 9, 9, 9, 9, 9, 9, 9, 9, 9, 9), (9, 9, 9, 9, 9, 9, 9, 9, 9, 9, 9, 9, 9), (9, 9, 9, 9, 9, 9, 9, 9, 9, 9, 9, 9, 9), (9, 9, 9, 9, 9, 9, 9, 9, 9, 9, 9, 9, 9), (2, 9, 9, 9, 9, 9, 9, 9, 9, 9, 9, 9, 2), (9, 9, 9, 9, 9, 9, 9, 9, 9, 9, 9, 9, 9))
gi after filling barcols: ((9, 9, 9, 9, 9, 9, 9, 9, 9, 9, 9, 9, 9), (2, 9, 9, 9, 9, 9, 9, 9, 9, 9, 9, 9, 2), (9, 9, 9, 9, 9, 9, 9, 9, 9, 9, 9, 9, 9), (9, 9, 9, 9, 9, 9, 9, 9, 9, 9, 9, 9, 9), (9, 9, 9, 9, 9, 9, 9, 9, 9, 9, 9, 9, 9), (1, 9, 9, 9, 9, 9, 9, 9, 9, 9, 9, 9, 1), (9, 9, 9, 9, 9, 9, 9, 9, 9, 9, 9, 9, 9), (9, 9, 9, 9, 9, 9, 9, 9, 9, 9, 9, 9, 9), (9, 9, 9, 9, 9, 9, 9, 9, 9, 9, 9, 9, 9), (9, 9, 9, 9, 9, 9, 9, 9, 9, 9, 9, 9, 9), (9, 9, 9, 9, 9, 9, 9, 9, 9, 9, 9, 9, 9), (9, 9, 9, 9, 9, 9, 9, 9, 9, 9, 9, 9, 9), (9, 9, 9, 9, 9, 9, 9, 9, 9, 9, 9, 9, 9), (9, 9, 9, 9, 9, 9, 9, 9, 9, 9, 9, 9, 9), (2, 9, 9, 9, 9, 9, 9, 9, 9, 9, 9, 9, 2), (9, 9, 9, 9, 9, 9, 9, 9, 9, 9, 9, 9, 9))
gi after filling acols at loc 0: ((9, 9, 9, 9, 9, 9, 9, 9, 9, 9, 9, 9, 9), (2, 9, 9, 9, 9, 9, 9, 9, 9, 9, 9, 9, 2), (9, 9, 9, 9, 9, 9, 9, 9, 9, 9, 9, 9, 9), (9, 9, 9, 9, 9, 9, 9, 9, 9, 9, 9, 9, 9), (9, 9, 9, 9, 9, 9, 9, 9, 9, 9, 9, 9, 9), (1, 9, 9, 9, 9, 9, 9, 9, 9, 9, 9, 9, 1), (9, 9, 9, 9, 9, 9, 9, 9, 9, 9, 9, 9, 9), (9, 9, 9, 9, 9, 9, 9, 9, 9, 9, 9, 9, 9), (6, 9, 9, 9, 9, 9, 9, 9, 9, 9, 9, 9, 9), (9, 9, 9, 9, 9, 9, 9, 9, 9, 9, 9, 9, 9), (9, 9, 9, 9, 9, 9, 9, 9, 9, 9, 9, 9, 9), (9, 9, 9, 9, 9, 9, 9, 9, 9, 9, 9, 9, 9), (9, 9, 9, 9, 9, 9, 9, 9, 9, 9, 9, 9, 9), (9, 9, 9, 9, 9, 9, 9, 9, 9, 9, 9, 9, 9), (2, 9, 9, 9, 9, 9, 9, 9, 9, 9, 9, 9, 2), (9, 9, 9, 9, 9, 9, 9, 9, 9, 9, 9, 9, 9))
gi after filling bcols at loc w-1: ((9, 9, 9, 9, 9, 9, 9, 9, 9, 9, 9, 9, 9), (2, 9, 9, 9, 9, 9, 9, 9, 9, 9, 9, 9, 2), (9, 9, 9, 9, 9, 9, 9, 9, 9, 9, 9, 9, 9), (9, 9, 9, 9, 9, 9, 9, 9, 9, 9, 9, 9, 9), (9, 9, 9, 9, 9, 9, 9, 9, 9, 9, 9, 9, 9), (1, 9, 9, 9, 9, 9, 9, 9, 9, 9, 9, 9, 1), (9, 9, 9, 9, 9, 9, 9, 9, 9, 9, 9, 9, 9), (9, 9, 9, 9, 9, 9, 9, 9, 9, 9, 9, 9, 9), (6, 9, 9, 9, 9, 9, 9, 9, 9, 9, 9, 9, 3), (9, 9, 9, 9, 9, 9, 9, 9, 9, 9, 9, 9, 9), (9, 9, 9, 9, 9, 9, 9, 9, 9, 9, 9, 9, 9), (9, 9, 9, 9, 9, 9, 9, 9, 9, 9, 9, 9, 9), (9, 9, 9, 9, 9, 9, 9, 9, 9, 9, 9, 9, 9), (9, 9, 9, 9, 9, 9, 9, 9, 9, 9, 9, 9, 9), (2, 9, 9, 9, 9, 9, 9, 9, 9, 9, 9, 9, 2), (9, 9, 9, 9, 9, 9, 9, 9, 9, 9, 9, 9, 9))
gi after filling acols at loc 0: ((9, 9, 9, 9, 9, 9, 9, 9, 9, 9, 9, 9, 9), (2, 9, 9, 9, 9, 9, 9, 9, 9, 9, 9, 9, 2), (9, 9, 9, 9, 9, 9, 9, 9, 9, 9, 9, 9, 9), (9, 9, 9, 9, 9, 9, 9, 9, 9, 9, 9, 9, 9), (9, 9, 9, 9, 9, 9, 9, 9, 9, 9, 9, 9, 9), (1, 9, 9, 9, 9, 9, 9, 9, 9, 9, 9, 9, 1), (9, 9, 9, 9, 9, 9, 9, 9, 9, 9, 9, 9, 9), (9, 9, 9, 9, 9, 9, 9, 9, 9, 9, 9, 9, 9), (6, 9, 9, 9, 9, 9, 9, 9, 9, 9, 9, 9, 3), (7, 9, 9, 9, 9, 9, 9, 9, 9, 9, 9, 9, 9), (9, 9, 9, 9, 9, 9, 9, 9, 9, 9, 9, 9, 9), (9, 9, 9, 9, 9, 9, 9, 9, 9, 9, 9, 9, 9), (9, 9, 9, 9, 9, 9, 9, 9, 9, 9, 9, 9, 9), (9, 9, 9, 9, 9, 9, 9, 9, 9, 9, 9, 9, 9), (2, 9, 9, 9, 9, 9, 9, 9, 9, 9, 9, 9, 2), (9, 9, 9, 9, 9, 9, 9, 9, 9, 9, 9, 9, 9))
gi after filling bcols at loc w-1: ((9, 9, 9, 9, 9, 9, 9, 9, 9, 9, 9, 9, 9), (2, 9, 9, 9, 9, 9, 9, 9, 9, 9, 9, 9, 2), (9, 9, 9, 9, 9, 9, 9, 9, 9, 9, 9, 9, 9), (9, 9, 9, 9, 9, 9, 9, 9, 9, 9, 9, 9, 9), (9, 9, 9, 9, 9, 9, 9, 9, 9, 9, 9, 9, 9), (1, 9, 9, 9, 9, 9, 9, 9, 9, 9, 9, 9, 1), (9, 9, 9, 9, 9, 9, 9, 9, 9, 9, 9, 9, 9), (9, 9, 9, 9, 9, 9, 9, 9, 9, 9, 9, 9, 9), (6, 9, 9, 9, 9, 9, 9, 9, 9, 9, 9, 9, 3), (7, 9, 9, 9, 9, 9, 9, 9, 9, 9, 9, 9, 8), (9, 9, 9, 9, 9, 9, 9, 9, 9, 9, 9, 9, 9), (9, 9, 9, 9, 9, 9, 9, 9, 9, 9, 9, 9, 9), (9, 9, 9, 9, 9, 9, 9, 9, 9, 9, 9, 9, 9), (9, 9, 9, 9, 9, 9, 9, 9, 9, 9, 9, 9, 9), (2, 9, 9, 9, 9, 9, 9, 9, 9, 9, 9, 9, 2), (9, 9, 9, 9, 9, 9, 9, 9, 9, 9, 9, 9, 9))
gi after filling acols at loc 0: ((9, 9, 9, 9, 9, 9, 9, 9, 9, 9, 9, 9, 9), (2, 9, 9, 9, 9, 9, 9, 9, 9, 9, 9, 9, 2), (9, 9, 9, 9, 9, 9, 9, 9, 9, 9, 9, 9, 9), (9, 9, 9, 9, 9, 9, 9, 9, 9, 9, 9, 9, 9), (9, 9, 9, 9, 9, 9, 9, 9, 9, 9, 9, 9, 9), (1, 9, 9, 9, 9, 9, 9, 9, 9, 9, 9, 9, 1), (9, 9, 9, 9, 9, 9, 9, 9, 9, 9, 9, 9, 9), (1, 9, 9, 9, 9, 9, 9, 9, 9, 9, 9, 9, 9), (6, 9, 9, 9, 9, 9, 9, 9, 9, 9, 9, 9, 3), (7, 9, 9, 9, 9, 9, 9, 9, 9, 9, 9, 9, 8), (9, 9, 9, 9, 9, 9, 9, 9, 9, 9, 9, 9, 9), (9, 9, 9, 9, 9, 9, 9, 9, 9, 9, 9, 9, 9), (9, 9, 9, 9, 9, 9, 9, 9, 9, 9, 9, 9, 9), (9, 9, 9, 9, 9, 9, 9, 9, 9, 9, 9, 9, 9), (2, 9, 9, 9, 9, 9, 9, 9, 9, 9, 9, 9, 2), (9, 9, 9, 9, 9, 9, 9, 9, 9, 9, 9, 9, 9))
gi after filling bcols at loc w-1: ((9, 9, 9, 9, 9, 9, 9, 9, 9, 9, 9, 9, 9), (2, 9, 9, 9, 9, 9, 9, 9, 9, 9, 9, 9, 2), (9, 9, 9, 9, 9, 9, 9, 9, 9, 9, 9, 9, 9), (9, 9, 9, 9, 9, 9, 9, 9, 9, 9, 9, 9, 9), (9, 9, 9, 9, 9, 9, 9, 9, 9, 9, 9, 9, 9), (1, 9, 9, 9, 9, 9, 9, 9, 9, 9, 9, 9, 1), (9, 9, 9, 9, 9, 9, 9, 9, 9, 9, 9, 9, 9), (1, 9, 9, 9, 9, 9, 9, 9, 9, 9, 9, 9, 7), (6, 9, 9, 9, 9, 9, 9, 9, 9, 9, 9, 9, 3), (7, 9, 9, 9, 9, 9, 9, 9, 9, 9, 9, 9, 8), (9, 9, 9, 9, 9, 9, 9, 9, 9, 9, 9, 9, 9), (9, 9, 9, 9, 9, 9, 9, 9, 9, 9, 9, 9, 9), (9, 9, 9, 9, 9, 9, 9, 9, 9, 9, 9, 9, 9), (9, 9, 9, 9, 9, 9, 9, 9, 9, 9, 9, 9, 9), (2, 9, 9, 9, 9, 9, 9, 9, 9, 9, 9, 9, 2), (9, 9, 9, 9, 9, 9, 9, 9, 9, 9, 9, 9, 9))
gi after filling acols at loc 0: ((9, 9, 9, 9, 9, 9, 9, 9, 9, 9, 9, 9, 9), (2, 9, 9, 9, 9, 9, 9, 9, 9, 9, 9, 9, 2), (9, 9, 9, 9, 9, 9, 9, 9, 9, 9, 9, 9, 9), (9, 9, 9, 9, 9, 9, 9, 9, 9, 9, 9, 9, 9), (9, 9, 9, 9, 9, 9, 9, 9, 9, 9, 9, 9, 9), (1, 9, 9, 9, 9, 9, 9, 9, 9, 9, 9, 9, 1), (9, 9, 9, 9, 9, 9, 9, 9, 9, 9, 9, 9, 9), (1, 9, 9, 9, 9, 9, 9, 9, 9, 9, 9, 9, 7), (6, 9, 9, 9, 9, 9, 9, 9, 9, 9, 9, 9, 3), (7, 9, 9, 9, 9, 9, 9, 9, 9, 9, 9, 9, 8), (9, 9, 9, 9, 9, 9, 9, 9, 9, 9, 9, 9, 9), (9, 9, 9, 9, 9, 9, 9, 9, 9, 9, 9, 9, 9), (9, 9, 9, 9, 9, 9, 9, 9, 9, 9, 9, 9, 9), (3, 9, 9, 9, 9, 9, 9, 9, 9, 9, 9, 9, 9), (2, 9, 9, 9, 9, 9, 9, 9, 9, 9, 9, 9, 2), (9, 9, 9, 9, 9, 9, 9, 9, 9, 9, 9, 9, 9))
gi after filling bcols at loc w-1: ((9, 9, 9, 9, 9, 9, 9, 9, 9, 9, 9, 9, 9), (2, 9, 9, 9, 9, 9, 9, 9, 9, 9, 9, 9, 2), (9, 9, 9, 9, 9, 9, 9, 9, 9, 9, 9, 9, 9), (9, 9, 9, 9, 9, 9, 9, 9, 9, 9, 9, 9, 9), (9, 9, 9, 9, 9, 9, 9, 9, 9, 9, 9, 9, 9), (1, 9, 9, 9, 9, 9, 9, 9, 9, 9, 9, 9, 1), (9, 9, 9, 9, 9, 9, 9, 9, 9, 9, 9, 9, 9), (1, 9, 9, 9, 9, 9, 9, 9, 9, 9, 9, 9, 7), (6, 9, 9, 9, 9, 9, 9, 9, 9, 9, 9, 9, 3), (7, 9, 9, 9, 9, 9, 9, 9, 9, 9, 9, 9, 8), (9, 9, 9, 9, 9, 9, 9, 9, 9, 9, 9, 9, 9), (9, 9, 9, 9, 9, 9, 9, 9, 9, 9, 9, 9, 9), (9, 9, 9, 9, 9, 9, 9, 9, 9, 9, 9, 9, 9), (3, 9, 9, 9, 9, 9, 9, 9, 9, 9, 9, 9, 8), (2, 9, 9, 9, 9, 9, 9, 9, 9, 9, 9, 9, 2), (9, 9, 9, 9, 9, 9, 9, 9, 9, 9, 9, 9, 9))
gi after filling acols at loc 0: ((9, 9, 9, 9, 9, 9, 9, 9, 9, 9, 9, 9, 9), (2, 9, 9, 9, 9, 9, 9, 9, 9, 9, 9, 9, 2), (9, 9, 9, 9, 9, 9, 9, 9, 9, 9, 9, 9, 9), (9, 9, 9, 9, 9, 9, 9, 9, 9, 9, 9, 9, 9), (9, 9, 9, 9, 9, 9, 9, 9, 9, 9, 9, 9, 9), (1, 9, 9, 9, 9, 9, 9, 9, 9, 9, 9, 9, 1), (9, 9, 9, 9, 9, 9, 9, 9, 9, 9, 9, 9, 9), (1, 9, 9, 9, 9, 9, 9, 9, 9, 9, 9, 9, 7), (6, 9, 9, 9, 9, 9, 9, 9, 9, 9, 9, 9, 3), (7, 9, 9, 9, 9, 9, 9, 9, 9, 9, 9, 9, 8), (9, 9, 9, 9, 9, 9, 9, 9, 9, 9, 9, 9, 9), (7, 9, 9, 9, 9, 9, 9, 9, 9, 9, 9, 9, 9), (9, 9, 9, 9, 9, 9, 9, 9, 9, 9, 9, 9, 9), (3, 9, 9, 9, 9, 9, 9, 9, 9, 9, 9, 9, 8), (2, 9, 9, 9, 9, 9, 9, 9, 9, 9, 9, 9, 2), (9, 9, 9, 9, 9, 9, 9, 9, 9, 9, 9, 9, 9))
gi after filling bcols at loc w-1: ((9, 9, 9, 9, 9, 9, 9, 9, 9, 9, 9, 9, 9), (2, 9, 9, 9, 9, 9, 9, 9, 9, 9, 9, 9, 2), (9, 9, 9, 9, 9, 9, 9, 9, 9, 9, 9, 9, 9), (9, 9, 9, 9, 9, 9, 9, 9, 9, 9, 9, 9, 9), (9, 9, 9, 9, 9, 9, 9, 9, 9, 9, 9, 9, 9), (1, 9, 9, 9, 9, 9, 9, 9, 9, 9, 9, 9, 1), (9, 9, 9, 9, 9, 9, 9, 9, 9, 9, 9, 9, 9), (1, 9, 9, 9, 9, 9, 9, 9, 9, 9, 9, 9, 7), (6, 9, 9, 9, 9, 9, 9, 9, 9, 9, 9, 9, 3), (7, 9, 9, 9, 9, 9, 9, 9, 9, 9, 9, 9, 8), (9, 9, 9, 9, 9, 9, 9, 9, 9, 9, 9, 9, 9), (7, 9, 9, 9, 9, 9, 9, 9, 9, 9, 9, 9, 2), (9, 9, 9, 9, 9, 9, 9, 9, 9, 9, 9, 9, 9), (3, 9, 9, 9, 9, 9, 9, 9, 9, 9, 9, 9, 8), (2, 9, 9, 9, 9, 9, 9, 9, 9, 9, 9, 9, 2), (9, 9, 9, 9, 9, 9, 9, 9, 9, 9, 9, 9, 9))
gi after filling acols at loc 0: ((9, 9, 9, 9, 9, 9, 9, 9, 9, 9, 9, 9, 9), (2, 9, 9, 9, 9, 9, 9, 9, 9, 9, 9, 9, 2), (9, 9, 9, 9, 9, 9, 9, 9, 9, 9, 9, 9, 9), (9, 9, 9, 9, 9, 9, 9, 9, 9, 9, 9, 9, 9), (9, 9, 9, 9, 9, 9, 9, 9, 9, 9, 9, 9, 9), (1, 9, 9, 9, 9, 9, 9, 9, 9, 9, 9, 9, 1), (3, 9, 9, 9, 9, 9, 9, 9, 9, 9, 9, 9, 9), (1, 9, 9, 9, 9, 9, 9, 9, 9, 9, 9, 9, 7), (6, 9, 9, 9, 9, 9, 9, 9, 9, 9, 9, 9, 3), (7, 9, 9, 9, 9, 9, 9, 9, 9, 9, 9, 9, 8), (9, 9, 9, 9, 9, 9, 9, 9, 9, 9, 9, 9, 9), (7, 9, 9, 9, 9, 9, 9, 9, 9, 9, 9, 9, 2), (9, 9, 9, 9, 9, 9, 9, 9, 9, 9, 9, 9, 9), (3, 9, 9, 9, 9, 9, 9, 9, 9, 9, 9, 9, 8), (2, 9, 9, 9, 9, 9, 9, 9, 9, 9, 9, 9, 2), (9, 9, 9, 9, 9, 9, 9, 9, 9, 9, 9, 9, 9))
gi after filling bcols at loc w-1: ((9, 9, 9, 9, 9, 9, 9, 9, 9, 9, 9, 9, 9), (2, 9, 9, 9, 9, 9, 9, 9, 9, 9, 9, 9, 2), (9, 9, 9, 9, 9, 9, 9, 9, 9, 9, 9, 9, 9), (9, 9, 9, 9, 9, 9, 9, 9, 9, 9, 9, 9, 9), (9, 9, 9, 9, 9, 9, 9, 9, 9, 9, 9, 9, 9), (1, 9, 9, 9, 9, 9, 9, 9, 9, 9, 9, 9, 1), (3, 9, 9, 9, 9, 9, 9, 9, 9, 9, 9, 9, 1), (1, 9, 9, 9, 9, 9, 9, 9, 9, 9, 9, 9, 7), (6, 9, 9, 9, 9, 9, 9, 9, 9, 9, 9, 9, 3), (7, 9, 9, 9, 9, 9, 9, 9, 9, 9, 9, 9, 8), (9, 9, 9, 9, 9, 9, 9, 9, 9, 9, 9, 9, 9), (7, 9, 9, 9, 9, 9, 9, 9, 9, 9, 9, 9, 2), (9, 9, 9, 9, 9, 9, 9, 9, 9, 9, 9, 9, 9), (3, 9, 9, 9, 9, 9, 9, 9, 9, 9, 9, 9, 8), (2, 9, 9, 9, 9, 9, 9, 9, 9, 9, 9, 9, 2), (9, 9, 9, 9, 9, 9, 9, 9, 9, 9, 9, 9, 9))
gi after filling acols at loc 0: ((9, 9, 9, 9, 9, 9, 9, 9, 9, 9, 9, 9, 9), (2, 9, 9, 9, 9, 9, 9, 9, 9, 9, 9, 9, 2), (9, 9, 9, 9, 9, 9, 9, 9, 9, 9, 9, 9, 9), (9, 9, 9, 9, 9, 9, 9, 9, 9, 9, 9, 9, 9), (9, 9, 9, 9, 9, 9, 9, 9, 9, 9, 9, 9, 9), (1, 9, 9, 9, 9, 9, 9, 9, 9, 9, 9, 9, 1), (3, 9, 9, 9, 9, 9, 9, 9, 9, 9, 9, 9, 1), (1, 9, 9, 9, 9, 9, 9, 9, 9, 9, 9, 9, 7), (6, 9, 9, 9, 9, 9, 9, 9, 9, 9, 9, 9, 3), (7, 9, 9, 9, 9, 9, 9, 9, 9, 9, 9, 9, 8), (9, 9, 9, 9, 9, 9, 9, 9, 9, 9, 9, 9, 9), (7, 9, 9, 9, 9, 9, 9, 9, 9, 9, 9, 9, 2), (9, 9, 9, 9, 9, 9, 9, 9, 9, 9, 9, 9, 9), (3, 9, 9, 9, 9, 9, 9, 9, 9, 9, 9, 9, 8), (2, 9, 9, 9, 9, 9, 9, 9, 9, 9, 9, 9, 2), (7, 9, 9, 9, 9, 9, 9, 9, 9, 9, 9, 9, 9))
gi after filling bcols at loc w-1: ((9, 9, 9, 9, 9, 9, 9, 9, 9, 9, 9, 9, 9), (2, 9, 9, 9, 9, 9, 9, 9, 9, 9, 9, 9, 2), (9, 9, 9, 9, 9, 9, 9, 9, 9, 9, 9, 9, 9), (9, 9, 9, 9, 9, 9, 9, 9, 9, 9, 9, 9, 9), (9, 9, 9, 9, 9, 9, 9, 9, 9, 9, 9, 9, 9), (1, 9, 9, 9, 9, 9, 9, 9, 9, 9, 9, 9, 1), (3, 9, 9, 9, 9, 9, 9, 9, 9, 9, 9, 9, 1), (1, 9, 9, 9, 9, 9, 9, 9, 9, 9, 9, 9, 7), (6, 9, 9, 9, 9, 9, 9, 9, 9, 9, 9, 9, 3), (7, 9, 9, 9, 9, 9, 9, 9, 9, 9, 9, 9, 8), (9, 9, 9, 9, 9, 9, 9, 9, 9, 9, 9, 9, 9), (7, 9, 9, 9, 9, 9, 9, 9, 9, 9, 9, 9, 2), (9, 9, 9, 9, 9, 9, 9, 9, 9, 9, 9, 9, 9), (3, 9, 9, 9, 9, 9, 9, 9, 9, 9, 9, 9, 8), (2, 9, 9, 9, 9, 9, 9, 9, 9, 9, 9, 9, 2), (7, 9, 9, 9, 9, 9, 9, 9, 9, 9, 9, 9, 2))
gi after filling acols at loc 0: ((1, 9, 9, 9, 9, 9, 9, 9, 9, 9, 9, 9, 9), (2, 9, 9, 9, 9, 9, 9, 9, 9, 9, 9, 9, 2), (9, 9, 9, 9, 9, 9, 9, 9, 9, 9, 9, 9, 9), (9, 9, 9, 9, 9, 9, 9, 9, 9, 9, 9, 9, 9), (9, 9, 9, 9, 9, 9, 9, 9, 9, 9, 9, 9, 9), (1, 9, 9, 9, 9, 9, 9, 9, 9, 9, 9, 9, 1), (3, 9, 9, 9, 9, 9, 9, 9, 9, 9, 9, 9, 1), (1, 9, 9, 9, 9, 9, 9, 9, 9, 9, 9, 9, 7), (6, 9, 9, 9, 9, 9, 9, 9, 9, 9, 9, 9, 3), (7, 9, 9, 9, 9, 9, 9, 9, 9, 9, 9, 9, 8), (9, 9, 9, 9, 9, 9, 9, 9, 9, 9, 9, 9, 9), (7, 9, 9, 9, 9, 9, 9, 9, 9, 9, 9, 9, 2), (9, 9, 9, 9, 9, 9, 9, 9, 9, 9, 9, 9, 9), (3, 9, 9, 9, 9, 9, 9, 9, 9, 9, 9, 9, 8), (2, 9, 9, 9, 9, 9, 9, 9, 9, 9, 9, 9, 2), (7, 9, 9, 9, 9, 9, 9, 9, 9, 9, 9, 9, 2))
gi after filling bcols at loc w-1: ((1, 9, 9, 9, 9, 9, 9, 9, 9, 9, 9, 9, 2), (2, 9, 9, 9, 9, 9, 9, 9, 9, 9, 9, 9, 2), (9, 9, 9, 9, 9, 9, 9, 9, 9, 9, 9, 9, 9), (9, 9, 9, 9, 9, 9, 9, 9, 9, 9, 9, 9, 9), (9, 9, 9, 9, 9, 9, 9, 9, 9, 9, 9, 9, 9), (1, 9, 9, 9, 9, 9, 9, 9, 9, 9, 9, 9, 1), (3, 9, 9, 9, 9, 9, 9, 9, 9, 9, 9, 9, 1), (1, 9, 9, 9, 9, 9, 9, 9, 9, 9, 9, 9, 7), (6, 9, 9, 9, 9, 9, 9, 9, 9, 9, 9, 9, 3), (7, 9, 9, 9, 9, 9, 9, 9, 9, 9, 9, 9, 8), (9, 9, 9, 9, 9, 9, 9, 9, 9, 9, 9, 9, 9), (7, 9, 9, 9, 9, 9, 9, 9, 9, 9, 9, 9, 2), (9, 9, 9, 9, 9, 9, 9, 9, 9, 9, 9, 9, 9), (3, 9, 9, 9, 9, 9, 9, 9, 9, 9, 9, 9, 8), (2, 9, 9, 9, 9, 9, 9, 9, 9, 9, 9, 9, 2), (7, 9, 9, 9, 9, 9, 9, 9, 9, 9, 9, 9, 2))
gi after filling acols at loc 0: ((1, 9, 9, 9, 9, 9, 9, 9, 9, 9, 9, 9, 2), (2, 9, 9, 9, 9, 9, 9, 9, 9, 9, 9, 9, 2), (6, 9, 9, 9, 9, 9, 9, 9, 9, 9, 9, 9, 9), (9, 9, 9, 9, 9, 9, 9, 9, 9, 9, 9, 9, 9), (9, 9, 9, 9, 9, 9, 9, 9, 9, 9, 9, 9, 9), (1, 9, 9, 9, 9, 9, 9, 9, 9, 9, 9, 9, 1), (3, 9, 9, 9, 9, 9, 9, 9, 9, 9, 9, 9, 1), (1, 9, 9, 9, 9, 9, 9, 9, 9, 9, 9, 9, 7), (6, 9, 9, 9, 9, 9, 9, 9, 9, 9, 9, 9, 3), (7, 9, 9, 9, 9, 9, 9, 9, 9, 9, 9, 9, 8), (9, 9, 9, 9, 9, 9, 9, 9, 9, 9, 9, 9, 9), (7, 9, 9, 9, 9, 9, 9, 9, 9, 9, 9, 9, 2), (9, 9, 9, 9, 9, 9, 9, 9, 9, 9, 9, 9, 9), (3, 9, 9, 9, 9, 9, 9, 9, 9, 9, 9, 9, 8), (2, 9, 9, 9, 9, 9, 9, 9, 9, 9, 9, 9, 2), (7, 9, 9, 9, 9, 9, 9, 9, 9, 9, 9, 9, 2))
gi after filling bcols at loc w-1: ((1, 9, 9, 9, 9, 9, 9, 9, 9, 9, 9, 9, 2), (2, 9, 9, 9, 9, 9, 9, 9, 9, 9, 9, 9, 2), (6, 9, 9, 9, 9, 9, 9, 9, 9, 9, 9, 9, 4), (9, 9, 9, 9, 9, 9, 9, 9, 9, 9, 9, 9, 9), (9, 9, 9, 9, 9, 9, 9, 9, 9, 9, 9, 9, 9), (1, 9, 9, 9, 9, 9, 9, 9, 9, 9, 9, 9, 1), (3, 9, 9, 9, 9, 9, 9, 9, 9, 9, 9, 9, 1), (1, 9, 9, 9, 9, 9, 9, 9, 9, 9, 9, 9, 7), (6, 9, 9, 9, 9, 9, 9, 9, 9, 9, 9, 9, 3), (7, 9, 9, 9, 9, 9, 9, 9, 9, 9, 9, 9, 8), (9, 9, 9, 9, 9, 9, 9, 9, 9, 9, 9, 9, 9), (7, 9, 9, 9, 9, 9, 9, 9, 9, 9, 9, 9, 2), (9, 9, 9, 9, 9, 9, 9, 9, 9, 9, 9, 9, 9), (3, 9, 9, 9, 9, 9, 9, 9, 9, 9, 9, 9, 8), (2, 9, 9, 9, 9, 9, 9, 9, 9, 9, 9, 9, 2), (7, 9, 9, 9, 9, 9, 9, 9, 9, 9, 9, 9, 2))
gi after dmirror: ((1, 2, 6, 9, 9, 1, 3, 1, 6, 7, 9, 7, 9, 3, 2, 7), (9, 9, 9, 9, 9, 9, 9, 9, 9, 9, 9, 9, 9, 9, 9, 9), (9, 9, 9, 9, 9, 9, 9, 9, 9, 9, 9, 9, 9, 9, 9, 9), (9, 9, 9, 9, 9, 9, 9, 9, 9, 9, 9, 9, 9, 9, 9, 9), (9, 9, 9, 9, 9, 9, 9, 9, 9, 9, 9, 9, 9, 9, 9, 9), (9, 9, 9, 9, 9, 9, 9, 9, 9, 9, 9, 9, 9, 9, 9, 9), (9, 9, 9, 9, 9, 9, 9, 9, 9, 9, 9, 9, 9, 9, 9, 9), (9, 9, 9, 9, 9, 9, 9, 9, 9, 9, 9, 9, 9, 9, 9, 9), (9, 9, 9, 9, 9, 9, 9, 9, 9, 9, 9, 9, 9, 9, 9, 9), (9, 9, 9, 9, 9, 9, 9, 9, 9, 9, 9, 9, 9, 9, 9, 9), (9, 9, 9, 9, 9, 9, 9, 9, 9, 9, 9, 9, 9, 9, 9, 9), (9, 9, 9, 9, 9, 9, 9, 9, 9, 9, 9, 9, 9, 9, 9, 9), (2, 2, 4, 9, 9, 1, 1, 7, 3, 8, 9, 2, 9, 8, 2, 2))
