Modified Function Code:
from re_arc.dsl import *
def generate_239be575() -> dict:
    diff_lb = 0
    diff_ub = 1
    print(f"diff_lb: {diff_lb}")
    print(f"diff_ub: {diff_ub}")

    sq = {(0, 0), (1, 1), (0, 1), (1, 0)}
    cols = interval(1, 10, 1)
    print(f"sq: {sq}")
    print(f"cols: {cols}")

    while True:
        h = unifint(diff_lb, diff_ub, (6, 30))
        print(f"h: {h}")
        w = unifint(diff_lb, diff_ub, (6, 30))
        print(f"w: {w}")
        c = canvas(0, (h, w))
        print(f"c: {c}")
        fullcands = totuple(asindices(canvas(0, (h - 1, w - 1))))
        print(f"fullcands: {fullcands}")
        a = choice(fullcands)
        print(f"a: {a}")
        b = choice(remove(a, fullcands))
        print(f"b: {b}")
        mindist = unifint(diff_lb, diff_ub, (3, min(h, w) - 3))
        print(f"mindist: {mindist}")

        while not manhattan({a}, {b}) > mindist:
            a = choice(fullcands)
            print(f"new a: {a}")
            b = choice(remove(a, fullcands))
            print(f"new b: {b}")

        markcol, sqcol = sample(cols, 2)
        print(f"markcol: {markcol}, sqcol: {sqcol}")
        aset = shift(sq, a)
        print(f"aset: {aset}")
        bset = shift(sq, b)
        print(f"bset: {bset}")
        gi = fill(c, sqcol, aset | bset)
        print(f"gi after fill: {gi}")

        cands = totuple(ofcolor(gi, 0))
        print(f"cands: {cands}")
        num = unifint(diff_lb, diff_ub, (int(0.25 * len(cands)), int(0.75 * len(cands))))
        print(f"num: {num}")
        mc = sample(cands, num)
        print(f"mc: {mc}")
        gi = fill(gi, markcol, mc)
        print(f"gi after second fill: {gi}")

        bobjs = colorfilter(objects(gi, T, F, F), markcol)
        print(f"bobjs: {bobjs}")
        ss = sfilter(bobjs, fork(both, rbind(adjacent, aset), rbind(adjacent, bset)))
        print(f"ss: {ss}")

        shoudlhaveconn = choice((True, False))
        print(f"shoudlhaveconn: {shoudlhaveconn}")

        if shoudlhaveconn and len(ss) == 0:
            while len(ss) == 0:
                opts2 = totuple(ofcolor(gi, 0))
                print(f"opts2: {opts2}")
                if len(opts2) == 0:
                    break
                gi = fill(gi, markcol, {choice(opts2)})
                print(f"gi after fill in first while: {gi}")
                bobjs = colorfilter(objects(gi, T, F, F), markcol)
                print(f"bobjs after fill in first while: {bobjs}")
                ss = sfilter(bobjs, fork(both, rbind(adjacent, aset), rbind(adjacent, bset)))
                print(f"ss after fill in first while: {ss}")

        elif not shoudlhaveconn and len(ss) > 0:
            while len(ss) > 0:
                opts2 = totuple(ofcolor(gi, markcol))
                print(f"opts2 in else: {opts2}")
                if len(opts2) == 0:
                    break
                gi = fill(gi, 0, {choice(opts2)})
                print(f"gi after fill in second while: {gi}")
                bobjs = colorfilter(objects(gi, T, F, F), markcol)
                print(f"bobjs after fill in second while: {bobjs}")
                ss = sfilter(bobjs, fork(both, rbind(adjacent, aset), rbind(adjacent, bset)))
                print(f"ss after fill in second while: {ss}")

        if len(palette(gi)) == 3:
            break

    return {'input': gi}

Printed Outputs:
diff_lb: 0
diff_ub: 1
sq: {(0, 1), (1, 0), (1, 1), (0, 0)}
cols: (1, 2, 3, 4, 5, 6, 7, 8, 9)
h: 16
w: 21
c: ((0, 0, 0, 0, 0, 0, 0, 0, 0, 0, 0, 0, 0, 0, 0, 0, 0, 0, 0, 0, 0), (0, 0, 0, 0, 0, 0, 0, 0, 0, 0, 0, 0, 0, 0, 0, 0, 0, 0, 0, 0, 0), (0, 0, 0, 0, 0, 0, 0, 0, 0, 0, 0, 0, 0, 0, 0, 0, 0, 0, 0, 0, 0), (0, 0, 0, 0, 0, 0, 0, 0, 0, 0, 0, 0, 0, 0, 0, 0, 0, 0, 0, 0, 0), (0, 0, 0, 0, 0, 0, 0, 0, 0, 0, 0, 0, 0, 0, 0, 0, 0, 0, 0, 0, 0), (0, 0, 0, 0, 0, 0, 0, 0, 0, 0, 0, 0, 0, 0, 0, 0, 0, 0, 0, 0, 0), (0, 0, 0, 0, 0, 0, 0, 0, 0, 0, 0, 0, 0, 0, 0, 0, 0, 0, 0, 0, 0), (0, 0, 0, 0, 0, 0, 0, 0, 0, 0, 0, 0, 0, 0, 0, 0, 0, 0, 0, 0, 0), (0, 0, 0, 0, 0, 0, 0, 0, 0, 0, 0, 0, 0, 0, 0, 0, 0, 0, 0, 0, 0), (0, 0, 0, 0, 0, 0, 0, 0, 0, 0, 0, 0, 0, 0, 0, 0, 0, 0, 0, 0, 0), (0, 0, 0, 0, 0, 0, 0, 0, 0, 0, 0, 0, 0, 0, 0, 0, 0, 0, 0, 0, 0), (0, 0, 0, 0, 0, 0, 0, 0, 0, 0, 0, 0, 0, 0, 0, 0, 0, 0, 0, 0, 0), (0, 0, 0, 0, 0, 0, 0, 0, 0, 0, 0, 0, 0, 0, 0, 0, 0, 0, 0, 0, 0), (0, 0, 0, 0, 0, 0, 0, 0, 0, 0, 0, 0, 0, 0, 0, 0, 0, 0, 0, 0, 0), (0, 0, 0, 0, 0, 0, 0, 0, 0, 0, 0, 0, 0, 0, 0, 0, 0, 0, 0, 0, 0), (0, 0, 0, 0, 0, 0, 0, 0, 0, 0, 0, 0, 0, 0, 0, 0, 0, 0, 0, 0, 0))
fullcands: ((12, 4), (6, 18), (4, 0), (7, 17), (4, 9), (5, 1), (8, 0), (3, 13), (5, 10), (8, 9), (10, 6), (9, 8), (0, 5), (2, 2), (5, 19), (8, 18), (9, 17), (0, 14), (2, 11), (11, 5), (11, 14), (13, 8), (6, 2), (7, 1), (1, 15), (13, 17), (6, 11), (7, 10), (4, 2), (7, 19), (3, 6), (5, 3), (8, 2), (9, 1), (3, 15), (5, 12), (8, 11), (12, 18), (9, 10), (0, 7), (2, 4), (11, 7), (14, 15), (9, 19), (0, 16), (11, 16), (13, 1), (1, 8), (13, 10), (6, 4), (7, 3), (1, 17), (13, 19), (6, 13), (7, 12), (3, 8), (5, 5), (8, 4), (14, 8), (9, 3), (0, 0), (3, 17), (5, 14), (11, 0), (9, 12), (0, 9), (11, 9), (14, 17), (13, 3), (1, 10), (13, 12), (6, 6), (7, 5), (1, 19), (7, 14), (3, 1), (14, 1), (12, 13), (3, 10), (5, 7), (14, 10), (9, 5), (0, 2), (3, 19), (4, 18), (5, 16), (9, 14), (11, 2), (14, 19), (1, 3), (13, 5), (10, 15), (1, 12), (13, 14), (7, 7), (7, 16), (12, 6), (3, 3), (5, 0), (14, 3), (12, 15), (3, 12), (5, 9), (4, 11), (14, 12), (9, 7), (11, 4), (5, 18), (9, 16), (10, 8), (1, 5), (13, 7), (6, 1), (7, 0), (1, 14), (10, 17), (2, 13), (13, 16), (7, 9), (12, 8), (3, 5), (5, 2), (4, 4), (14, 5), (9, 0), (3, 14), (5, 11), (4, 13), (12, 17), (9, 9), (14, 14), (10, 1), (13, 0), (8, 13), (10, 10), (1, 7), (13, 9), (2, 6), (7, 2), (1, 16), (0, 18), (2, 15), (10, 19), (7, 11), (11, 18), (13, 18), (12, 1), (6, 15), (12, 10), (3, 7), (5, 4), (4, 6), (14, 7), (9, 2), (3, 16), (5, 13), (4, 15), (12, 19), (14, 16), (8, 6), (10, 3), (1, 0), (13, 2), (8, 15), (10, 12), (1, 9), (0, 11), (2, 8), (11, 11), (7, 4), (1, 18), (13, 11), (2, 17), (6, 8), (12, 3), (3, 0), (6, 17), (14, 0), (12, 12), (3, 9), (5, 6), (4, 8), (14, 9), (3, 18), (14, 18), (4, 17), (8, 8), (10, 5), (1, 2), (0, 4), (2, 1), (8, 17), (10, 14), (1, 11), (0, 13), (2, 10), (11, 13), (13, 4), (2, 19), (6, 10), (12, 5), (3, 2), (6, 19), (4, 1), (7, 18), (12, 14), (3, 11), (14, 2), (4, 10), (14, 11), (4, 19), (8, 1), (8, 10), (10, 7), (1, 4), (0, 6), (2, 3), (8, 19), (10, 16), (1, 13), (0, 15), (2, 12), (9, 18), (11, 6), (11, 15), (14, 13), (6, 3), (6, 12), (12, 7), (3, 4), (14, 4), (4, 3), (12, 16), (4, 12), (8, 3), (10, 0), (8, 12), (10, 9), (1, 6), (0, 8), (2, 5), (9, 11), (10, 18), (11, 8), (0, 17), (2, 14), (11, 17), (6, 5), (12, 0), (6, 14), (7, 13), (12, 9), (14, 6), (4, 5), (4, 14), (8, 5), (10, 2), (9, 4), (0, 1), (5, 15), (8, 14), (10, 11), (9, 13), (0, 10), (2, 7), (11, 1), (11, 10), (0, 19), (2, 16), (11, 19), (13, 13), (6, 7), (7, 6), (12, 2), (6, 16), (7, 15), (12, 11), (4, 7), (4, 16), (5, 8), (8, 7), (10, 4), (1, 1), (0, 3), (2, 0), (5, 17), (8, 16), (9, 6), (0, 12), (2, 9), (9, 15), (10, 13), (11, 3), (11, 12), (2, 18), (6, 0), (13, 6), (13, 15), (6, 9), (7, 8))
a: (7, 6)
b: (0, 13)
mindist: 12
markcol: 6, sqcol: 9
aset: frozenset({(8, 7), (7, 6), (7, 7), (8, 6)})
bset: frozenset({(0, 13), (0, 14), (1, 14), (1, 13)})
gi after fill: ((0, 0, 0, 0, 0, 0, 0, 0, 0, 0, 0, 0, 0, 9, 9, 0, 0, 0, 0, 0, 0), (0, 0, 0, 0, 0, 0, 0, 0, 0, 0, 0, 0, 0, 9, 9, 0, 0, 0, 0, 0, 0), (0, 0, 0, 0, 0, 0, 0, 0, 0, 0, 0, 0, 0, 0, 0, 0, 0, 0, 0, 0, 0), (0, 0, 0, 0, 0, 0, 0, 0, 0, 0, 0, 0, 0, 0, 0, 0, 0, 0, 0, 0, 0), (0, 0, 0, 0, 0, 0, 0, 0, 0, 0, 0, 0, 0, 0, 0, 0, 0, 0, 0, 0, 0), (0, 0, 0, 0, 0, 0, 0, 0, 0, 0, 0, 0, 0, 0, 0, 0, 0, 0, 0, 0, 0), (0, 0, 0, 0, 0, 0, 0, 0, 0, 0, 0, 0, 0, 0, 0, 0, 0, 0, 0, 0, 0), (0, 0, 0, 0, 0, 0, 9, 9, 0, 0, 0, 0, 0, 0, 0, 0, 0, 0, 0, 0, 0), (0, 0, 0, 0, 0, 0, 9, 9, 0, 0, 0, 0, 0, 0, 0, 0, 0, 0, 0, 0, 0), (0, 0, 0, 0, 0, 0, 0, 0, 0, 0, 0, 0, 0, 0, 0, 0, 0, 0, 0, 0, 0), (0, 0, 0, 0, 0, 0, 0, 0, 0, 0, 0, 0, 0, 0, 0, 0, 0, 0, 0, 0, 0), (0, 0, 0, 0, 0, 0, 0, 0, 0, 0, 0, 0, 0, 0, 0, 0, 0, 0, 0, 0, 0), (0, 0, 0, 0, 0, 0, 0, 0, 0, 0, 0, 0, 0, 0, 0, 0, 0, 0, 0, 0, 0), (0, 0, 0, 0, 0, 0, 0, 0, 0, 0, 0, 0, 0, 0, 0, 0, 0, 0, 0, 0, 0), (0, 0, 0, 0, 0, 0, 0, 0, 0, 0, 0, 0, 0, 0, 0, 0, 0, 0, 0, 0, 0), (0, 0, 0, 0, 0, 0, 0, 0, 0, 0, 0, 0, 0, 0, 0, 0, 0, 0, 0, 0, 0))
cands: ((7, 17), (8, 0), (8, 9), (0, 5), (11, 5), (8, 18), (11, 14), (4, 2), (3, 6), (3, 15), (14, 15), (15, 7), (7, 3), (15, 16), (7, 12), (8, 4), (0, 0), (11, 0), (0, 9), (11, 9), (3, 1), (14, 1), (3, 10), (14, 10), (3, 19), (14, 19), (15, 2), (15, 11), (7, 16), (11, 4), (10, 8), (10, 17), (2, 13), (3, 5), (14, 5), (3, 14), (14, 14), (15, 6), (7, 2), (7, 11), (6, 15), (10, 3), (10, 12), (2, 8), (2, 17), (3, 0), (14, 0), (3, 9), (14, 9), (3, 18), (14, 18), (6, 10), (6, 19), (10, 7), (2, 3), (10, 16), (2, 12), (3, 4), (14, 4), (9, 11), (9, 20), (6, 5), (6, 14), (10, 2), (10, 11), (2, 7), (2, 16), (13, 13), (5, 8), (9, 6), (5, 17), (9, 15), (6, 0), (6, 9), (6, 18), (10, 6), (2, 2), (2, 11), (13, 8), (1, 15), (13, 17), (5, 3), (9, 1), (5, 12), (9, 10), (9, 19), (6, 4), (6, 13), (12, 20), (13, 3), (1, 10), (13, 12), (1, 19), (5, 7), (9, 5), (5, 16), (9, 14), (12, 6), (12, 15), (4, 11), (4, 20), (1, 5), (13, 7), (13, 16), (5, 2), (9, 0), (5, 11), (9, 9), (8, 13), (0, 18), (11, 18), (12, 1), (12, 10), (4, 6), (12, 19), (4, 15), (1, 0), (13, 2), (1, 9), (13, 11), (1, 18), (15, 20), (5, 6), (8, 8), (0, 4), (8, 17), (11, 13), (12, 5), (4, 1), (12, 14), (4, 10), (4, 19), (1, 4), (15, 15), (7, 20), (8, 3), (8, 12), (0, 8), (11, 8), (0, 17), (11, 17), (12, 0), (12, 9), (4, 5), (4, 14), (15, 1), (15, 10), (15, 19), (7, 15), (11, 3), (0, 3), (8, 16), (0, 12), (11, 12), (12, 4), (4, 0), (4, 9), (3, 13), (14, 13), (15, 5), (7, 1), (15, 14), (7, 10), (7, 19), (8, 2), (8, 11), (0, 7), (11, 7), (0, 16), (11, 16), (10, 20), (3, 8), (14, 8), (3, 17), (14, 17), (15, 0), (15, 9), (7, 5), (15, 18), (7, 14), (0, 2), (11, 2), (10, 15), (2, 20), (3, 3), (14, 3), (3, 12), (14, 12), (15, 4), (7, 0), (15, 13), (7, 9), (10, 1), (10, 10), (2, 6), (10, 19), (2, 15), (3, 7), (14, 7), (3, 16), (14, 16), (7, 4), (6, 8), (6, 17), (10, 5), (2, 1), (10, 14), (2, 10), (2, 19), (3, 2), (14, 2), (3, 11), (14, 11), (5, 20), (9, 18), (6, 3), (6, 12), (10, 0), (10, 9), (2, 5), (10, 18), (2, 14), (13, 20), (14, 6), (9, 4), (5, 15), (9, 13), (6, 7), (6, 16), (10, 4), (2, 0), (10, 13), (2, 9), (13, 6), (2, 18), (13, 15), (5, 1), (5, 10), (9, 8), (5, 19), (9, 17), (6, 2), (6, 11), (6, 20), (12, 18), (2, 4), (13, 1), (1, 8), (13, 10), (1, 17), (13, 19), (5, 5), (9, 3), (5, 14), (9, 12), (6, 6), (12, 13), (4, 18), (1, 3), (13, 5), (1, 12), (13, 14), (5, 0), (5, 9), (9, 7), (5, 18), (9, 16), (6, 1), (8, 20), (12, 8), (4, 4), (12, 17), (4, 13), (13, 0), (1, 7), (13, 9), (1, 16), (13, 18), (5, 4), (9, 2), (5, 13), (8, 15), (0, 11), (11, 11), (0, 20), (11, 20), (12, 3), (12, 12), (4, 8), (4, 17), (1, 2), (13, 4), (1, 11), (1, 20), (7, 18), (8, 1), (8, 10), (0, 6), (11, 6), (8, 19), (0, 15), (11, 15), (12, 7), (4, 3), (12, 16), (4, 12), (1, 6), (15, 8), (15, 17), (7, 13), (8, 5), (0, 1), (11, 1), (8, 14), (0, 10), (11, 10), (0, 19), (11, 19), (12, 2), (12, 11), (4, 7), (4, 16), (1, 1), (14, 20), (3, 20), (15, 3), (15, 12), (7, 8))
num: 224
mc: [(13, 16), (13, 5), (14, 18), (9, 18), (0, 10), (9, 4), (1, 3), (2, 1), (9, 1), (0, 15), (12, 0), (3, 13), (2, 5), (12, 20), (12, 8), (0, 16), (4, 5), (11, 3), (8, 5), (9, 2), (12, 5), (0, 17), (5, 18), (7, 4), (11, 6), (4, 14), (11, 20), (9, 14), (1, 4), (6, 5), (14, 6), (6, 8), (2, 3), (2, 2), (4, 8), (9, 7), (8, 17), (4, 15), (0, 8), (7, 8), (12, 9), (1, 7), (7, 10), (11, 11), (1, 9), (9, 6), (14, 17), (15, 14), (3, 11), (6, 20), (2, 8), (1, 8), (10, 12), (14, 11), (14, 5), (5, 14), (3, 12), (3, 20), (3, 10), (8, 16), (11, 16), (7, 15), (14, 10), (2, 17), (4, 18), (4, 20), (5, 8), (6, 14), (2, 13), (4, 13), (9, 3), (1, 5), (12, 12), (3, 19), (10, 9), (1, 16), (9, 11), (10, 10), (12, 4), (3, 18), (1, 2), (8, 15), (3, 5), (10, 13), (3, 3), (13, 6), (5, 16), (5, 2), (14, 4), (7, 11), (14, 7), (1, 11), (15, 17), (2, 14), (7, 9), (0, 5), (5, 11), (4, 9), (0, 3), (12, 13), (1, 10), (0, 11), (2, 19), (5, 15), (1, 0), (1, 15), (11, 9), (9, 0), (10, 4), (10, 14), (5, 20), (15, 20), (10, 20), (0, 7), (6, 17), (9, 17), (11, 15), (5, 4), (1, 18), (7, 5), (3, 9), (9, 8), (3, 15), (10, 5), (5, 1), (8, 18), (13, 13), (0, 0), (1, 12), (5, 13), (3, 7), (14, 2), (6, 19), (9, 16), (13, 15), (8, 10), (13, 19), (9, 20), (13, 20), (14, 8), (8, 4), (6, 1), (2, 10), (4, 6), (12, 2), (15, 13), (2, 9), (8, 3), (11, 2), (11, 4), (10, 8), (3, 8), (8, 12), (5, 19), (10, 7), (4, 2), (4, 10), (6, 11), (15, 12), (6, 7), (10, 2), (15, 16), (6, 4), (10, 16), (8, 2), (15, 10), (11, 17), (13, 8), (11, 5), (10, 17), (7, 1), (6, 9), (7, 16), (0, 2), (7, 14), (13, 14), (0, 6), (7, 20), (14, 14), (8, 14), (15, 0), (11, 18), (13, 9), (7, 13), (9, 13), (10, 11), (13, 17), (5, 0), (4, 1), (11, 1), (0, 12), (15, 3), (4, 19), (11, 10), (1, 17), (0, 20), (13, 0), (13, 3), (10, 1), (15, 15), (6, 6), (15, 2), (4, 4), (4, 0), (1, 20), (14, 20), (12, 14), (11, 12), (12, 6), (7, 3), (11, 19), (5, 3), (7, 2), (2, 6), (12, 16), (13, 12), (10, 0), (13, 7), (5, 9), (5, 6), (0, 9), (13, 1), (10, 3), (15, 1)]
gi after second fill: ((6, 0, 6, 6, 0, 6, 6, 6, 6, 6, 6, 6, 6, 9, 9, 6, 6, 6, 0, 0, 6), (6, 0, 6, 6, 6, 6, 0, 6, 6, 6, 6, 6, 6, 9, 9, 6, 6, 6, 6, 0, 6), (0, 6, 6, 6, 0, 6, 6, 0, 6, 6, 6, 0, 0, 6, 6, 0, 0, 6, 0, 6, 0), (0, 0, 0, 6, 0, 6, 0, 6, 6, 6, 6, 6, 6, 6, 0, 6, 0, 0, 6, 6, 6), (6, 6, 6, 0, 6, 6, 6, 0, 6, 6, 6, 0, 0, 6, 6, 6, 0, 0, 6, 6, 6), (6, 6, 6, 6, 6, 0, 6, 0, 6, 6, 0, 6, 0, 6, 6, 6, 6, 0, 6, 6, 6), (0, 6, 0, 0, 6, 6, 6, 6, 6, 6, 0, 6, 0, 0, 6, 0, 0, 6, 0, 6, 6), (0, 6, 6, 6, 6, 6, 9, 9, 6, 6, 6, 6, 0, 6, 6, 6, 6, 0, 0, 0, 6), (0, 0, 6, 6, 6, 6, 9, 9, 0, 0, 6, 0, 6, 0, 6, 6, 6, 6, 6, 0, 0), (6, 6, 6, 6, 6, 0, 6, 6, 6, 0, 0, 6, 0, 6, 6, 0, 6, 6, 6, 0, 6), (6, 6, 6, 6, 6, 6, 0, 6, 6, 6, 6, 6, 6, 6, 6, 0, 6, 6, 0, 0, 6), (0, 6, 6, 6, 6, 6, 6, 0, 0, 6, 6, 6, 6, 0, 0, 6, 6, 6, 6, 6, 6), (6, 0, 6, 0, 6, 6, 6, 0, 6, 6, 0, 0, 6, 6, 6, 0, 6, 0, 0, 0, 6), (6, 6, 0, 6, 0, 6, 6, 6, 6, 6, 0, 0, 6, 6, 6, 6, 6, 6, 0, 6, 6), (0, 0, 6, 0, 6, 6, 6, 6, 6, 0, 6, 6, 0, 0, 6, 0, 0, 6, 6, 0, 6), (6, 6, 6, 6, 0, 0, 0, 0, 0, 0, 6, 0, 6, 6, 6, 6, 6, 6, 0, 0, 6))
bobjs: frozenset({frozenset({(6, (8, 12))}), frozenset({(6, (7, 20)), (6, (4, 19)), (6, (3, 20)), (6, (5, 19)), (6, (5, 18)), (6, (6, 20)), (6, (3, 19)), (6, (4, 20)), (6, (2, 19)), (6, (4, 18)), (6, (6, 19)), (6, (5, 20)), (6, (3, 18))}), frozenset({(6, (13, 1)), (6, (12, 0)), (6, (13, 0))}), frozenset({(6, (0, 15)), (6, (1, 15)), (6, (1, 17)), (6, (0, 16)), (6, (1, 16)), (6, (1, 18)), (6, (2, 17)), (6, (0, 17))}), frozenset({(6, (8, 4)), (6, (0, 6)), (6, (8, 15)), (6, (7, 13)), (6, (11, 10)), (6, (8, 16)), (6, (12, 16)), (6, (10, 13)), (6, (3, 12)), (6, (7, 9)), (6, (2, 10)), (6, (5, 1)), (6, (10, 3)), (6, (0, 8)), (6, (4, 5)), (6, (9, 7)), (6, (15, 17)), (6, (4, 0)), (6, (9, 1)), (6, (11, 16)), (6, (10, 10)), (6, (9, 14)), (6, (12, 8)), (6, (10, 5)), (6, (6, 9)), (6, (8, 3)), (6, (9, 4)), (6, (7, 1)), (6, (14, 17)), (6, (10, 20)), (6, (3, 5)), (6, (1, 2)), (6, (6, 4)), (6, (2, 3)), (6, (12, 4)), (6, (5, 2)), (6, (13, 17)), (6, (5, 14)), (6, (10, 16)), (6, (8, 14)), (6, (6, 11)), (6, (3, 15)), (6, (5, 9)), (6, (9, 6)), (6, (4, 8)), (6, (0, 11)), (6, (2, 5)), (6, (11, 4)), (6, (3, 11)), (6, (9, 2)), (6, (11, 19)), (6, (0, 7)), (6, (9, 17)), (6, (7, 14)), (6, (14, 5)), (6, (0, 2)), (6, (10, 8)), (6, (11, 1)), (6, (14, 20)), (6, (4, 14)), (6, (3, 8)), (6, (1, 5)), (6, (10, 4)), (6, (13, 20)), (6, (0, 9)), (6, (8, 2)), (6, (3, 3)), (6, (13, 15)), (6, (2, 1)), (6, (12, 13)), (6, (11, 11)), (6, (8, 17)), (6, (6, 14)), (6, (10, 11)), (6, (7, 15)), (6, (15, 13)), (6, (3, 10)), (6, (12, 9)), (6, (2, 8)), (6, (12, 20)), (6, (11, 18)), (6, (1, 11)), (6, (7, 2)), (6, (4, 6)), (6, (14, 18)), (6, (11, 2)), (6, (15, 16)), (6, (0, 10)), (6, (9, 0)), (6, (9, 20)), (6, (14, 8)), (6, (4, 2)), (6, (4, 13)), (6, (13, 8)), (6, (11, 9)), (6, (12, 6)), (6, (2, 14)), (6, (6, 7)), (6, (1, 8)), (6, (0, 12)), (6, (4, 9)), (6, (8, 5)), (6, (7, 3)), (6, (1, 3)), (6, (5, 0)), (6, (15, 12)), (6, (10, 14)), (6, (5, 15)), (6, (11, 6)), (6, (13, 14)), (6, (3, 13)), (6, (1, 10)), (6, (7, 10)), (6, (14, 6)), (6, (10, 9)), (6, (12, 12)), (6, (13, 9)), (6, (5, 11)), (6, (7, 5)), (6, (9, 8)), (6, (2, 6)), (6, (3, 9)), (6, (4, 1)), (6, (5, 6)), (6, (9, 3)), (6, (11, 17)), (6, (13, 16)), (6, (2, 2)), (6, (12, 14)), (6, (2, 13)), (6, (11, 12)), (6, (8, 18)), (6, (7, 16)), (6, (5, 13)), (6, (13, 6)), (6, (15, 20)), (6, (10, 1)), (6, (2, 9)), (6, (7, 11)), (6, (6, 5)), (6, (10, 2)), (6, (5, 3)), (6, (15, 15)), (6, (13, 13)), (6, (10, 17)), (6, (6, 1)), (6, (10, 12)), (6, (9, 16)), (6, (8, 10)), (6, (9, 11)), (6, (7, 8)), (6, (11, 5)), (6, (14, 4)), (6, (1, 9)), (6, (12, 2)), (6, (4, 4)), (6, (11, 20)), (6, (3, 7)), (6, (1, 4)), (6, (7, 4)), (6, (9, 18)), (6, (13, 19)), (6, (11, 15)), (6, (0, 3)), (6, (5, 16)), (6, (9, 13)), (6, (4, 15)), (6, (6, 8)), (6, (4, 10)), (6, (13, 5)), (6, (10, 0)), (6, (0, 5)), (6, (1, 7)), (6, (15, 14)), (6, (13, 12)), (6, (10, 7)), (6, (5, 8)), (6, (14, 7)), (6, (13, 7)), (6, (1, 12)), (6, (12, 5)), (6, (11, 3)), (6, (6, 6)), (6, (5, 4)), (6, (14, 14))}), frozenset({(6, (0, 0)), (6, (1, 0))}), frozenset({(6, (0, 20)), (6, (1, 20))}), frozenset({(6, (6, 17))}), frozenset({(6, (15, 0)), (6, (15, 3)), (6, (14, 2)), (6, (15, 2)), (6, (15, 1))}), frozenset({(6, (13, 3))}), frozenset({(6, (14, 11)), (6, (14, 10)), (6, (15, 10))})})
ss: frozenset({frozenset({(6, (8, 4)), (6, (0, 6)), (6, (8, 15)), (6, (7, 13)), (6, (11, 10)), (6, (8, 16)), (6, (12, 16)), (6, (10, 13)), (6, (3, 12)), (6, (7, 9)), (6, (2, 10)), (6, (5, 1)), (6, (10, 3)), (6, (0, 8)), (6, (4, 5)), (6, (9, 7)), (6, (15, 17)), (6, (4, 0)), (6, (9, 1)), (6, (11, 16)), (6, (10, 10)), (6, (9, 14)), (6, (12, 8)), (6, (10, 5)), (6, (6, 9)), (6, (8, 3)), (6, (9, 4)), (6, (7, 1)), (6, (14, 17)), (6, (10, 20)), (6, (3, 5)), (6, (1, 2)), (6, (6, 4)), (6, (2, 3)), (6, (12, 4)), (6, (5, 2)), (6, (13, 17)), (6, (5, 14)), (6, (10, 16)), (6, (8, 14)), (6, (6, 11)), (6, (3, 15)), (6, (5, 9)), (6, (9, 6)), (6, (4, 8)), (6, (0, 11)), (6, (2, 5)), (6, (11, 4)), (6, (3, 11)), (6, (9, 2)), (6, (11, 19)), (6, (0, 7)), (6, (9, 17)), (6, (7, 14)), (6, (14, 5)), (6, (0, 2)), (6, (10, 8)), (6, (11, 1)), (6, (14, 20)), (6, (4, 14)), (6, (3, 8)), (6, (1, 5)), (6, (10, 4)), (6, (13, 20)), (6, (0, 9)), (6, (8, 2)), (6, (3, 3)), (6, (13, 15)), (6, (2, 1)), (6, (12, 13)), (6, (11, 11)), (6, (8, 17)), (6, (6, 14)), (6, (10, 11)), (6, (7, 15)), (6, (15, 13)), (6, (3, 10)), (6, (12, 9)), (6, (2, 8)), (6, (12, 20)), (6, (11, 18)), (6, (1, 11)), (6, (7, 2)), (6, (4, 6)), (6, (14, 18)), (6, (11, 2)), (6, (15, 16)), (6, (0, 10)), (6, (9, 0)), (6, (9, 20)), (6, (14, 8)), (6, (4, 2)), (6, (4, 13)), (6, (13, 8)), (6, (11, 9)), (6, (12, 6)), (6, (2, 14)), (6, (6, 7)), (6, (1, 8)), (6, (0, 12)), (6, (4, 9)), (6, (8, 5)), (6, (7, 3)), (6, (1, 3)), (6, (5, 0)), (6, (15, 12)), (6, (10, 14)), (6, (5, 15)), (6, (11, 6)), (6, (13, 14)), (6, (3, 13)), (6, (1, 10)), (6, (7, 10)), (6, (14, 6)), (6, (10, 9)), (6, (12, 12)), (6, (13, 9)), (6, (5, 11)), (6, (7, 5)), (6, (9, 8)), (6, (2, 6)), (6, (3, 9)), (6, (4, 1)), (6, (5, 6)), (6, (9, 3)), (6, (11, 17)), (6, (13, 16)), (6, (2, 2)), (6, (12, 14)), (6, (2, 13)), (6, (11, 12)), (6, (8, 18)), (6, (7, 16)), (6, (5, 13)), (6, (13, 6)), (6, (15, 20)), (6, (10, 1)), (6, (2, 9)), (6, (7, 11)), (6, (6, 5)), (6, (10, 2)), (6, (5, 3)), (6, (15, 15)), (6, (13, 13)), (6, (10, 17)), (6, (6, 1)), (6, (10, 12)), (6, (9, 16)), (6, (8, 10)), (6, (9, 11)), (6, (7, 8)), (6, (11, 5)), (6, (14, 4)), (6, (1, 9)), (6, (12, 2)), (6, (4, 4)), (6, (11, 20)), (6, (3, 7)), (6, (1, 4)), (6, (7, 4)), (6, (9, 18)), (6, (13, 19)), (6, (11, 15)), (6, (0, 3)), (6, (5, 16)), (6, (9, 13)), (6, (4, 15)), (6, (6, 8)), (6, (4, 10)), (6, (13, 5)), (6, (10, 0)), (6, (0, 5)), (6, (1, 7)), (6, (15, 14)), (6, (13, 12)), (6, (10, 7)), (6, (5, 8)), (6, (14, 7)), (6, (13, 7)), (6, (1, 12)), (6, (12, 5)), (6, (11, 3)), (6, (6, 6)), (6, (5, 4)), (6, (14, 14))})})
shoudlhaveconn: True
