Modified Function Code:
from re_arc.dsl import *
def generate_23b5c85d() -> dict:
    diff_lb = 0
    diff_ub = 1
    print(f"diff_lb: {diff_lb}")
    print(f"diff_ub: {diff_ub}")

    cols = interval(0, 10, 1)
    print(f"cols: {cols}")

    h = unifint(diff_lb, diff_ub, (5, 30))
    print(f"h: {h}")

    w = unifint(diff_lb, diff_ub, (5, 30))
    print(f"w: {w}")

    bgc = choice(cols)
    print(f"bgc: {bgc}")

    colopts = remove(bgc, cols)
    print(f"colopts: {colopts}")

    gi = canvas(bgc, (h, w))
    print(f"gi: {gi}")

    oh = unifint(diff_lb, diff_ub, (2, h - 1))
    print(f"oh: {oh}")

    ow = unifint(diff_lb, diff_ub, (2, w - 1))
    print(f"ow: {ow}")

    num = unifint(diff_lb, diff_ub, (1, 8))
    print(f"num: {num}")

    cnt = 0
    while cnt < num:
        loci = randint(0, h - oh)
        print(f"loci: {loci}")

        locj = randint(0, w - ow)
        print(f"locj: {locj}")

        col = choice(colopts)
        print(f"col: {col}")

        colopts = remove(col, colopts)
        print(f"colopts after removal: {colopts}")

        obj = backdrop(frozenset({(loci, locj), (loci + oh - 1, locj + ow - 1)}))
        print(f"obj: {obj}")

        gi2 = fill(gi, col, obj)
        print(f"gi2: {gi2}")

        if color(argmin(sfilter(partition(gi2), fork(equality, size, fork(multiply, height, width))), fork(multiply, height, width))) != col:
            break
        else:
            gi = gi2

        oh = unifint(diff_lb, diff_ub, (max(0, oh - 4), oh - 1))
        print(f"oh: {oh}")

        ow = unifint(diff_lb, diff_ub, (max(0, ow - 4), ow - 1))
        print(f"ow: {ow}")

        if oh < 1 or ow < 1:
            break
        cnt += 1

    return {'input': gi}

Printed Outputs:
diff_lb: 0
diff_ub: 1
cols: (0, 1, 2, 3, 4, 5, 6, 7, 8, 9)
h: 27
w: 11
bgc: 0
colopts: (1, 2, 3, 4, 5, 6, 7, 8, 9)
gi: ((0, 0, 0, 0, 0, 0, 0, 0, 0, 0, 0), (0, 0, 0, 0, 0, 0, 0, 0, 0, 0, 0), (0, 0, 0, 0, 0, 0, 0, 0, 0, 0, 0), (0, 0, 0, 0, 0, 0, 0, 0, 0, 0, 0), (0, 0, 0, 0, 0, 0, 0, 0, 0, 0, 0), (0, 0, 0, 0, 0, 0, 0, 0, 0, 0, 0), (0, 0, 0, 0, 0, 0, 0, 0, 0, 0, 0), (0, 0, 0, 0, 0, 0, 0, 0, 0, 0, 0), (0, 0, 0, 0, 0, 0, 0, 0, 0, 0, 0), (0, 0, 0, 0, 0, 0, 0, 0, 0, 0, 0), (0, 0, 0, 0, 0, 0, 0, 0, 0, 0, 0), (0, 0, 0, 0, 0, 0, 0, 0, 0, 0, 0), (0, 0, 0, 0, 0, 0, 0, 0, 0, 0, 0), (0, 0, 0, 0, 0, 0, 0, 0, 0, 0, 0), (0, 0, 0, 0, 0, 0, 0, 0, 0, 0, 0), (0, 0, 0, 0, 0, 0, 0, 0, 0, 0, 0), (0, 0, 0, 0, 0, 0, 0, 0, 0, 0, 0), (0, 0, 0, 0, 0, 0, 0, 0, 0, 0, 0), (0, 0, 0, 0, 0, 0, 0, 0, 0, 0, 0), (0, 0, 0, 0, 0, 0, 0, 0, 0, 0, 0), (0, 0, 0, 0, 0, 0, 0, 0, 0, 0, 0), (0, 0, 0, 0, 0, 0, 0, 0, 0, 0, 0), (0, 0, 0, 0, 0, 0, 0, 0, 0, 0, 0), (0, 0, 0, 0, 0, 0, 0, 0, 0, 0, 0), (0, 0, 0, 0, 0, 0, 0, 0, 0, 0, 0), (0, 0, 0, 0, 0, 0, 0, 0, 0, 0, 0), (0, 0, 0, 0, 0, 0, 0, 0, 0, 0, 0))
oh: 17
ow: 8
num: 4
loci: 8
locj: 3
col: 7
colopts after removal: (1, 2, 3, 4, 5, 6, 8, 9)
obj: frozenset({(12, 4), (23, 4), (17, 3), (8, 9), (10, 6), (9, 8), (11, 5), (19, 9), (13, 8), (15, 5), (24, 8), (18, 10), (21, 9), (22, 10), (17, 5), (9, 10), (11, 7), (13, 10), (15, 7), (24, 10), (16, 6), (18, 3), (22, 3), (14, 8), (17, 7), (8, 4), (19, 4), (9, 3), (11, 9), (13, 3), (24, 3), (15, 9), (16, 8), (18, 5), (21, 4), (20, 8), (22, 5), (14, 10), (17, 9), (19, 6), (9, 5), (13, 5), (24, 5), (16, 10), (18, 7), (20, 10), (22, 7), (12, 6), (14, 3), (23, 6), (9, 7), (11, 4), (10, 8), (13, 7), (15, 4), (24, 7), (16, 3), (18, 9), (20, 3), (22, 9), (12, 8), (14, 5), (17, 4), (23, 8), (9, 9), (10, 10), (13, 9), (15, 6), (24, 9), (16, 5), (20, 5), (12, 10), (14, 7), (23, 10), (8, 6), (10, 3), (16, 7), (18, 4), (20, 7), (22, 4), (21, 6), (12, 3), (23, 3), (14, 9), (8, 8), (10, 5), (13, 4), (19, 8), (24, 4), (16, 9), (20, 9), (22, 6), (21, 8), (12, 5), (23, 5), (8, 10), (10, 7), (19, 10), (11, 6), (24, 6), (22, 8), (21, 10), (12, 7), (14, 4), (23, 7), (17, 6), (8, 3), (19, 3), (10, 9), (11, 8), (16, 4), (15, 8), (20, 4), (21, 3), (12, 9), (14, 6), (23, 9), (17, 8), (8, 5), (19, 5), (9, 4), (11, 10), (15, 10), (20, 6), (18, 6), (21, 5), (17, 10), (8, 7), (10, 4), (9, 6), (11, 3), (19, 7), (13, 6), (15, 3), (18, 8), (21, 7)})
gi2: ((0, 0, 0, 0, 0, 0, 0, 0, 0, 0, 0), (0, 0, 0, 0, 0, 0, 0, 0, 0, 0, 0), (0, 0, 0, 0, 0, 0, 0, 0, 0, 0, 0), (0, 0, 0, 0, 0, 0, 0, 0, 0, 0, 0), (0, 0, 0, 0, 0, 0, 0, 0, 0, 0, 0), (0, 0, 0, 0, 0, 0, 0, 0, 0, 0, 0), (0, 0, 0, 0, 0, 0, 0, 0, 0, 0, 0), (0, 0, 0, 0, 0, 0, 0, 0, 0, 0, 0), (0, 0, 0, 7, 7, 7, 7, 7, 7, 7, 7), (0, 0, 0, 7, 7, 7, 7, 7, 7, 7, 7), (0, 0, 0, 7, 7, 7, 7, 7, 7, 7, 7), (0, 0, 0, 7, 7, 7, 7, 7, 7, 7, 7), (0, 0, 0, 7, 7, 7, 7, 7, 7, 7, 7), (0, 0, 0, 7, 7, 7, 7, 7, 7, 7, 7), (0, 0, 0, 7, 7, 7, 7, 7, 7, 7, 7), (0, 0, 0, 7, 7, 7, 7, 7, 7, 7, 7), (0, 0, 0, 7, 7, 7, 7, 7, 7, 7, 7), (0, 0, 0, 7, 7, 7, 7, 7, 7, 7, 7), (0, 0, 0, 7, 7, 7, 7, 7, 7, 7, 7), (0, 0, 0, 7, 7, 7, 7, 7, 7, 7, 7), (0, 0, 0, 7, 7, 7, 7, 7, 7, 7, 7), (0, 0, 0, 7, 7, 7, 7, 7, 7, 7, 7), (0, 0, 0, 7, 7, 7, 7, 7, 7, 7, 7), (0, 0, 0, 7, 7, 7, 7, 7, 7, 7, 7), (0, 0, 0, 7, 7, 7, 7, 7, 7, 7, 7), (0, 0, 0, 0, 0, 0, 0, 0, 0, 0, 0), (0, 0, 0, 0, 0, 0, 0, 0, 0, 0, 0))
oh: 14
ow: 6
loci: 1
locj: 1
col: 2
colopts after removal: (1, 3, 4, 5, 6, 8, 9)
obj: frozenset({(12, 4), (5, 1), (10, 6), (11, 5), (2, 2), (6, 2), (7, 1), (4, 2), (3, 6), (5, 3), (8, 2), (9, 1), (2, 4), (13, 1), (6, 4), (7, 3), (5, 5), (8, 4), (9, 3), (13, 3), (6, 6), (7, 5), (3, 1), (14, 1), (9, 5), (11, 2), (1, 3), (13, 5), (12, 6), (3, 3), (14, 3), (11, 4), (1, 5), (6, 1), (3, 5), (5, 2), (4, 4), (14, 5), (10, 1), (2, 6), (7, 2), (12, 1), (5, 4), (4, 6), (9, 2), (8, 6), (10, 3), (13, 2), (7, 4), (12, 3), (5, 6), (10, 5), (1, 2), (13, 4), (2, 1), (12, 5), (3, 2), (14, 2), (4, 1), (8, 1), (1, 4), (11, 6), (2, 3), (6, 3), (3, 4), (14, 4), (4, 3), (8, 3), (1, 6), (2, 5), (6, 5), (14, 6), (4, 5), (8, 5), (10, 2), (9, 4), (11, 1), (7, 6), (12, 2), (10, 4), (1, 1), (9, 6), (11, 3), (13, 6)})
gi2: ((0, 0, 0, 0, 0, 0, 0, 0, 0, 0, 0), (0, 2, 2, 2, 2, 2, 2, 0, 0, 0, 0), (0, 2, 2, 2, 2, 2, 2, 0, 0, 0, 0), (0, 2, 2, 2, 2, 2, 2, 0, 0, 0, 0), (0, 2, 2, 2, 2, 2, 2, 0, 0, 0, 0), (0, 2, 2, 2, 2, 2, 2, 0, 0, 0, 0), (0, 2, 2, 2, 2, 2, 2, 0, 0, 0, 0), (0, 2, 2, 2, 2, 2, 2, 0, 0, 0, 0), (0, 2, 2, 2, 2, 2, 2, 7, 7, 7, 7), (0, 2, 2, 2, 2, 2, 2, 7, 7, 7, 7), (0, 2, 2, 2, 2, 2, 2, 7, 7, 7, 7), (0, 2, 2, 2, 2, 2, 2, 7, 7, 7, 7), (0, 2, 2, 2, 2, 2, 2, 7, 7, 7, 7), (0, 2, 2, 2, 2, 2, 2, 7, 7, 7, 7), (0, 2, 2, 2, 2, 2, 2, 7, 7, 7, 7), (0, 0, 0, 7, 7, 7, 7, 7, 7, 7, 7), (0, 0, 0, 7, 7, 7, 7, 7, 7, 7, 7), (0, 0, 0, 7, 7, 7, 7, 7, 7, 7, 7), (0, 0, 0, 7, 7, 7, 7, 7, 7, 7, 7), (0, 0, 0, 7, 7, 7, 7, 7, 7, 7, 7), (0, 0, 0, 7, 7, 7, 7, 7, 7, 7, 7), (0, 0, 0, 7, 7, 7, 7, 7, 7, 7, 7), (0, 0, 0, 7, 7, 7, 7, 7, 7, 7, 7), (0, 0, 0, 7, 7, 7, 7, 7, 7, 7, 7), (0, 0, 0, 7, 7, 7, 7, 7, 7, 7, 7), (0, 0, 0, 0, 0, 0, 0, 0, 0, 0, 0), (0, 0, 0, 0, 0, 0, 0, 0, 0, 0, 0))
oh: 10
ow: 3
loci: 2
locj: 6
col: 8
colopts after removal: (1, 3, 4, 5, 6, 9)
obj: frozenset({(3, 7), (4, 6), (5, 7), (10, 6), (9, 8), (8, 6), (11, 8), (2, 8), (7, 7), (6, 8), (5, 6), (4, 8), (3, 6), (9, 7), (8, 8), (11, 7), (2, 7), (10, 8), (6, 7), (7, 6), (4, 7), (3, 8), (5, 8), (8, 7), (9, 6), (10, 7), (11, 6), (2, 6), (6, 6), (7, 8)})
gi2: ((0, 0, 0, 0, 0, 0, 0, 0, 0, 0, 0), (0, 2, 2, 2, 2, 2, 2, 0, 0, 0, 0), (0, 2, 2, 2, 2, 2, 8, 8, 8, 0, 0), (0, 2, 2, 2, 2, 2, 8, 8, 8, 0, 0), (0, 2, 2, 2, 2, 2, 8, 8, 8, 0, 0), (0, 2, 2, 2, 2, 2, 8, 8, 8, 0, 0), (0, 2, 2, 2, 2, 2, 8, 8, 8, 0, 0), (0, 2, 2, 2, 2, 2, 8, 8, 8, 0, 0), (0, 2, 2, 2, 2, 2, 8, 8, 8, 7, 7), (0, 2, 2, 2, 2, 2, 8, 8, 8, 7, 7), (0, 2, 2, 2, 2, 2, 8, 8, 8, 7, 7), (0, 2, 2, 2, 2, 2, 8, 8, 8, 7, 7), (0, 2, 2, 2, 2, 2, 2, 7, 7, 7, 7), (0, 2, 2, 2, 2, 2, 2, 7, 7, 7, 7), (0, 2, 2, 2, 2, 2, 2, 7, 7, 7, 7), (0, 0, 0, 7, 7, 7, 7, 7, 7, 7, 7), (0, 0, 0, 7, 7, 7, 7, 7, 7, 7, 7), (0, 0, 0, 7, 7, 7, 7, 7, 7, 7, 7), (0, 0, 0, 7, 7, 7, 7, 7, 7, 7, 7), (0, 0, 0, 7, 7, 7, 7, 7, 7, 7, 7), (0, 0, 0, 7, 7, 7, 7, 7, 7, 7, 7), (0, 0, 0, 7, 7, 7, 7, 7, 7, 7, 7), (0, 0, 0, 7, 7, 7, 7, 7, 7, 7, 7), (0, 0, 0, 7, 7, 7, 7, 7, 7, 7, 7), (0, 0, 0, 7, 7, 7, 7, 7, 7, 7, 7), (0, 0, 0, 0, 0, 0, 0, 0, 0, 0, 0), (0, 0, 0, 0, 0, 0, 0, 0, 0, 0, 0))
oh: 7
ow: 1
loci: 14
locj: 10
col: 4
colopts after removal: (1, 3, 5, 6, 9)
obj: frozenset({(16, 10), (17, 10), (18, 10), (19, 10), (14, 10), (20, 10), (15, 10)})
gi2: ((0, 0, 0, 0, 0, 0, 0, 0, 0, 0, 0), (0, 2, 2, 2, 2, 2, 2, 0, 0, 0, 0), (0, 2, 2, 2, 2, 2, 8, 8, 8, 0, 0), (0, 2, 2, 2, 2, 2, 8, 8, 8, 0, 0), (0, 2, 2, 2, 2, 2, 8, 8, 8, 0, 0), (0, 2, 2, 2, 2, 2, 8, 8, 8, 0, 0), (0, 2, 2, 2, 2, 2, 8, 8, 8, 0, 0), (0, 2, 2, 2, 2, 2, 8, 8, 8, 0, 0), (0, 2, 2, 2, 2, 2, 8, 8, 8, 7, 7), (0, 2, 2, 2, 2, 2, 8, 8, 8, 7, 7), (0, 2, 2, 2, 2, 2, 8, 8, 8, 7, 7), (0, 2, 2, 2, 2, 2, 8, 8, 8, 7, 7), (0, 2, 2, 2, 2, 2, 2, 7, 7, 7, 7), (0, 2, 2, 2, 2, 2, 2, 7, 7, 7, 7), (0, 2, 2, 2, 2, 2, 2, 7, 7, 7, 4), (0, 0, 0, 7, 7, 7, 7, 7, 7, 7, 4), (0, 0, 0, 7, 7, 7, 7, 7, 7, 7, 4), (0, 0, 0, 7, 7, 7, 7, 7, 7, 7, 4), (0, 0, 0, 7, 7, 7, 7, 7, 7, 7, 4), (0, 0, 0, 7, 7, 7, 7, 7, 7, 7, 4), (0, 0, 0, 7, 7, 7, 7, 7, 7, 7, 4), (0, 0, 0, 7, 7, 7, 7, 7, 7, 7, 7), (0, 0, 0, 7, 7, 7, 7, 7, 7, 7, 7), (0, 0, 0, 7, 7, 7, 7, 7, 7, 7, 7), (0, 0, 0, 7, 7, 7, 7, 7, 7, 7, 7), (0, 0, 0, 0, 0, 0, 0, 0, 0, 0, 0), (0, 0, 0, 0, 0, 0, 0, 0, 0, 0, 0))
oh: 5
ow: 0
