Modified Function Code:
from re_arc.dsl import *
def generate_253bf280(diff_lb: float = 0, diff_ub: float = 1) -> dict:
    print(f"diff_lb: {diff_lb}")
    print(f"diff_ub: {diff_ub}")
    
    dim_bounds = (3, 30)
    print(f"dim_bounds: {dim_bounds}")
    
    colopts = remove(3, interval(0, 10, 1))
    print(f"colopts: {colopts}")
    
    h = unifint(diff_lb, diff_ub, dim_bounds)
    print(f"h: {h}")
    
    w = unifint(diff_lb, diff_ub, dim_bounds)
    print(f"w: {w}")
    
    bgc = choice(colopts)
    print(f"bgc: {bgc}")
    
    c = canvas(bgc, (h, w))
    print(f"c: {c}")
    
    inds = totuple(asindices(c))
    print(f"inds: {inds}")
    
    card_bounds = (0, max(1, (h * w) // 4))
    print(f"card_bounds: {card_bounds}")
    
    num = unifint(diff_lb, diff_ub, card_bounds)
    print(f"num: {num}")
    
    s = sample(inds, num)
    print(f"s: {s}")
    
    fgcol = choice(remove(bgc, colopts))
    print(f"fgcol: {fgcol}")
    
    gi = fill(c, fgcol, s)
    print(f"gi: {gi}")
    
    resh = frozenset()
    for x, r in enumerate(gi):
        if r.count(fgcol) > 1:
            resh = combine(resh, connect((x, r.index(fgcol)), (x, -1 + w - r[::-1].index(fgcol))))
            print(f"resh: {resh}")
    
    return {'input': gi}

Printed Outputs:
diff_lb: 0
diff_ub: 1
dim_bounds: (3, 30)
colopts: (0, 1, 2, 4, 5, 6, 7, 8, 9)
h: 9
w: 21
bgc: 6
c: ((6, 6, 6, 6, 6, 6, 6, 6, 6, 6, 6, 6, 6, 6, 6, 6, 6, 6, 6, 6, 6), (6, 6, 6, 6, 6, 6, 6, 6, 6, 6, 6, 6, 6, 6, 6, 6, 6, 6, 6, 6, 6), (6, 6, 6, 6, 6, 6, 6, 6, 6, 6, 6, 6, 6, 6, 6, 6, 6, 6, 6, 6, 6), (6, 6, 6, 6, 6, 6, 6, 6, 6, 6, 6, 6, 6, 6, 6, 6, 6, 6, 6, 6, 6), (6, 6, 6, 6, 6, 6, 6, 6, 6, 6, 6, 6, 6, 6, 6, 6, 6, 6, 6, 6, 6), (6, 6, 6, 6, 6, 6, 6, 6, 6, 6, 6, 6, 6, 6, 6, 6, 6, 6, 6, 6, 6), (6, 6, 6, 6, 6, 6, 6, 6, 6, 6, 6, 6, 6, 6, 6, 6, 6, 6, 6, 6, 6), (6, 6, 6, 6, 6, 6, 6, 6, 6, 6, 6, 6, 6, 6, 6, 6, 6, 6, 6, 6, 6), (6, 6, 6, 6, 6, 6, 6, 6, 6, 6, 6, 6, 6, 6, 6, 6, 6, 6, 6, 6, 6))
inds: ((6, 18), (4, 0), (7, 17), (4, 9), (5, 1), (8, 0), (3, 13), (5, 10), (8, 9), (0, 5), (2, 2), (5, 19), (8, 18), (0, 14), (2, 11), (6, 2), (7, 1), (1, 15), (6, 11), (7, 10), (6, 20), (4, 2), (7, 19), (3, 6), (5, 3), (8, 2), (3, 15), (5, 12), (8, 11), (0, 7), (2, 4), (0, 16), (1, 8), (6, 4), (7, 3), (1, 17), (6, 13), (7, 12), (3, 8), (5, 5), (8, 4), (0, 0), (3, 17), (5, 14), (0, 9), (1, 10), (6, 6), (7, 5), (1, 19), (7, 14), (3, 1), (3, 10), (5, 7), (0, 2), (3, 19), (4, 18), (5, 16), (1, 3), (1, 12), (7, 7), (2, 20), (7, 16), (3, 3), (5, 0), (3, 12), (5, 9), (4, 11), (5, 18), (4, 20), (1, 5), (6, 1), (8, 20), (7, 0), (1, 14), (2, 13), (7, 9), (3, 5), (5, 2), (4, 4), (3, 14), (5, 11), (4, 13), (8, 13), (1, 7), (2, 6), (7, 2), (1, 16), (0, 18), (2, 15), (7, 11), (6, 15), (3, 7), (5, 4), (4, 6), (3, 16), (5, 13), (4, 15), (8, 6), (1, 0), (8, 15), (1, 9), (0, 11), (2, 8), (7, 4), (1, 18), (0, 20), (2, 17), (6, 8), (3, 0), (6, 17), (3, 9), (5, 6), (4, 8), (3, 18), (4, 17), (8, 8), (1, 2), (0, 4), (2, 1), (8, 17), (1, 11), (0, 13), (2, 10), (1, 20), (2, 19), (6, 10), (3, 2), (6, 19), (4, 1), (7, 18), (3, 11), (4, 10), (4, 19), (8, 1), (8, 10), (1, 4), (0, 6), (2, 3), (5, 20), (8, 19), (1, 13), (0, 15), (2, 12), (6, 3), (6, 12), (3, 4), (4, 3), (7, 20), (4, 12), (8, 3), (8, 12), (1, 6), (0, 8), (2, 5), (0, 17), (2, 14), (6, 5), (6, 14), (7, 13), (4, 5), (4, 14), (8, 5), (0, 1), (5, 15), (8, 14), (0, 10), (2, 7), (0, 19), (2, 16), (6, 7), (7, 6), (6, 16), (7, 15), (4, 7), (4, 16), (5, 8), (8, 7), (1, 1), (0, 3), (2, 0), (3, 20), (5, 17), (8, 16), (0, 12), (2, 9), (2, 18), (6, 0), (6, 9), (7, 8))
card_bounds: (0, 47)
num: 38
s: [(4, 17), (3, 16), (5, 13), (0, 6), (2, 13), (7, 12), (5, 9), (5, 0), (0, 19), (4, 20), (8, 4), (1, 15), (7, 20), (0, 1), (5, 6), (3, 17), (1, 6), (2, 8), (1, 8), (7, 14), (5, 7), (1, 20), (1, 12), (8, 8), (4, 10), (8, 16), (3, 11), (3, 8), (4, 14), (8, 15), (0, 18), (1, 4), (1, 11), (1, 3), (0, 13), (5, 1), (6, 2), (5, 3)]
fgcol: 4
gi: ((6, 4, 6, 6, 6, 6, 4, 6, 6, 6, 6, 6, 6, 4, 6, 6, 6, 6, 4, 4, 6), (6, 6, 6, 4, 4, 6, 4, 6, 4, 6, 6, 4, 4, 6, 6, 4, 6, 6, 6, 6, 4), (6, 6, 6, 6, 6, 6, 6, 6, 4, 6, 6, 6, 6, 4, 6, 6, 6, 6, 6, 6, 6), (6, 6, 6, 6, 6, 6, 6, 6, 4, 6, 6, 4, 6, 6, 6, 6, 4, 4, 6, 6, 6), (6, 6, 6, 6, 6, 6, 6, 6, 6, 6, 4, 6, 6, 6, 4, 6, 6, 4, 6, 6, 4), (4, 4, 6, 4, 6, 6, 4, 4, 6, 4, 6, 6, 6, 4, 6, 6, 6, 6, 6, 6, 6), (6, 6, 4, 6, 6, 6, 6, 6, 6, 6, 6, 6, 6, 6, 6, 6, 6, 6, 6, 6, 6), (6, 6, 6, 6, 6, 6, 6, 6, 6, 6, 6, 6, 4, 6, 4, 6, 6, 6, 6, 6, 4), (6, 6, 6, 6, 4, 6, 6, 6, 4, 6, 6, 6, 6, 6, 6, 4, 4, 6, 6, 6, 6))
resh: frozenset({(0, 2), (0, 5), (0, 8), (0, 14), (0, 11), (0, 17), (0, 1), (0, 7), (0, 4), (0, 10), (0, 16), (0, 13), (0, 19), (0, 3), (0, 9), (0, 6), (0, 12), (0, 15), (0, 18)})
resh: frozenset({(0, 2), (0, 5), (1, 6), (0, 8), (0, 14), (1, 3), (1, 9), (0, 11), (0, 17), (1, 12), (1, 18), (1, 15), (0, 1), (0, 7), (0, 4), (0, 10), (0, 16), (1, 5), (1, 11), (0, 13), (0, 19), (1, 8), (1, 14), (1, 20), (1, 17), (0, 3), (0, 9), (1, 4), (0, 6), (0, 12), (1, 7), (1, 13), (0, 15), (1, 10), (1, 16), (0, 18), (1, 19)})
resh: frozenset({(0, 2), (0, 5), (1, 6), (0, 8), (0, 14), (1, 3), (1, 9), (0, 11), (0, 17), (2, 11), (1, 12), (1, 18), (2, 8), (1, 15), (0, 1), (0, 7), (0, 4), (0, 10), (0, 16), (1, 5), (1, 11), (0, 13), (0, 19), (1, 8), (1, 14), (1, 20), (2, 10), (2, 13), (1, 17), (0, 3), (0, 9), (1, 4), (0, 6), (0, 12), (2, 9), (1, 7), (1, 13), (0, 15), (2, 12), (1, 10), (1, 16), (0, 18), (1, 19)})
resh: frozenset({(3, 10), (3, 16), (3, 13), (0, 2), (0, 5), (1, 6), (0, 8), (0, 14), (2, 11), (1, 3), (1, 9), (2, 8), (0, 11), (1, 12), (1, 18), (0, 17), (1, 15), (3, 9), (3, 12), (3, 15), (0, 1), (0, 7), (0, 4), (0, 10), (0, 16), (1, 5), (1, 11), (0, 13), (0, 19), (1, 8), (1, 14), (1, 20), (2, 10), (2, 13), (1, 17), (3, 11), (3, 8), (3, 14), (3, 17), (0, 3), (0, 9), (1, 4), (0, 6), (0, 12), (2, 9), (1, 7), (1, 13), (0, 15), (2, 12), (1, 10), (1, 16), (0, 18), (1, 19)})
resh: frozenset({(4, 12), (3, 10), (3, 16), (4, 15), (3, 13), (0, 2), (4, 18), (0, 5), (1, 6), (0, 8), (0, 14), (1, 3), (2, 11), (1, 9), (0, 17), (0, 11), (1, 12), (1, 18), (2, 8), (1, 15), (3, 9), (4, 14), (3, 12), (4, 11), (4, 17), (3, 15), (4, 20), (0, 1), (0, 7), (0, 4), (0, 10), (0, 16), (1, 5), (1, 11), (0, 13), (0, 19), (1, 8), (1, 14), (1, 20), (2, 10), (2, 13), (1, 17), (3, 11), (4, 10), (3, 8), (3, 14), (4, 16), (4, 13), (4, 19), (3, 17), (0, 3), (0, 9), (1, 4), (0, 6), (0, 12), (2, 9), (1, 7), (1, 13), (0, 15), (2, 12), (1, 10), (1, 16), (0, 18), (1, 19)})
resh: frozenset({(5, 1), (3, 13), (5, 10), (0, 5), (0, 14), (2, 11), (1, 15), (5, 3), (3, 15), (5, 12), (0, 7), (0, 16), (1, 8), (1, 17), (3, 8), (5, 5), (3, 17), (0, 9), (1, 10), (1, 19), (3, 10), (5, 7), (0, 2), (4, 18), (1, 3), (1, 12), (5, 0), (3, 12), (5, 9), (4, 11), (4, 20), (1, 5), (1, 14), (2, 13), (5, 2), (3, 14), (5, 11), (4, 13), (1, 7), (1, 16), (0, 18), (5, 4), (3, 16), (5, 13), (4, 15), (1, 9), (0, 11), (2, 8), (1, 18), (3, 9), (5, 6), (4, 17), (0, 4), (1, 11), (0, 13), (2, 10), (1, 20), (3, 11), (4, 10), (4, 19), (1, 4), (0, 6), (1, 13), (0, 15), (2, 12), (4, 12), (1, 6), (0, 8), (0, 17), (4, 14), (0, 1), (0, 10), (0, 19), (4, 16), (5, 8), (0, 3), (0, 12), (2, 9)})
resh: frozenset({(7, 17), (5, 1), (3, 13), (5, 10), (0, 5), (0, 14), (2, 11), (1, 15), (7, 19), (5, 3), (3, 15), (5, 12), (0, 7), (0, 16), (1, 8), (1, 17), (7, 12), (3, 8), (5, 5), (3, 17), (0, 9), (1, 10), (1, 19), (7, 14), (3, 10), (5, 7), (0, 2), (4, 18), (1, 3), (1, 12), (7, 16), (5, 0), (3, 12), (5, 9), (4, 11), (4, 20), (1, 5), (1, 14), (2, 13), (5, 2), (3, 14), (5, 11), (4, 13), (1, 7), (1, 16), (0, 18), (5, 4), (3, 16), (5, 13), (4, 15), (1, 9), (0, 11), (2, 8), (1, 18), (3, 9), (5, 6), (4, 17), (0, 4), (1, 11), (0, 13), (2, 10), (1, 20), (7, 18), (3, 11), (4, 10), (4, 19), (1, 4), (0, 6), (1, 13), (0, 15), (2, 12), (7, 20), (4, 12), (1, 6), (0, 8), (0, 17), (7, 13), (4, 14), (0, 1), (0, 10), (0, 19), (7, 15), (4, 16), (5, 8), (0, 3), (0, 12), (2, 9)})
resh: frozenset({(7, 17), (5, 1), (3, 13), (5, 10), (8, 9), (0, 5), (0, 14), (2, 11), (1, 15), (7, 19), (5, 3), (3, 15), (5, 12), (8, 11), (0, 7), (0, 16), (1, 8), (1, 17), (7, 12), (3, 8), (5, 5), (8, 4), (3, 17), (0, 9), (1, 10), (1, 19), (7, 14), (3, 10), (5, 7), (0, 2), (4, 18), (1, 3), (1, 12), (7, 16), (5, 0), (3, 12), (5, 9), (4, 11), (4, 20), (1, 5), (1, 14), (2, 13), (5, 2), (3, 14), (5, 11), (4, 13), (8, 13), (1, 7), (1, 16), (0, 18), (5, 4), (3, 16), (5, 13), (4, 15), (8, 6), (8, 15), (1, 9), (0, 11), (2, 8), (1, 18), (3, 9), (5, 6), (4, 17), (8, 8), (0, 4), (1, 11), (0, 13), (2, 10), (1, 20), (7, 18), (3, 11), (4, 10), (4, 19), (8, 10), (1, 4), (0, 6), (1, 13), (0, 15), (2, 12), (7, 20), (4, 12), (8, 12), (1, 6), (0, 8), (0, 17), (7, 13), (4, 14), (8, 5), (0, 1), (8, 14), (0, 10), (0, 19), (7, 15), (4, 16), (5, 8), (8, 7), (0, 3), (8, 16), (0, 12), (2, 9)})
