Modified Function Code:
from re_arc.dsl import *
def generate_25d487eb() -> dict:
    diff_lb = 0
    diff_ub = 1
    print(f"diff_lb: {diff_lb}, diff_ub: {diff_ub}")

    cols = interval(0, 10, 1)
    print(f"cols: {cols}")

    h = unifint(diff_lb, diff_ub, (10, 30))
    print(f"h: {h}")

    w = unifint(diff_lb, diff_ub, (10, 30))
    print(f"w: {w}")

    bgc = choice(cols)
    print(f"bgc: {bgc}")

    remcols = remove(bgc, cols)
    print(f"remcols: {remcols}")

    ncols = unifint(diff_lb, diff_ub, (2, 8))
    print(f"ncols: {ncols}")

    ccols = sample(remcols, ncols)
    print(f"ccols: {ccols}")

    gi = canvas(bgc, (h, w))
    print(f"gi: {gi}")

    nobjs = unifint(diff_lb, diff_ub, (1, (h * w) // 30))
    print(f"nobjs: {nobjs}")

    succ = 0
    tr = 0
    maxtr = 10 * nobjs
    print(f"maxtr: {maxtr}")

    inds = asindices(gi)
    print(f"inds: {inds}")

    while tr < maxtr and succ < nobjs:
        if len(inds) == 0:
            break
        tr += 1
        print(f"tr: {tr}")

        dim = randint(1, 3)
        print(f"dim: {dim}")

        obj = backdrop(frozenset({(0, 0), (dim, dim)}))
        print(f"obj: {obj}")

        obj = sfilter(obj, lambda ij: ij[0] <= ij[1])
        print(f"obj after sfilter: {obj}")

        obj = obj | shift(vmirror(obj), (0, dim))
        print(f"obj after shift: {obj}")

        mp = {(0, dim)}
        print(f"mp: {mp}")

        tric, linc = sample(ccols, 2)
        print(f"tric: {tric}, linc: {linc}")

        inobj = recolor(tric, obj - mp) | recolor(linc, mp)
        print(f"inobj: {inobj}")

        loc = choice(totuple(inds))
        print(f"loc: {loc}")

        iplcd = shift(inobj, loc)
        print(f"iplcd: {iplcd}")

        loci, locj = loc
        oplcd = iplcd | recolor(linc, connect((loci, locj + dim), (h - 1, locj + dim)) - toindices(iplcd))
        print(f"oplcd: {oplcd}")

        fullinds = asindices(gi)
        print(f"fullinds: {fullinds}")

        oplcdi = toindices(oplcd)
        print(f"oplcdi: {oplcdi}")

        if oplcdi.issubset(inds):
            succ += 1
            gi = paint(gi, iplcd)
            print(f"gi after paint: {gi}")

        rotf = choice((identity, rot90, rot180, rot270))
        gi = rotf(gi)
        print(f"gi after rotation: {gi}")

        h, w = shape(gi)
        print(f"h, w after shape: {h}, {w}")

    return {'input': gi}

Printed Outputs:
diff_lb: 0, diff_ub: 1
cols: (0, 1, 2, 3, 4, 5, 6, 7, 8, 9)
h: 28
w: 22
bgc: 4
remcols: (0, 1, 2, 3, 5, 6, 7, 8, 9)
ncols: 5
ccols: [6, 0, 3, 8, 7]
gi: ((4, 4, 4, 4, 4, 4, 4, 4, 4, 4, 4, 4, 4, 4, 4, 4, 4, 4, 4, 4, 4, 4), (4, 4, 4, 4, 4, 4, 4, 4, 4, 4, 4, 4, 4, 4, 4, 4, 4, 4, 4, 4, 4, 4), (4, 4, 4, 4, 4, 4, 4, 4, 4, 4, 4, 4, 4, 4, 4, 4, 4, 4, 4, 4, 4, 4), (4, 4, 4, 4, 4, 4, 4, 4, 4, 4, 4, 4, 4, 4, 4, 4, 4, 4, 4, 4, 4, 4), (4, 4, 4, 4, 4, 4, 4, 4, 4, 4, 4, 4, 4, 4, 4, 4, 4, 4, 4, 4, 4, 4), (4, 4, 4, 4, 4, 4, 4, 4, 4, 4, 4, 4, 4, 4, 4, 4, 4, 4, 4, 4, 4, 4), (4, 4, 4, 4, 4, 4, 4, 4, 4, 4, 4, 4, 4, 4, 4, 4, 4, 4, 4, 4, 4, 4), (4, 4, 4, 4, 4, 4, 4, 4, 4, 4, 4, 4, 4, 4, 4, 4, 4, 4, 4, 4, 4, 4), (4, 4, 4, 4, 4, 4, 4, 4, 4, 4, 4, 4, 4, 4, 4, 4, 4, 4, 4, 4, 4, 4), (4, 4, 4, 4, 4, 4, 4, 4, 4, 4, 4, 4, 4, 4, 4, 4, 4, 4, 4, 4, 4, 4), (4, 4, 4, 4, 4, 4, 4, 4, 4, 4, 4, 4, 4, 4, 4, 4, 4, 4, 4, 4, 4, 4), (4, 4, 4, 4, 4, 4, 4, 4, 4, 4, 4, 4, 4, 4, 4, 4, 4, 4, 4, 4, 4, 4), (4, 4, 4, 4, 4, 4, 4, 4, 4, 4, 4, 4, 4, 4, 4, 4, 4, 4, 4, 4, 4, 4), (4, 4, 4, 4, 4, 4, 4, 4, 4, 4, 4, 4, 4, 4, 4, 4, 4, 4, 4, 4, 4, 4), (4, 4, 4, 4, 4, 4, 4, 4, 4, 4, 4, 4, 4, 4, 4, 4, 4, 4, 4, 4, 4, 4), (4, 4, 4, 4, 4, 4, 4, 4, 4, 4, 4, 4, 4, 4, 4, 4, 4, 4, 4, 4, 4, 4), (4, 4, 4, 4, 4, 4, 4, 4, 4, 4, 4, 4, 4, 4, 4, 4, 4, 4, 4, 4, 4, 4), (4, 4, 4, 4, 4, 4, 4, 4, 4, 4, 4, 4, 4, 4, 4, 4, 4, 4, 4, 4, 4, 4), (4, 4, 4, 4, 4, 4, 4, 4, 4, 4, 4, 4, 4, 4, 4, 4, 4, 4, 4, 4, 4, 4), (4, 4, 4, 4, 4, 4, 4, 4, 4, 4, 4, 4, 4, 4, 4, 4, 4, 4, 4, 4, 4, 4), (4, 4, 4, 4, 4, 4, 4, 4, 4, 4, 4, 4, 4, 4, 4, 4, 4, 4, 4, 4, 4, 4), (4, 4, 4, 4, 4, 4, 4, 4, 4, 4, 4, 4, 4, 4, 4, 4, 4, 4, 4, 4, 4, 4), (4, 4, 4, 4, 4, 4, 4, 4, 4, 4, 4, 4, 4, 4, 4, 4, 4, 4, 4, 4, 4, 4), (4, 4, 4, 4, 4, 4, 4, 4, 4, 4, 4, 4, 4, 4, 4, 4, 4, 4, 4, 4, 4, 4), (4, 4, 4, 4, 4, 4, 4, 4, 4, 4, 4, 4, 4, 4, 4, 4, 4, 4, 4, 4, 4, 4), (4, 4, 4, 4, 4, 4, 4, 4, 4, 4, 4, 4, 4, 4, 4, 4, 4, 4, 4, 4, 4, 4), (4, 4, 4, 4, 4, 4, 4, 4, 4, 4, 4, 4, 4, 4, 4, 4, 4, 4, 4, 4, 4, 4), (4, 4, 4, 4, 4, 4, 4, 4, 4, 4, 4, 4, 4, 4, 4, 4, 4, 4, 4, 4, 4, 4))
nobjs: 4
maxtr: 40
inds: frozenset({(15, 21), (26, 21), (7, 17), (18, 17), (27, 4), (8, 0), (19, 0), (27, 13), (8, 9), (19, 9), (0, 5), (11, 5), (8, 18), (19, 18), (0, 14), (11, 14), (4, 2), (22, 10), (3, 6), (22, 19), (3, 15), (14, 15), (15, 7), (26, 7), (7, 3), (18, 3), (15, 16), (26, 16), (7, 12), (18, 12), (7, 21), (18, 21), (27, 8), (8, 4), (19, 4), (0, 0), (11, 0), (0, 9), (11, 9), (25, 11), (25, 20), (22, 5), (3, 1), (14, 1), (22, 14), (3, 10), (14, 10), (3, 19), (14, 19), (15, 2), (26, 2), (15, 11), (26, 11), (7, 7), (18, 7), (26, 20), (7, 16), (18, 16), (21, 18), (11, 4), (10, 8), (25, 6), (10, 17), (2, 13), (25, 15), (22, 0), (22, 9), (3, 5), (14, 5), (22, 18), (3, 14), (14, 14), (15, 6), (26, 6), (7, 2), (18, 2), (7, 11), (18, 11), (6, 15), (21, 13), (10, 3), (25, 1), (10, 12), (2, 8), (25, 10), (10, 21), (2, 17), (25, 19), (22, 4), (3, 0), (14, 0), (22, 13), (3, 9), (14, 9), (3, 18), (14, 18), (26, 1), (17, 20), (6, 10), (21, 8), (6, 19), (21, 17), (10, 7), (2, 3), (25, 5), (10, 16), (2, 12), (25, 14), (2, 21), (22, 8), (3, 4), (14, 4), (17, 6), (17, 15), (9, 11), (9, 20), (6, 5), (21, 3), (6, 14), (21, 12), (21, 21), (10, 2), (25, 0), (10, 11), (2, 7), (25, 9), (2, 16), (13, 13), (24, 13), (16, 18), (17, 1), (5, 8), (17, 10), (9, 6), (5, 17), (17, 19), (9, 15), (6, 0), (6, 9), (21, 7), (6, 18), (21, 16), (20, 20), (10, 6), (2, 2), (2, 11), (13, 8), (24, 8), (1, 15), (13, 17), (24, 17), (16, 13), (5, 3), (17, 5), (9, 1), (5, 12), (17, 14), (9, 10), (5, 21), (9, 19), (6, 4), (21, 2), (6, 13), (20, 15), (12, 20), (23, 20), (13, 3), (24, 3), (1, 10), (13, 12), (24, 12), (16, 8), (1, 19), (13, 21), (24, 21), (16, 17), (17, 0), (5, 7), (17, 9), (9, 5), (5, 16), (9, 14), (20, 1), (20, 10), (12, 6), (23, 6), (20, 19), (12, 15), (23, 15), (4, 11), (4, 20), (1, 5), (13, 7), (24, 7), (16, 3), (1, 14), (13, 16), (24, 16), (16, 12), (16, 21), (5, 2), (17, 4), (9, 0), (5, 11), (9, 9), (27, 17), (8, 13), (19, 13), (0, 18), (11, 18), (20, 5), (12, 1), (23, 1), (20, 14), (12, 10), (23, 10), (4, 6), (12, 19), (23, 19), (4, 15), (1, 0), (13, 2), (24, 2), (1, 9), (13, 11), (24, 11), (16, 7), (1, 18), (16, 16), (15, 20), (5, 6), (18, 8), (27, 3), (27, 12), (8, 8), (19, 8), (27, 21), (0, 4), (8, 17), (19, 17), (0, 13), (11, 13), (20, 0), (20, 9), (12, 5), (23, 5), (20, 18), (4, 1), (12, 14), (23, 14), (4, 10), (4, 19), (1, 4), (24, 6), (16, 2), (1, 13), (15, 15), (26, 15), (7, 20), (18, 20), (27, 7), (8, 3), (19, 3), (27, 16), (8, 12), (19, 12), (0, 8), (11, 8), (8, 21), (19, 21), (0, 17), (11, 17), (20, 4), (12, 0), (23, 0), (20, 13), (12, 9), (23, 9), (4, 5), (23, 18), (4, 14), (15, 1), (15, 10), (26, 10), (7, 6), (18, 6), (15, 19), (26, 19), (7, 15), (18, 15), (27, 2), (27, 11), (8, 7), (19, 7), (27, 20), (11, 3), (0, 3), (8, 16), (19, 16), (0, 12), (11, 12), (0, 21), (11, 21), (12, 4), (23, 4), (4, 0), (4, 9), (22, 17), (3, 13), (14, 13), (15, 5), (26, 5), (7, 1), (18, 1), (15, 14), (26, 14), (7, 10), (18, 10), (7, 19), (18, 19), (27, 6), (8, 2), (19, 2), (8, 11), (19, 11), (0, 7), (11, 7), (0, 16), (11, 16), (10, 20), (25, 18), (22, 3), (22, 12), (3, 8), (14, 8), (22, 21), (3, 17), (14, 17), (15, 0), (26, 0), (15, 9), (26, 9), (7, 5), (18, 5), (15, 18), (26, 18), (7, 14), (18, 14), (27, 1), (19, 6), (0, 2), (11, 2), (25, 4), (10, 15), (25, 13), (2, 20), (22, 7), (3, 3), (14, 3), (22, 16), (3, 12), (14, 12), (3, 21), (14, 21), (15, 4), (26, 4), (7, 0), (18, 0), (15, 13), (26, 13), (7, 9), (18, 9), (18, 18), (21, 11), (21, 20), (10, 1), (10, 10), (2, 6), (25, 8), (10, 19), (2, 15), (25, 17), (22, 2), (22, 11), (3, 7), (14, 7), (22, 20), (3, 16), (14, 16), (17, 18), (7, 4), (18, 4), (26, 12), (6, 8), (21, 6), (6, 17), (21, 15), (10, 5), (2, 1), (25, 3), (10, 14), (2, 10), (25, 12), (2, 19), (25, 21), (22, 6), (3, 2), (14, 2), (3, 11), (14, 11), (17, 13), (5, 20), (9, 18), (6, 3), (21, 1), (6, 12), (21, 10), (6, 21), (21, 19), (10, 0), (10, 9), (2, 5), (25, 7), (10, 18), (2, 14), (25, 16), (22, 1), (13, 20), (24, 20), (14, 6), (17, 8), (9, 4), (5, 15), (17, 17), (9, 13), (6, 7), (21, 5), (6, 16), (21, 14), (10, 4), (2, 0), (25, 2), (10, 13), (2, 9), (13, 6), (2, 18), (13, 15), (24, 15), (16, 11), (16, 20), (5, 1), (17, 3), (5, 10), (17, 12), (9, 8), (5, 19), (17, 21), (9, 17), (6, 2), (21, 0), (6, 11), (21, 9), (6, 20), (12, 18), (2, 4), (13, 1), (24, 1), (1, 8), (13, 10), (24, 10), (16, 6), (1, 17), (13, 19), (24, 19), (16, 15), (5, 5), (17, 7), (9, 3), (5, 14), (17, 16), (9, 12), (9, 21), (6, 6), (21, 4), (20, 8), (20, 17), (12, 13), (23, 13), (4, 18), (1, 3), (13, 5), (24, 5), (16, 1), (1, 12), (13, 14), (24, 14), (16, 10), (1, 21), (16, 19), (5, 0), (17, 2), (5, 9), (17, 11), (9, 7), (5, 18), (9, 16), (27, 15), (6, 1), (8, 20), (19, 20), (20, 3), (20, 12), (12, 8), (23, 8), (20, 21), (4, 4), (12, 17), (23, 17), (4, 13), (13, 0), (24, 0), (1, 7), (13, 9), (24, 9), (16, 5), (1, 16), (13, 18), (24, 18), (16, 14), (5, 4), (9, 2), (5, 13), (27, 10), (8, 6), (27, 19), (8, 15), (19, 15), (0, 11), (11, 11), (0, 20), (11, 20), (20, 7), (12, 3), (23, 3), (20, 16), (12, 12), (23, 12), (4, 8), (12, 21), (23, 21), (4, 17), (1, 2), (13, 4), (24, 4), (16, 0), (1, 11), (16, 9), (1, 20), (7, 18), (27, 5), (8, 1), (19, 1), (27, 14), (8, 10), (19, 10), (0, 6), (11, 6), (8, 19), (19, 19), (0, 15), (11, 15), (20, 2), (20, 11), (12, 7), (23, 7), (4, 3), (12, 16), (23, 16), (4, 12), (4, 21), (1, 6), (16, 4), (15, 8), (26, 8), (15, 17), (26, 17), (7, 13), (18, 13), (27, 0), (27, 9), (8, 5), (19, 5), (27, 18), (0, 1), (11, 1), (8, 14), (19, 14), (0, 10), (11, 10), (0, 19), (11, 19), (20, 6), (12, 2), (23, 2), (12, 11), (23, 11), (4, 7), (4, 16), (22, 15), (1, 1), (3, 20), (14, 20), (15, 3), (26, 3), (15, 12), (7, 8)})
tr: 1
dim: 2
obj: frozenset({(0, 1), (1, 2), (2, 1), (0, 0), (1, 1), (2, 0), (0, 2), (2, 2), (1, 0)})
obj after sfilter: frozenset({(0, 1), (1, 2), (0, 0), (1, 1), (0, 2), (2, 2)})
obj after shift: frozenset({(0, 1), (1, 2), (0, 4), (0, 0), (1, 1), (0, 3), (0, 2), (2, 2), (1, 3)})
mp: {(0, 2)}
tric: 7, linc: 0
inobj: frozenset({(7, (1, 3)), (7, (0, 0)), (7, (1, 2)), (0, (0, 2)), (7, (0, 4)), (7, (0, 1)), (7, (1, 1)), (7, (0, 3)), (7, (2, 2))})
loc: (23, 15)
iplcd: frozenset({(7, (23, 16)), (7, (24, 16)), (7, (24, 18)), (7, (25, 17)), (7, (23, 18)), (7, (24, 17)), (7, (23, 15)), (0, (23, 17)), (7, (23, 19))})
oplcd: frozenset({(7, (23, 16)), (7, (24, 16)), (7, (24, 18)), (7, (25, 17)), (7, (23, 18)), (7, (24, 17)), (7, (23, 15)), (0, (23, 17)), (7, (23, 19)), (0, (26, 17)), (0, (27, 17))})
fullinds: frozenset({(15, 21), (26, 21), (7, 17), (18, 17), (27, 4), (8, 0), (19, 0), (27, 13), (8, 9), (19, 9), (0, 5), (11, 5), (8, 18), (19, 18), (0, 14), (11, 14), (4, 2), (22, 10), (3, 6), (22, 19), (3, 15), (14, 15), (15, 7), (26, 7), (7, 3), (18, 3), (15, 16), (26, 16), (7, 12), (18, 12), (7, 21), (18, 21), (27, 8), (8, 4), (19, 4), (0, 0), (11, 0), (0, 9), (11, 9), (25, 11), (25, 20), (22, 5), (3, 1), (14, 1), (22, 14), (3, 10), (14, 10), (3, 19), (14, 19), (15, 2), (26, 2), (15, 11), (26, 11), (7, 7), (18, 7), (26, 20), (7, 16), (18, 16), (21, 18), (11, 4), (10, 8), (25, 6), (10, 17), (2, 13), (25, 15), (22, 0), (22, 9), (3, 5), (14, 5), (22, 18), (3, 14), (14, 14), (15, 6), (26, 6), (7, 2), (18, 2), (7, 11), (18, 11), (6, 15), (21, 13), (10, 3), (25, 1), (10, 12), (2, 8), (25, 10), (10, 21), (2, 17), (25, 19), (22, 4), (3, 0), (14, 0), (22, 13), (3, 9), (14, 9), (3, 18), (14, 18), (26, 1), (17, 20), (6, 10), (21, 8), (6, 19), (21, 17), (10, 7), (2, 3), (25, 5), (10, 16), (2, 12), (25, 14), (2, 21), (22, 8), (3, 4), (14, 4), (17, 6), (17, 15), (9, 11), (9, 20), (6, 5), (21, 3), (6, 14), (21, 12), (21, 21), (10, 2), (25, 0), (10, 11), (2, 7), (25, 9), (2, 16), (13, 13), (24, 13), (16, 18), (17, 1), (5, 8), (17, 10), (9, 6), (5, 17), (17, 19), (9, 15), (6, 0), (6, 9), (21, 7), (6, 18), (21, 16), (20, 20), (10, 6), (2, 2), (2, 11), (13, 8), (24, 8), (1, 15), (13, 17), (24, 17), (16, 13), (5, 3), (17, 5), (9, 1), (5, 12), (17, 14), (9, 10), (5, 21), (9, 19), (6, 4), (21, 2), (6, 13), (20, 15), (12, 20), (23, 20), (13, 3), (24, 3), (1, 10), (13, 12), (24, 12), (16, 8), (1, 19), (13, 21), (24, 21), (16, 17), (17, 0), (5, 7), (17, 9), (9, 5), (5, 16), (9, 14), (20, 1), (20, 10), (12, 6), (23, 6), (20, 19), (12, 15), (23, 15), (4, 11), (4, 20), (1, 5), (13, 7), (24, 7), (16, 3), (1, 14), (13, 16), (24, 16), (16, 12), (16, 21), (5, 2), (17, 4), (9, 0), (5, 11), (9, 9), (27, 17), (8, 13), (19, 13), (0, 18), (11, 18), (20, 5), (12, 1), (23, 1), (20, 14), (12, 10), (23, 10), (4, 6), (12, 19), (23, 19), (4, 15), (1, 0), (13, 2), (24, 2), (1, 9), (13, 11), (24, 11), (16, 7), (1, 18), (16, 16), (15, 20), (5, 6), (18, 8), (27, 3), (27, 12), (8, 8), (19, 8), (27, 21), (0, 4), (8, 17), (19, 17), (0, 13), (11, 13), (20, 0), (20, 9), (12, 5), (23, 5), (20, 18), (4, 1), (12, 14), (23, 14), (4, 10), (4, 19), (1, 4), (24, 6), (16, 2), (1, 13), (15, 15), (26, 15), (7, 20), (18, 20), (27, 7), (8, 3), (19, 3), (27, 16), (8, 12), (19, 12), (0, 8), (11, 8), (8, 21), (19, 21), (0, 17), (11, 17), (20, 4), (12, 0), (23, 0), (20, 13), (12, 9), (23, 9), (4, 5), (23, 18), (4, 14), (15, 1), (15, 10), (26, 10), (7, 6), (18, 6), (15, 19), (26, 19), (7, 15), (18, 15), (27, 2), (27, 11), (8, 7), (19, 7), (27, 20), (11, 3), (0, 3), (8, 16), (19, 16), (0, 12), (11, 12), (0, 21), (11, 21), (12, 4), (23, 4), (4, 0), (4, 9), (22, 17), (3, 13), (14, 13), (15, 5), (26, 5), (7, 1), (18, 1), (15, 14), (26, 14), (7, 10), (18, 10), (7, 19), (18, 19), (27, 6), (8, 2), (19, 2), (8, 11), (19, 11), (0, 7), (11, 7), (0, 16), (11, 16), (10, 20), (25, 18), (22, 3), (22, 12), (3, 8), (14, 8), (22, 21), (3, 17), (14, 17), (15, 0), (26, 0), (15, 9), (26, 9), (7, 5), (18, 5), (15, 18), (26, 18), (7, 14), (18, 14), (27, 1), (19, 6), (0, 2), (11, 2), (25, 4), (10, 15), (25, 13), (2, 20), (22, 7), (3, 3), (14, 3), (22, 16), (3, 12), (14, 12), (3, 21), (14, 21), (15, 4), (26, 4), (7, 0), (18, 0), (15, 13), (26, 13), (7, 9), (18, 9), (18, 18), (21, 11), (21, 20), (10, 1), (10, 10), (2, 6), (25, 8), (10, 19), (2, 15), (25, 17), (22, 2), (22, 11), (3, 7), (14, 7), (22, 20), (3, 16), (14, 16), (17, 18), (7, 4), (18, 4), (26, 12), (6, 8), (21, 6), (6, 17), (21, 15), (10, 5), (2, 1), (25, 3), (10, 14), (2, 10), (25, 12), (2, 19), (25, 21), (22, 6), (3, 2), (14, 2), (3, 11), (14, 11), (17, 13), (5, 20), (9, 18), (6, 3), (21, 1), (6, 12), (21, 10), (6, 21), (21, 19), (10, 0), (10, 9), (2, 5), (25, 7), (10, 18), (2, 14), (25, 16), (22, 1), (13, 20), (24, 20), (14, 6), (17, 8), (9, 4), (5, 15), (17, 17), (9, 13), (6, 7), (21, 5), (6, 16), (21, 14), (10, 4), (2, 0), (25, 2), (10, 13), (2, 9), (13, 6), (2, 18), (13, 15), (24, 15), (16, 11), (16, 20), (5, 1), (17, 3), (5, 10), (17, 12), (9, 8), (5, 19), (17, 21), (9, 17), (6, 2), (21, 0), (6, 11), (21, 9), (6, 20), (12, 18), (2, 4), (13, 1), (24, 1), (1, 8), (13, 10), (24, 10), (16, 6), (1, 17), (13, 19), (24, 19), (16, 15), (5, 5), (17, 7), (9, 3), (5, 14), (17, 16), (9, 12), (9, 21), (6, 6), (21, 4), (20, 8), (20, 17), (12, 13), (23, 13), (4, 18), (1, 3), (13, 5), (24, 5), (16, 1), (1, 12), (13, 14), (24, 14), (16, 10), (1, 21), (16, 19), (5, 0), (17, 2), (5, 9), (17, 11), (9, 7), (5, 18), (9, 16), (27, 15), (6, 1), (8, 20), (19, 20), (20, 3), (20, 12), (12, 8), (23, 8), (20, 21), (4, 4), (12, 17), (23, 17), (4, 13), (13, 0), (24, 0), (1, 7), (13, 9), (24, 9), (16, 5), (1, 16), (13, 18), (24, 18), (16, 14), (5, 4), (9, 2), (5, 13), (27, 10), (8, 6), (27, 19), (8, 15), (19, 15), (0, 11), (11, 11), (0, 20), (11, 20), (20, 7), (12, 3), (23, 3), (20, 16), (12, 12), (23, 12), (4, 8), (12, 21), (23, 21), (4, 17), (1, 2), (13, 4), (24, 4), (16, 0), (1, 11), (16, 9), (1, 20), (7, 18), (27, 5), (8, 1), (19, 1), (27, 14), (8, 10), (19, 10), (0, 6), (11, 6), (8, 19), (19, 19), (0, 15), (11, 15), (20, 2), (20, 11), (12, 7), (23, 7), (4, 3), (12, 16), (23, 16), (4, 12), (4, 21), (1, 6), (16, 4), (15, 8), (26, 8), (15, 17), (26, 17), (7, 13), (18, 13), (27, 0), (27, 9), (8, 5), (19, 5), (27, 18), (0, 1), (11, 1), (8, 14), (19, 14), (0, 10), (11, 10), (0, 19), (11, 19), (20, 6), (12, 2), (23, 2), (12, 11), (23, 11), (4, 7), (4, 16), (22, 15), (1, 1), (3, 20), (14, 20), (15, 3), (26, 3), (15, 12), (7, 8)})
oplcdi: frozenset({(23, 17), (24, 17), (23, 16), (23, 15), (26, 17), (24, 16), (23, 19), (27, 17), (23, 18), (24, 18), (25, 17)})
gi after paint: ((4, 4, 4, 4, 4, 4, 4, 4, 4, 4, 4, 4, 4, 4, 4, 4, 4, 4, 4, 4, 4, 4), (4, 4, 4, 4, 4, 4, 4, 4, 4, 4, 4, 4, 4, 4, 4, 4, 4, 4, 4, 4, 4, 4), (4, 4, 4, 4, 4, 4, 4, 4, 4, 4, 4, 4, 4, 4, 4, 4, 4, 4, 4, 4, 4, 4), (4, 4, 4, 4, 4, 4, 4, 4, 4, 4, 4, 4, 4, 4, 4, 4, 4, 4, 4, 4, 4, 4), (4, 4, 4, 4, 4, 4, 4, 4, 4, 4, 4, 4, 4, 4, 4, 4, 4, 4, 4, 4, 4, 4), (4, 4, 4, 4, 4, 4, 4, 4, 4, 4, 4, 4, 4, 4, 4, 4, 4, 4, 4, 4, 4, 4), (4, 4, 4, 4, 4, 4, 4, 4, 4, 4, 4, 4, 4, 4, 4, 4, 4, 4, 4, 4, 4, 4), (4, 4, 4, 4, 4, 4, 4, 4, 4, 4, 4, 4, 4, 4, 4, 4, 4, 4, 4, 4, 4, 4), (4, 4, 4, 4, 4, 4, 4, 4, 4, 4, 4, 4, 4, 4, 4, 4, 4, 4, 4, 4, 4, 4), (4, 4, 4, 4, 4, 4, 4, 4, 4, 4, 4, 4, 4, 4, 4, 4, 4, 4, 4, 4, 4, 4), (4, 4, 4, 4, 4, 4, 4, 4, 4, 4, 4, 4, 4, 4, 4, 4, 4, 4, 4, 4, 4, 4), (4, 4, 4, 4, 4, 4, 4, 4, 4, 4, 4, 4, 4, 4, 4, 4, 4, 4, 4, 4, 4, 4), (4, 4, 4, 4, 4, 4, 4, 4, 4, 4, 4, 4, 4, 4, 4, 4, 4, 4, 4, 4, 4, 4), (4, 4, 4, 4, 4, 4, 4, 4, 4, 4, 4, 4, 4, 4, 4, 4, 4, 4, 4, 4, 4, 4), (4, 4, 4, 4, 4, 4, 4, 4, 4, 4, 4, 4, 4, 4, 4, 4, 4, 4, 4, 4, 4, 4), (4, 4, 4, 4, 4, 4, 4, 4, 4, 4, 4, 4, 4, 4, 4, 4, 4, 4, 4, 4, 4, 4), (4, 4, 4, 4, 4, 4, 4, 4, 4, 4, 4, 4, 4, 4, 4, 4, 4, 4, 4, 4, 4, 4), (4, 4, 4, 4, 4, 4, 4, 4, 4, 4, 4, 4, 4, 4, 4, 4, 4, 4, 4, 4, 4, 4), (4, 4, 4, 4, 4, 4, 4, 4, 4, 4, 4, 4, 4, 4, 4, 4, 4, 4, 4, 4, 4, 4), (4, 4, 4, 4, 4, 4, 4, 4, 4, 4, 4, 4, 4, 4, 4, 4, 4, 4, 4, 4, 4, 4), (4, 4, 4, 4, 4, 4, 4, 4, 4, 4, 4, 4, 4, 4, 4, 4, 4, 4, 4, 4, 4, 4), (4, 4, 4, 4, 4, 4, 4, 4, 4, 4, 4, 4, 4, 4, 4, 4, 4, 4, 4, 4, 4, 4), (4, 4, 4, 4, 4, 4, 4, 4, 4, 4, 4, 4, 4, 4, 4, 4, 4, 4, 4, 4, 4, 4), (4, 4, 4, 4, 4, 4, 4, 4, 4, 4, 4, 4, 4, 4, 4, 7, 7, 0, 7, 7, 4, 4), (4, 4, 4, 4, 4, 4, 4, 4, 4, 4, 4, 4, 4, 4, 4, 4, 7, 7, 7, 4, 4, 4), (4, 4, 4, 4, 4, 4, 4, 4, 4, 4, 4, 4, 4, 4, 4, 4, 4, 7, 4, 4, 4, 4), (4, 4, 4, 4, 4, 4, 4, 4, 4, 4, 4, 4, 4, 4, 4, 4, 4, 4, 4, 4, 4, 4), (4, 4, 4, 4, 4, 4, 4, 4, 4, 4, 4, 4, 4, 4, 4, 4, 4, 4, 4, 4, 4, 4))
gi after rotation: ((4, 4, 4, 4, 4, 4, 4, 4, 4, 4, 4, 4, 4, 4, 4, 4, 4, 4, 4, 4, 4, 4, 4, 4, 4, 4, 4, 4), (4, 4, 4, 4, 4, 4, 4, 4, 4, 4, 4, 4, 4, 4, 4, 4, 4, 4, 4, 4, 4, 4, 4, 4, 4, 4, 4, 4), (4, 4, 4, 4, 4, 4, 4, 4, 4, 4, 4, 4, 4, 4, 4, 4, 4, 4, 4, 4, 4, 4, 4, 7, 4, 4, 4, 4), (4, 4, 4, 4, 4, 4, 4, 4, 4, 4, 4, 4, 4, 4, 4, 4, 4, 4, 4, 4, 4, 4, 4, 7, 7, 4, 4, 4), (4, 4, 4, 4, 4, 4, 4, 4, 4, 4, 4, 4, 4, 4, 4, 4, 4, 4, 4, 4, 4, 4, 4, 0, 7, 7, 4, 4), (4, 4, 4, 4, 4, 4, 4, 4, 4, 4, 4, 4, 4, 4, 4, 4, 4, 4, 4, 4, 4, 4, 4, 7, 7, 4, 4, 4), (4, 4, 4, 4, 4, 4, 4, 4, 4, 4, 4, 4, 4, 4, 4, 4, 4, 4, 4, 4, 4, 4, 4, 7, 4, 4, 4, 4), (4, 4, 4, 4, 4, 4, 4, 4, 4, 4, 4, 4, 4, 4, 4, 4, 4, 4, 4, 4, 4, 4, 4, 4, 4, 4, 4, 4), (4, 4, 4, 4, 4, 4, 4, 4, 4, 4, 4, 4, 4, 4, 4, 4, 4, 4, 4, 4, 4, 4, 4, 4, 4, 4, 4, 4), (4, 4, 4, 4, 4, 4, 4, 4, 4, 4, 4, 4, 4, 4, 4, 4, 4, 4, 4, 4, 4, 4, 4, 4, 4, 4, 4, 4), (4, 4, 4, 4, 4, 4, 4, 4, 4, 4, 4, 4, 4, 4, 4, 4, 4, 4, 4, 4, 4, 4, 4, 4, 4, 4, 4, 4), (4, 4, 4, 4, 4, 4, 4, 4, 4, 4, 4, 4, 4, 4, 4, 4, 4, 4, 4, 4, 4, 4, 4, 4, 4, 4, 4, 4), (4, 4, 4, 4, 4, 4, 4, 4, 4, 4, 4, 4, 4, 4, 4, 4, 4, 4, 4, 4, 4, 4, 4, 4, 4, 4, 4, 4), (4, 4, 4, 4, 4, 4, 4, 4, 4, 4, 4, 4, 4, 4, 4, 4, 4, 4, 4, 4, 4, 4, 4, 4, 4, 4, 4, 4), (4, 4, 4, 4, 4, 4, 4, 4, 4, 4, 4, 4, 4, 4, 4, 4, 4, 4, 4, 4, 4, 4, 4, 4, 4, 4, 4, 4), (4, 4, 4, 4, 4, 4, 4, 4, 4, 4, 4, 4, 4, 4, 4, 4, 4, 4, 4, 4, 4, 4, 4, 4, 4, 4, 4, 4), (4, 4, 4, 4, 4, 4, 4, 4, 4, 4, 4, 4, 4, 4, 4, 4, 4, 4, 4, 4, 4, 4, 4, 4, 4, 4, 4, 4), (4, 4, 4, 4, 4, 4, 4, 4, 4, 4, 4, 4, 4, 4, 4, 4, 4, 4, 4, 4, 4, 4, 4, 4, 4, 4, 4, 4), (4, 4, 4, 4, 4, 4, 4, 4, 4, 4, 4, 4, 4, 4, 4, 4, 4, 4, 4, 4, 4, 4, 4, 4, 4, 4, 4, 4), (4, 4, 4, 4, 4, 4, 4, 4, 4, 4, 4, 4, 4, 4, 4, 4, 4, 4, 4, 4, 4, 4, 4, 4, 4, 4, 4, 4), (4, 4, 4, 4, 4, 4, 4, 4, 4, 4, 4, 4, 4, 4, 4, 4, 4, 4, 4, 4, 4, 4, 4, 4, 4, 4, 4, 4), (4, 4, 4, 4, 4, 4, 4, 4, 4, 4, 4, 4, 4, 4, 4, 4, 4, 4, 4, 4, 4, 4, 4, 4, 4, 4, 4, 4))
h, w after shape: 22, 28
tr: 2
dim: 3
obj: frozenset({(0, 1), (1, 2), (2, 1), (0, 0), (3, 1), (1, 1), (0, 3), (2, 0), (3, 0), (2, 3), (0, 2), (3, 3), (2, 2), (1, 0), (3, 2), (1, 3)})
obj after sfilter: frozenset({(0, 1), (1, 2), (0, 0), (1, 1), (0, 3), (2, 3), (0, 2), (3, 3), (2, 2), (1, 3)})
obj after shift: frozenset({(0, 1), (2, 4), (1, 2), (0, 4), (1, 5), (0, 2), (0, 5), (2, 2), (1, 3), (0, 0), (1, 1), (0, 3), (1, 4), (0, 6), (2, 3), (3, 3)})
mp: {(0, 3)}
tric: 0, linc: 7
inobj: frozenset({(0, (1, 3)), (0, (0, 0)), (0, (2, 4)), (0, (1, 2)), (0, (3, 3)), (0, (0, 2)), (0, (0, 4)), (0, (1, 4)), (0, (0, 6)), (0, (2, 3)), (0, (0, 1)), (0, (1, 1)), (7, (0, 3)), (0, (2, 2)), (0, (0, 5)), (0, (1, 5))})
loc: (18, 8)
iplcd: frozenset({(0, (18, 8)), (0, (19, 12)), (0, (20, 10)), (0, (18, 10)), (0, (18, 12)), (0, (18, 14)), (0, (19, 11)), (0, (20, 11)), (0, (18, 9)), (0, (19, 9)), (0, (19, 13)), (0, (18, 13)), (0, (20, 12)), (7, (18, 11)), (0, (19, 10)), (0, (21, 11))})
oplcd: frozenset({(0, (18, 8)), (0, (18, 14)), (0, (19, 11)), (0, (18, 9)), (0, (19, 13)), (0, (20, 10)), (0, (21, 11)), (0, (19, 12)), (0, (18, 10)), (0, (20, 12)), (0, (18, 12)), (0, (20, 11)), (0, (19, 9)), (0, (18, 13)), (7, (18, 11)), (0, (19, 10))})
fullinds: frozenset({(15, 21), (7, 17), (18, 17), (7, 26), (18, 26), (8, 0), (19, 0), (8, 9), (19, 9), (0, 5), (11, 5), (8, 18), (19, 18), (0, 14), (11, 14), (0, 23), (11, 23), (10, 27), (4, 2), (3, 6), (3, 15), (14, 15), (3, 24), (14, 24), (15, 7), (7, 3), (18, 3), (15, 16), (7, 12), (18, 12), (15, 25), (7, 21), (18, 21), (8, 4), (19, 4), (0, 0), (11, 0), (0, 9), (11, 9), (10, 22), (2, 27), (3, 1), (14, 1), (3, 10), (14, 10), (3, 19), (14, 19), (15, 2), (15, 11), (7, 7), (18, 7), (7, 16), (18, 16), (21, 18), (21, 27), (11, 4), (10, 8), (10, 17), (2, 13), (10, 26), (2, 22), (3, 5), (14, 5), (3, 14), (14, 14), (3, 23), (14, 23), (15, 6), (17, 25), (7, 2), (18, 2), (7, 11), (18, 11), (6, 15), (21, 13), (6, 24), (21, 22), (10, 3), (10, 12), (2, 8), (10, 21), (2, 17), (2, 26), (3, 0), (14, 0), (3, 9), (14, 9), (3, 18), (14, 18), (17, 20), (5, 27), (9, 25), (6, 10), (21, 8), (6, 19), (21, 17), (21, 26), (10, 7), (2, 3), (10, 16), (2, 12), (10, 25), (2, 21), (13, 27), (3, 4), (14, 4), (17, 6), (17, 15), (9, 11), (5, 22), (17, 24), (9, 20), (6, 5), (21, 3), (6, 14), (21, 12), (6, 23), (21, 21), (10, 2), (10, 11), (2, 7), (2, 16), (13, 13), (13, 22), (16, 18), (16, 27), (17, 1), (5, 8), (17, 10), (9, 6), (5, 17), (17, 19), (9, 15), (5, 26), (9, 24), (6, 0), (6, 9), (21, 7), (6, 18), (21, 16), (20, 20), (10, 6), (12, 25), (2, 2), (2, 11), (13, 8), (1, 15), (13, 17), (16, 13), (1, 24), (13, 26), (16, 22), (5, 3), (17, 5), (9, 1), (5, 12), (17, 14), (9, 10), (5, 21), (17, 23), (9, 19), (6, 4), (21, 2), (6, 13), (20, 15), (20, 24), (12, 20), (4, 25), (13, 3), (1, 10), (13, 12), (16, 8), (1, 19), (13, 21), (16, 17), (16, 26), (17, 0), (5, 7), (17, 9), (9, 5), (5, 16), (9, 14), (5, 25), (8, 27), (19, 27), (20, 1), (20, 10), (12, 6), (20, 19), (12, 15), (4, 11), (12, 24), (4, 20), (1, 5), (13, 7), (16, 3), (1, 14), (13, 16), (16, 12), (1, 23), (16, 21), (5, 2), (17, 4), (9, 0), (5, 11), (9, 9), (8, 13), (19, 13), (8, 22), (19, 22), (0, 18), (11, 18), (0, 27), (11, 27), (20, 5), (12, 1), (20, 14), (12, 10), (20, 23), (4, 6), (12, 19), (4, 15), (4, 24), (1, 0), (13, 2), (1, 9), (13, 11), (16, 7), (1, 18), (16, 16), (15, 20), (5, 6), (7, 25), (18, 8), (18, 25), (8, 8), (19, 8), (0, 4), (8, 17), (19, 17), (0, 13), (11, 13), (8, 26), (19, 26), (0, 22), (11, 22), (20, 0), (20, 9), (12, 5), (20, 18), (4, 1), (12, 14), (4, 10), (12, 23), (4, 19), (1, 4), (16, 2), (1, 13), (15, 15), (15, 24), (7, 20), (18, 20), (8, 3), (19, 3), (8, 12), (19, 12), (0, 8), (11, 8), (8, 21), (19, 21), (0, 17), (11, 17), (0, 26), (11, 26), (20, 4), (12, 0), (20, 13), (12, 9), (4, 5), (4, 14), (3, 27), (14, 27), (15, 1), (15, 10), (7, 6), (18, 6), (15, 19), (7, 15), (18, 15), (7, 24), (18, 24), (8, 7), (19, 7), (0, 3), (11, 3), (8, 16), (19, 16), (0, 12), (11, 12), (19, 25), (0, 21), (11, 21), (12, 4), (4, 0), (4, 9), (3, 13), (14, 13), (3, 22), (14, 22), (15, 5), (7, 1), (18, 1), (15, 14), (7, 10), (18, 10), (15, 23), (7, 19), (18, 19), (8, 2), (19, 2), (8, 11), (19, 11), (0, 7), (11, 7), (0, 16), (11, 16), (10, 20), (2, 25), (3, 8), (14, 8), (3, 17), (14, 17), (3, 26), (14, 26), (15, 0), (15, 9), (7, 5), (18, 5), (15, 18), (7, 14), (18, 14), (7, 23), (18, 23), (6, 27), (19, 6), (21, 25), (0, 2), (11, 2), (10, 15), (10, 24), (2, 20), (3, 3), (14, 3), (3, 12), (14, 12), (3, 21), (14, 21), (15, 4), (7, 0), (18, 0), (15, 13), (7, 9), (18, 9), (18, 18), (21, 11), (6, 22), (21, 20), (10, 1), (10, 10), (2, 6), (10, 19), (2, 15), (2, 24), (3, 7), (14, 7), (3, 16), (14, 16), (3, 25), (14, 25), (17, 18), (17, 27), (7, 4), (9, 23), (18, 4), (6, 8), (21, 6), (6, 17), (21, 15), (6, 26), (21, 24), (10, 5), (2, 1), (10, 14), (2, 10), (10, 23), (2, 19), (13, 25), (3, 2), (14, 2), (3, 11), (14, 11), (17, 13), (5, 20), (17, 22), (9, 18), (9, 27), (6, 3), (21, 1), (6, 12), (21, 10), (6, 21), (21, 19), (10, 0), (10, 9), (2, 5), (10, 18), (2, 14), (2, 23), (13, 20), (1, 27), (14, 6), (16, 25), (17, 8), (9, 4), (5, 15), (17, 17), (9, 13), (5, 24), (17, 26), (9, 22), (6, 7), (21, 5), (6, 16), (21, 14), (6, 25), (21, 23), (20, 27), (10, 4), (2, 0), (10, 13), (2, 9), (13, 6), (2, 18), (13, 15), (16, 11), (1, 22), (13, 24), (16, 20), (5, 1), (17, 3), (5, 10), (17, 12), (9, 8), (5, 19), (17, 21), (9, 17), (9, 26), (6, 2), (21, 0), (6, 11), (21, 9), (6, 20), (20, 22), (12, 18), (12, 27), (2, 4), (4, 23), (13, 1), (1, 8), (13, 10), (16, 6), (1, 17), (13, 19), (16, 15), (1, 26), (16, 24), (5, 5), (17, 7), (9, 3), (5, 14), (17, 16), (9, 12), (5, 23), (9, 21), (6, 6), (8, 25), (21, 4), (20, 8), (20, 17), (12, 13), (20, 26), (12, 22), (4, 18), (4, 27), (1, 3), (13, 5), (16, 1), (1, 12), (13, 14), (16, 10), (1, 21), (13, 23), (16, 19), (5, 0), (17, 2), (5, 9), (17, 11), (9, 7), (5, 18), (9, 16), (6, 1), (8, 20), (19, 20), (0, 25), (11, 25), (20, 3), (20, 12), (12, 8), (20, 21), (4, 4), (12, 17), (4, 13), (12, 26), (4, 22), (13, 0), (1, 7), (13, 9), (16, 5), (1, 16), (13, 18), (16, 14), (1, 25), (16, 23), (15, 27), (5, 4), (9, 2), (5, 13), (8, 6), (8, 15), (19, 15), (0, 11), (11, 11), (8, 24), (19, 24), (0, 20), (11, 20), (20, 7), (12, 3), (20, 16), (12, 12), (20, 25), (4, 8), (12, 21), (4, 17), (4, 26), (1, 2), (13, 4), (16, 0), (1, 11), (16, 9), (1, 20), (15, 22), (7, 18), (7, 27), (18, 27), (8, 1), (19, 1), (8, 10), (19, 10), (0, 6), (11, 6), (8, 19), (19, 19), (0, 15), (11, 15), (0, 24), (11, 24), (20, 2), (20, 11), (12, 7), (4, 3), (12, 16), (4, 12), (4, 21), (1, 6), (16, 4), (15, 8), (15, 17), (7, 13), (18, 13), (15, 26), (7, 22), (18, 22), (8, 5), (19, 5), (0, 1), (11, 1), (8, 14), (19, 14), (0, 10), (11, 10), (8, 23), (19, 23), (0, 19), (11, 19), (20, 6), (12, 2), (12, 11), (4, 7), (4, 16), (1, 1), (3, 20), (14, 20), (15, 3), (15, 12), (7, 8)})
oplcdi: frozenset({(20, 11), (18, 10), (19, 10), (18, 13), (20, 10), (19, 13), (18, 9), (19, 9), (18, 12), (18, 8), (19, 12), (20, 12), (18, 11), (21, 11), (19, 11), (18, 14)})
gi after paint: ((4, 4, 4, 4, 4, 4, 4, 4, 4, 4, 4, 4, 4, 4, 4, 4, 4, 4, 4, 4, 4, 4, 4, 4, 4, 4, 4, 4), (4, 4, 4, 4, 4, 4, 4, 4, 4, 4, 4, 4, 4, 4, 4, 4, 4, 4, 4, 4, 4, 4, 4, 4, 4, 4, 4, 4), (4, 4, 4, 4, 4, 4, 4, 4, 4, 4, 4, 4, 4, 4, 4, 4, 4, 4, 4, 4, 4, 4, 4, 7, 4, 4, 4, 4), (4, 4, 4, 4, 4, 4, 4, 4, 4, 4, 4, 4, 4, 4, 4, 4, 4, 4, 4, 4, 4, 4, 4, 7, 7, 4, 4, 4), (4, 4, 4, 4, 4, 4, 4, 4, 4, 4, 4, 4, 4, 4, 4, 4, 4, 4, 4, 4, 4, 4, 4, 0, 7, 7, 4, 4), (4, 4, 4, 4, 4, 4, 4, 4, 4, 4, 4, 4, 4, 4, 4, 4, 4, 4, 4, 4, 4, 4, 4, 7, 7, 4, 4, 4), (4, 4, 4, 4, 4, 4, 4, 4, 4, 4, 4, 4, 4, 4, 4, 4, 4, 4, 4, 4, 4, 4, 4, 7, 4, 4, 4, 4), (4, 4, 4, 4, 4, 4, 4, 4, 4, 4, 4, 4, 4, 4, 4, 4, 4, 4, 4, 4, 4, 4, 4, 4, 4, 4, 4, 4), (4, 4, 4, 4, 4, 4, 4, 4, 4, 4, 4, 4, 4, 4, 4, 4, 4, 4, 4, 4, 4, 4, 4, 4, 4, 4, 4, 4), (4, 4, 4, 4, 4, 4, 4, 4, 4, 4, 4, 4, 4, 4, 4, 4, 4, 4, 4, 4, 4, 4, 4, 4, 4, 4, 4, 4), (4, 4, 4, 4, 4, 4, 4, 4, 4, 4, 4, 4, 4, 4, 4, 4, 4, 4, 4, 4, 4, 4, 4, 4, 4, 4, 4, 4), (4, 4, 4, 4, 4, 4, 4, 4, 4, 4, 4, 4, 4, 4, 4, 4, 4, 4, 4, 4, 4, 4, 4, 4, 4, 4, 4, 4), (4, 4, 4, 4, 4, 4, 4, 4, 4, 4, 4, 4, 4, 4, 4, 4, 4, 4, 4, 4, 4, 4, 4, 4, 4, 4, 4, 4), (4, 4, 4, 4, 4, 4, 4, 4, 4, 4, 4, 4, 4, 4, 4, 4, 4, 4, 4, 4, 4, 4, 4, 4, 4, 4, 4, 4), (4, 4, 4, 4, 4, 4, 4, 4, 4, 4, 4, 4, 4, 4, 4, 4, 4, 4, 4, 4, 4, 4, 4, 4, 4, 4, 4, 4), (4, 4, 4, 4, 4, 4, 4, 4, 4, 4, 4, 4, 4, 4, 4, 4, 4, 4, 4, 4, 4, 4, 4, 4, 4, 4, 4, 4), (4, 4, 4, 4, 4, 4, 4, 4, 4, 4, 4, 4, 4, 4, 4, 4, 4, 4, 4, 4, 4, 4, 4, 4, 4, 4, 4, 4), (4, 4, 4, 4, 4, 4, 4, 4, 4, 4, 4, 4, 4, 4, 4, 4, 4, 4, 4, 4, 4, 4, 4, 4, 4, 4, 4, 4), (4, 4, 4, 4, 4, 4, 4, 4, 0, 0, 0, 7, 0, 0, 0, 4, 4, 4, 4, 4, 4, 4, 4, 4, 4, 4, 4, 4), (4, 4, 4, 4, 4, 4, 4, 4, 4, 0, 0, 0, 0, 0, 4, 4, 4, 4, 4, 4, 4, 4, 4, 4, 4, 4, 4, 4), (4, 4, 4, 4, 4, 4, 4, 4, 4, 4, 0, 0, 0, 4, 4, 4, 4, 4, 4, 4, 4, 4, 4, 4, 4, 4, 4, 4), (4, 4, 4, 4, 4, 4, 4, 4, 4, 4, 4, 0, 4, 4, 4, 4, 4, 4, 4, 4, 4, 4, 4, 4, 4, 4, 4, 4))
gi after rotation: ((4, 4, 4, 4, 4, 4, 4, 4, 4, 4, 4, 4, 4, 4, 4, 4, 4, 4, 4, 4, 4, 4, 4, 4, 4, 4, 4, 4), (4, 4, 4, 4, 4, 4, 4, 4, 4, 4, 4, 4, 4, 4, 4, 4, 4, 4, 4, 4, 4, 4, 4, 4, 4, 4, 4, 4), (4, 4, 4, 4, 4, 4, 4, 4, 4, 4, 4, 4, 4, 4, 4, 4, 4, 4, 4, 4, 4, 4, 4, 7, 4, 4, 4, 4), (4, 4, 4, 4, 4, 4, 4, 4, 4, 4, 4, 4, 4, 4, 4, 4, 4, 4, 4, 4, 4, 4, 4, 7, 7, 4, 4, 4), (4, 4, 4, 4, 4, 4, 4, 4, 4, 4, 4, 4, 4, 4, 4, 4, 4, 4, 4, 4, 4, 4, 4, 0, 7, 7, 4, 4), (4, 4, 4, 4, 4, 4, 4, 4, 4, 4, 4, 4, 4, 4, 4, 4, 4, 4, 4, 4, 4, 4, 4, 7, 7, 4, 4, 4), (4, 4, 4, 4, 4, 4, 4, 4, 4, 4, 4, 4, 4, 4, 4, 4, 4, 4, 4, 4, 4, 4, 4, 7, 4, 4, 4, 4), (4, 4, 4, 4, 4, 4, 4, 4, 4, 4, 4, 4, 4, 4, 4, 4, 4, 4, 4, 4, 4, 4, 4, 4, 4, 4, 4, 4), (4, 4, 4, 4, 4, 4, 4, 4, 4, 4, 4, 4, 4, 4, 4, 4, 4, 4, 4, 4, 4, 4, 4, 4, 4, 4, 4, 4), (4, 4, 4, 4, 4, 4, 4, 4, 4, 4, 4, 4, 4, 4, 4, 4, 4, 4, 4, 4, 4, 4, 4, 4, 4, 4, 4, 4), (4, 4, 4, 4, 4, 4, 4, 4, 4, 4, 4, 4, 4, 4, 4, 4, 4, 4, 4, 4, 4, 4, 4, 4, 4, 4, 4, 4), (4, 4, 4, 4, 4, 4, 4, 4, 4, 4, 4, 4, 4, 4, 4, 4, 4, 4, 4, 4, 4, 4, 4, 4, 4, 4, 4, 4), (4, 4, 4, 4, 4, 4, 4, 4, 4, 4, 4, 4, 4, 4, 4, 4, 4, 4, 4, 4, 4, 4, 4, 4, 4, 4, 4, 4), (4, 4, 4, 4, 4, 4, 4, 4, 4, 4, 4, 4, 4, 4, 4, 4, 4, 4, 4, 4, 4, 4, 4, 4, 4, 4, 4, 4), (4, 4, 4, 4, 4, 4, 4, 4, 4, 4, 4, 4, 4, 4, 4, 4, 4, 4, 4, 4, 4, 4, 4, 4, 4, 4, 4, 4), (4, 4, 4, 4, 4, 4, 4, 4, 4, 4, 4, 4, 4, 4, 4, 4, 4, 4, 4, 4, 4, 4, 4, 4, 4, 4, 4, 4), (4, 4, 4, 4, 4, 4, 4, 4, 4, 4, 4, 4, 4, 4, 4, 4, 4, 4, 4, 4, 4, 4, 4, 4, 4, 4, 4, 4), (4, 4, 4, 4, 4, 4, 4, 4, 4, 4, 4, 4, 4, 4, 4, 4, 4, 4, 4, 4, 4, 4, 4, 4, 4, 4, 4, 4), (4, 4, 4, 4, 4, 4, 4, 4, 0, 0, 0, 7, 0, 0, 0, 4, 4, 4, 4, 4, 4, 4, 4, 4, 4, 4, 4, 4), (4, 4, 4, 4, 4, 4, 4, 4, 4, 0, 0, 0, 0, 0, 4, 4, 4, 4, 4, 4, 4, 4, 4, 4, 4, 4, 4, 4), (4, 4, 4, 4, 4, 4, 4, 4, 4, 4, 0, 0, 0, 4, 4, 4, 4, 4, 4, 4, 4, 4, 4, 4, 4, 4, 4, 4), (4, 4, 4, 4, 4, 4, 4, 4, 4, 4, 4, 0, 4, 4, 4, 4, 4, 4, 4, 4, 4, 4, 4, 4, 4, 4, 4, 4))
h, w after shape: 22, 28
tr: 3
dim: 3
obj: frozenset({(0, 1), (1, 2), (2, 1), (0, 0), (3, 1), (1, 1), (0, 3), (2, 0), (3, 0), (2, 3), (0, 2), (3, 3), (2, 2), (1, 0), (3, 2), (1, 3)})
obj after sfilter: frozenset({(0, 1), (1, 2), (0, 0), (1, 1), (0, 3), (2, 3), (0, 2), (3, 3), (2, 2), (1, 3)})
obj after shift: frozenset({(0, 1), (2, 4), (1, 2), (0, 4), (1, 5), (0, 2), (0, 5), (2, 2), (1, 3), (0, 0), (1, 1), (0, 3), (1, 4), (0, 6), (2, 3), (3, 3)})
mp: {(0, 3)}
tric: 3, linc: 7
inobj: frozenset({(3, (0, 1)), (3, (1, 1)), (3, (2, 2)), (3, (0, 5)), (3, (1, 5)), (3, (2, 3)), (3, (1, 3)), (3, (0, 0)), (3, (1, 2)), (3, (3, 3)), (3, (0, 2)), (3, (0, 4)), (3, (1, 4)), (3, (0, 6)), (7, (0, 3)), (3, (2, 4))})
loc: (6, 10)
iplcd: frozenset({(3, (6, 12)), (3, (6, 14)), (7, (6, 13)), (3, (9, 13)), (3, (6, 11)), (3, (6, 16)), (3, (7, 12)), (3, (8, 12)), (3, (8, 14)), (3, (6, 15)), (3, (7, 14)), (3, (8, 13)), (3, (6, 10)), (3, (7, 11)), (3, (7, 13)), (3, (7, 15))})
oplcd: frozenset({(7, (14, 13)), (7, (6, 13)), (7, (13, 13)), (3, (6, 16)), (3, (8, 12)), (7, (17, 13)), (3, (6, 15)), (3, (7, 14)), (7, (12, 13)), (3, (8, 13)), (3, (6, 10)), (3, (6, 12)), (3, (7, 11)), (3, (7, 13)), (7, (15, 13)), (7, (18, 13)), (7, (21, 13)), (7, (10, 13)), (3, (9, 13)), (3, (6, 11)), (3, (8, 14)), (3, (7, 12)), (7, (16, 13)), (7, (20, 13)), (7, (11, 13)), (7, (19, 13)), (3, (6, 14)), (3, (7, 15))})
fullinds: frozenset({(15, 21), (7, 17), (18, 17), (7, 26), (18, 26), (8, 0), (19, 0), (8, 9), (19, 9), (0, 5), (11, 5), (8, 18), (19, 18), (0, 14), (11, 14), (0, 23), (11, 23), (10, 27), (4, 2), (3, 6), (3, 15), (14, 15), (3, 24), (14, 24), (15, 7), (7, 3), (18, 3), (15, 16), (7, 12), (18, 12), (15, 25), (7, 21), (18, 21), (8, 4), (19, 4), (0, 0), (11, 0), (0, 9), (11, 9), (10, 22), (2, 27), (3, 1), (14, 1), (3, 10), (14, 10), (3, 19), (14, 19), (15, 2), (15, 11), (7, 7), (18, 7), (7, 16), (18, 16), (21, 18), (21, 27), (11, 4), (10, 8), (10, 17), (2, 13), (10, 26), (2, 22), (3, 5), (14, 5), (3, 14), (14, 14), (3, 23), (14, 23), (15, 6), (17, 25), (7, 2), (18, 2), (7, 11), (18, 11), (6, 15), (21, 13), (6, 24), (21, 22), (10, 3), (10, 12), (2, 8), (10, 21), (2, 17), (2, 26), (3, 0), (14, 0), (3, 9), (14, 9), (3, 18), (14, 18), (17, 20), (5, 27), (9, 25), (6, 10), (21, 8), (6, 19), (21, 17), (21, 26), (10, 7), (2, 3), (10, 16), (2, 12), (10, 25), (2, 21), (13, 27), (3, 4), (14, 4), (17, 6), (17, 15), (9, 11), (5, 22), (17, 24), (9, 20), (6, 5), (21, 3), (6, 14), (21, 12), (6, 23), (21, 21), (10, 2), (10, 11), (2, 7), (2, 16), (13, 13), (13, 22), (16, 18), (16, 27), (17, 1), (5, 8), (17, 10), (9, 6), (5, 17), (17, 19), (9, 15), (5, 26), (9, 24), (6, 0), (6, 9), (21, 7), (6, 18), (21, 16), (20, 20), (10, 6), (12, 25), (2, 2), (2, 11), (13, 8), (1, 15), (13, 17), (16, 13), (1, 24), (13, 26), (16, 22), (5, 3), (17, 5), (9, 1), (5, 12), (17, 14), (9, 10), (5, 21), (17, 23), (9, 19), (6, 4), (21, 2), (6, 13), (20, 15), (20, 24), (12, 20), (4, 25), (13, 3), (1, 10), (13, 12), (16, 8), (1, 19), (13, 21), (16, 17), (16, 26), (17, 0), (5, 7), (17, 9), (9, 5), (5, 16), (9, 14), (5, 25), (8, 27), (19, 27), (20, 1), (20, 10), (12, 6), (20, 19), (12, 15), (4, 11), (12, 24), (4, 20), (1, 5), (13, 7), (16, 3), (1, 14), (13, 16), (16, 12), (1, 23), (16, 21), (5, 2), (17, 4), (9, 0), (5, 11), (9, 9), (8, 13), (19, 13), (8, 22), (19, 22), (0, 18), (11, 18), (0, 27), (11, 27), (20, 5), (12, 1), (20, 14), (12, 10), (20, 23), (4, 6), (12, 19), (4, 15), (4, 24), (1, 0), (13, 2), (1, 9), (13, 11), (16, 7), (1, 18), (16, 16), (15, 20), (5, 6), (7, 25), (18, 8), (18, 25), (8, 8), (19, 8), (0, 4), (8, 17), (19, 17), (0, 13), (11, 13), (8, 26), (19, 26), (0, 22), (11, 22), (20, 0), (20, 9), (12, 5), (20, 18), (4, 1), (12, 14), (4, 10), (12, 23), (4, 19), (1, 4), (16, 2), (1, 13), (15, 15), (15, 24), (7, 20), (18, 20), (8, 3), (19, 3), (8, 12), (19, 12), (0, 8), (11, 8), (8, 21), (19, 21), (0, 17), (11, 17), (0, 26), (11, 26), (20, 4), (12, 0), (20, 13), (12, 9), (4, 5), (4, 14), (3, 27), (14, 27), (15, 1), (15, 10), (7, 6), (18, 6), (15, 19), (7, 15), (18, 15), (7, 24), (18, 24), (8, 7), (19, 7), (0, 3), (11, 3), (8, 16), (19, 16), (0, 12), (11, 12), (19, 25), (0, 21), (11, 21), (12, 4), (4, 0), (4, 9), (3, 13), (14, 13), (3, 22), (14, 22), (15, 5), (7, 1), (18, 1), (15, 14), (7, 10), (18, 10), (15, 23), (7, 19), (18, 19), (8, 2), (19, 2), (8, 11), (19, 11), (0, 7), (11, 7), (0, 16), (11, 16), (10, 20), (2, 25), (3, 8), (14, 8), (3, 17), (14, 17), (3, 26), (14, 26), (15, 0), (15, 9), (7, 5), (18, 5), (15, 18), (7, 14), (18, 14), (7, 23), (18, 23), (6, 27), (19, 6), (21, 25), (0, 2), (11, 2), (10, 15), (10, 24), (2, 20), (3, 3), (14, 3), (3, 12), (14, 12), (3, 21), (14, 21), (15, 4), (7, 0), (18, 0), (15, 13), (7, 9), (18, 9), (18, 18), (21, 11), (6, 22), (21, 20), (10, 1), (10, 10), (2, 6), (10, 19), (2, 15), (2, 24), (3, 7), (14, 7), (3, 16), (14, 16), (3, 25), (14, 25), (17, 18), (17, 27), (7, 4), (9, 23), (18, 4), (6, 8), (21, 6), (6, 17), (21, 15), (6, 26), (21, 24), (10, 5), (2, 1), (10, 14), (2, 10), (10, 23), (2, 19), (13, 25), (3, 2), (14, 2), (3, 11), (14, 11), (17, 13), (5, 20), (17, 22), (9, 18), (9, 27), (6, 3), (21, 1), (6, 12), (21, 10), (6, 21), (21, 19), (10, 0), (10, 9), (2, 5), (10, 18), (2, 14), (2, 23), (13, 20), (1, 27), (14, 6), (16, 25), (17, 8), (9, 4), (5, 15), (17, 17), (9, 13), (5, 24), (17, 26), (9, 22), (6, 7), (21, 5), (6, 16), (21, 14), (6, 25), (21, 23), (20, 27), (10, 4), (2, 0), (10, 13), (2, 9), (13, 6), (2, 18), (13, 15), (16, 11), (1, 22), (13, 24), (16, 20), (5, 1), (17, 3), (5, 10), (17, 12), (9, 8), (5, 19), (17, 21), (9, 17), (9, 26), (6, 2), (21, 0), (6, 11), (21, 9), (6, 20), (20, 22), (12, 18), (12, 27), (2, 4), (4, 23), (13, 1), (1, 8), (13, 10), (16, 6), (1, 17), (13, 19), (16, 15), (1, 26), (16, 24), (5, 5), (17, 7), (9, 3), (5, 14), (17, 16), (9, 12), (5, 23), (9, 21), (6, 6), (8, 25), (21, 4), (20, 8), (20, 17), (12, 13), (20, 26), (12, 22), (4, 18), (4, 27), (1, 3), (13, 5), (16, 1), (1, 12), (13, 14), (16, 10), (1, 21), (13, 23), (16, 19), (5, 0), (17, 2), (5, 9), (17, 11), (9, 7), (5, 18), (9, 16), (6, 1), (8, 20), (19, 20), (0, 25), (11, 25), (20, 3), (20, 12), (12, 8), (20, 21), (4, 4), (12, 17), (4, 13), (12, 26), (4, 22), (13, 0), (1, 7), (13, 9), (16, 5), (1, 16), (13, 18), (16, 14), (1, 25), (16, 23), (15, 27), (5, 4), (9, 2), (5, 13), (8, 6), (8, 15), (19, 15), (0, 11), (11, 11), (8, 24), (19, 24), (0, 20), (11, 20), (20, 7), (12, 3), (20, 16), (12, 12), (20, 25), (4, 8), (12, 21), (4, 17), (4, 26), (1, 2), (13, 4), (16, 0), (1, 11), (16, 9), (1, 20), (15, 22), (7, 18), (7, 27), (18, 27), (8, 1), (19, 1), (8, 10), (19, 10), (0, 6), (11, 6), (8, 19), (19, 19), (0, 15), (11, 15), (0, 24), (11, 24), (20, 2), (20, 11), (12, 7), (4, 3), (12, 16), (4, 12), (4, 21), (1, 6), (16, 4), (15, 8), (15, 17), (7, 13), (18, 13), (15, 26), (7, 22), (18, 22), (8, 5), (19, 5), (0, 1), (11, 1), (8, 14), (19, 14), (0, 10), (11, 10), (8, 23), (19, 23), (0, 19), (11, 19), (20, 6), (12, 2), (12, 11), (4, 7), (4, 16), (1, 1), (3, 20), (14, 20), (15, 3), (15, 12), (7, 8)})
oplcdi: frozenset({(6, 12), (6, 15), (21, 13), (12, 13), (14, 13), (8, 12), (6, 11), (16, 13), (6, 14), (20, 13), (7, 13), (18, 13), (8, 14), (9, 13), (11, 13), (15, 13), (13, 13), (6, 13), (7, 12), (6, 10), (6, 16), (7, 15), (17, 13), (10, 13), (8, 13), (19, 13), (7, 11), (7, 14)})
gi after paint: ((4, 4, 4, 4, 4, 4, 4, 4, 4, 4, 4, 4, 4, 4, 4, 4, 4, 4, 4, 4, 4, 4, 4, 4, 4, 4, 4, 4), (4, 4, 4, 4, 4, 4, 4, 4, 4, 4, 4, 4, 4, 4, 4, 4, 4, 4, 4, 4, 4, 4, 4, 4, 4, 4, 4, 4), (4, 4, 4, 4, 4, 4, 4, 4, 4, 4, 4, 4, 4, 4, 4, 4, 4, 4, 4, 4, 4, 4, 4, 7, 4, 4, 4, 4), (4, 4, 4, 4, 4, 4, 4, 4, 4, 4, 4, 4, 4, 4, 4, 4, 4, 4, 4, 4, 4, 4, 4, 7, 7, 4, 4, 4), (4, 4, 4, 4, 4, 4, 4, 4, 4, 4, 4, 4, 4, 4, 4, 4, 4, 4, 4, 4, 4, 4, 4, 0, 7, 7, 4, 4), (4, 4, 4, 4, 4, 4, 4, 4, 4, 4, 4, 4, 4, 4, 4, 4, 4, 4, 4, 4, 4, 4, 4, 7, 7, 4, 4, 4), (4, 4, 4, 4, 4, 4, 4, 4, 4, 4, 3, 3, 3, 7, 3, 3, 3, 4, 4, 4, 4, 4, 4, 7, 4, 4, 4, 4), (4, 4, 4, 4, 4, 4, 4, 4, 4, 4, 4, 3, 3, 3, 3, 3, 4, 4, 4, 4, 4, 4, 4, 4, 4, 4, 4, 4), (4, 4, 4, 4, 4, 4, 4, 4, 4, 4, 4, 4, 3, 3, 3, 4, 4, 4, 4, 4, 4, 4, 4, 4, 4, 4, 4, 4), (4, 4, 4, 4, 4, 4, 4, 4, 4, 4, 4, 4, 4, 3, 4, 4, 4, 4, 4, 4, 4, 4, 4, 4, 4, 4, 4, 4), (4, 4, 4, 4, 4, 4, 4, 4, 4, 4, 4, 4, 4, 4, 4, 4, 4, 4, 4, 4, 4, 4, 4, 4, 4, 4, 4, 4), (4, 4, 4, 4, 4, 4, 4, 4, 4, 4, 4, 4, 4, 4, 4, 4, 4, 4, 4, 4, 4, 4, 4, 4, 4, 4, 4, 4), (4, 4, 4, 4, 4, 4, 4, 4, 4, 4, 4, 4, 4, 4, 4, 4, 4, 4, 4, 4, 4, 4, 4, 4, 4, 4, 4, 4), (4, 4, 4, 4, 4, 4, 4, 4, 4, 4, 4, 4, 4, 4, 4, 4, 4, 4, 4, 4, 4, 4, 4, 4, 4, 4, 4, 4), (4, 4, 4, 4, 4, 4, 4, 4, 4, 4, 4, 4, 4, 4, 4, 4, 4, 4, 4, 4, 4, 4, 4, 4, 4, 4, 4, 4), (4, 4, 4, 4, 4, 4, 4, 4, 4, 4, 4, 4, 4, 4, 4, 4, 4, 4, 4, 4, 4, 4, 4, 4, 4, 4, 4, 4), (4, 4, 4, 4, 4, 4, 4, 4, 4, 4, 4, 4, 4, 4, 4, 4, 4, 4, 4, 4, 4, 4, 4, 4, 4, 4, 4, 4), (4, 4, 4, 4, 4, 4, 4, 4, 4, 4, 4, 4, 4, 4, 4, 4, 4, 4, 4, 4, 4, 4, 4, 4, 4, 4, 4, 4), (4, 4, 4, 4, 4, 4, 4, 4, 0, 0, 0, 7, 0, 0, 0, 4, 4, 4, 4, 4, 4, 4, 4, 4, 4, 4, 4, 4), (4, 4, 4, 4, 4, 4, 4, 4, 4, 0, 0, 0, 0, 0, 4, 4, 4, 4, 4, 4, 4, 4, 4, 4, 4, 4, 4, 4), (4, 4, 4, 4, 4, 4, 4, 4, 4, 4, 0, 0, 0, 4, 4, 4, 4, 4, 4, 4, 4, 4, 4, 4, 4, 4, 4, 4), (4, 4, 4, 4, 4, 4, 4, 4, 4, 4, 4, 0, 4, 4, 4, 4, 4, 4, 4, 4, 4, 4, 4, 4, 4, 4, 4, 4))
gi after rotation: ((4, 4, 4, 4, 4, 4, 4, 4, 4, 4, 4, 4, 4, 4, 4, 4, 4, 4, 4, 4, 4, 4), (4, 4, 4, 4, 4, 4, 4, 4, 4, 4, 4, 4, 4, 4, 4, 4, 4, 4, 4, 4, 4, 4), (4, 4, 4, 4, 4, 4, 4, 4, 4, 4, 4, 4, 4, 4, 4, 4, 4, 4, 4, 4, 4, 4), (4, 4, 4, 4, 4, 4, 4, 4, 4, 4, 4, 4, 4, 4, 4, 4, 4, 4, 4, 4, 4, 4), (4, 4, 4, 4, 4, 4, 4, 4, 4, 4, 4, 4, 4, 4, 4, 4, 4, 4, 4, 4, 4, 4), (4, 4, 4, 4, 4, 4, 4, 4, 4, 4, 4, 4, 4, 4, 4, 4, 4, 4, 4, 4, 4, 4), (4, 4, 4, 4, 4, 4, 4, 4, 4, 4, 4, 4, 4, 4, 4, 4, 4, 4, 4, 4, 4, 4), (4, 4, 4, 4, 4, 4, 4, 4, 4, 4, 4, 4, 4, 4, 4, 4, 4, 4, 4, 4, 4, 4), (4, 4, 4, 0, 4, 4, 4, 4, 4, 4, 4, 4, 4, 4, 4, 4, 4, 4, 4, 4, 4, 4), (4, 4, 0, 0, 4, 4, 4, 4, 4, 4, 4, 4, 4, 4, 4, 4, 4, 4, 4, 4, 4, 4), (4, 0, 0, 0, 4, 4, 4, 4, 4, 4, 4, 4, 4, 4, 4, 3, 4, 4, 4, 4, 4, 4), (0, 0, 0, 7, 4, 4, 4, 4, 4, 4, 4, 4, 4, 4, 3, 3, 4, 4, 4, 4, 4, 4), (4, 0, 0, 0, 4, 4, 4, 4, 4, 4, 4, 4, 4, 3, 3, 3, 4, 4, 4, 4, 4, 4), (4, 4, 0, 0, 4, 4, 4, 4, 4, 4, 4, 4, 3, 3, 3, 7, 4, 4, 4, 4, 4, 4), (4, 4, 4, 0, 4, 4, 4, 4, 4, 4, 4, 4, 4, 3, 3, 3, 4, 4, 4, 4, 4, 4), (4, 4, 4, 4, 4, 4, 4, 4, 4, 4, 4, 4, 4, 4, 3, 3, 4, 4, 4, 4, 4, 4), (4, 4, 4, 4, 4, 4, 4, 4, 4, 4, 4, 4, 4, 4, 4, 3, 4, 4, 4, 4, 4, 4), (4, 4, 4, 4, 4, 4, 4, 4, 4, 4, 4, 4, 4, 4, 4, 4, 4, 4, 4, 4, 4, 4), (4, 4, 4, 4, 4, 4, 4, 4, 4, 4, 4, 4, 4, 4, 4, 4, 4, 4, 4, 4, 4, 4), (4, 4, 4, 4, 4, 4, 4, 4, 4, 4, 4, 4, 4, 4, 4, 4, 4, 4, 4, 4, 4, 4), (4, 4, 4, 4, 4, 4, 4, 4, 4, 4, 4, 4, 4, 4, 4, 4, 4, 4, 4, 4, 4, 4), (4, 4, 4, 4, 4, 4, 4, 4, 4, 4, 4, 4, 4, 4, 4, 4, 4, 4, 4, 4, 4, 4), (4, 4, 4, 4, 4, 4, 4, 4, 4, 4, 4, 4, 4, 4, 4, 4, 4, 4, 4, 4, 4, 4), (4, 4, 4, 4, 4, 4, 4, 4, 4, 4, 4, 4, 4, 4, 4, 7, 7, 0, 7, 7, 4, 4), (4, 4, 4, 4, 4, 4, 4, 4, 4, 4, 4, 4, 4, 4, 4, 4, 7, 7, 7, 4, 4, 4), (4, 4, 4, 4, 4, 4, 4, 4, 4, 4, 4, 4, 4, 4, 4, 4, 4, 7, 4, 4, 4, 4), (4, 4, 4, 4, 4, 4, 4, 4, 4, 4, 4, 4, 4, 4, 4, 4, 4, 4, 4, 4, 4, 4), (4, 4, 4, 4, 4, 4, 4, 4, 4, 4, 4, 4, 4, 4, 4, 4, 4, 4, 4, 4, 4, 4))
h, w after shape: 28, 22
tr: 4
dim: 3
obj: frozenset({(0, 1), (1, 2), (2, 1), (0, 0), (3, 1), (1, 1), (0, 3), (2, 0), (3, 0), (2, 3), (0, 2), (3, 3), (2, 2), (1, 0), (3, 2), (1, 3)})
obj after sfilter: frozenset({(0, 1), (1, 2), (0, 0), (1, 1), (0, 3), (2, 3), (0, 2), (3, 3), (2, 2), (1, 3)})
obj after shift: frozenset({(0, 1), (2, 4), (1, 2), (0, 4), (1, 5), (0, 2), (0, 5), (2, 2), (1, 3), (0, 0), (1, 1), (0, 3), (1, 4), (0, 6), (2, 3), (3, 3)})
mp: {(0, 3)}
tric: 3, linc: 6
inobj: frozenset({(3, (0, 1)), (3, (1, 1)), (3, (2, 2)), (3, (0, 5)), (3, (1, 5)), (3, (2, 3)), (3, (1, 3)), (3, (0, 0)), (6, (0, 3)), (3, (1, 2)), (3, (3, 3)), (3, (0, 2)), (3, (0, 4)), (3, (1, 4)), (3, (0, 6)), (3, (2, 4))})
loc: (0, 2)
iplcd: frozenset({(3, (0, 3)), (3, (1, 5)), (3, (0, 7)), (3, (1, 3)), (6, (0, 5)), (3, (3, 5)), (3, (1, 7)), (3, (2, 6)), (3, (2, 5)), (3, (0, 2)), (3, (1, 6)), (3, (0, 4)), (3, (1, 4)), (3, (0, 6)), (3, (0, 8)), (3, (2, 4))})
oplcd: frozenset({(6, (21, 5)), (6, (11, 5)), (6, (5, 5)), (3, (3, 5)), (6, (20, 5)), (6, (8, 5)), (6, (14, 5)), (3, (2, 4)), (6, (4, 5)), (6, (17, 5)), (3, (1, 7)), (6, (23, 5)), (3, (2, 5)), (6, (7, 5)), (3, (0, 6)), (6, (26, 5)), (6, (16, 5)), (6, (10, 5)), (6, (13, 5)), (3, (0, 7)), (3, (1, 3)), (6, (0, 5)), (6, (19, 5)), (3, (0, 2)), (3, (1, 4)), (6, (25, 5)), (3, (0, 8)), (6, (9, 5)), (3, (0, 3)), (6, (22, 5)), (6, (24, 5)), (3, (1, 5)), (6, (6, 5)), (6, (12, 5)), (3, (2, 6)), (3, (1, 6)), (6, (27, 5)), (3, (0, 4)), (6, (18, 5)), (6, (15, 5))})
fullinds: frozenset({(15, 21), (26, 21), (7, 17), (18, 17), (27, 4), (8, 0), (19, 0), (27, 13), (8, 9), (19, 9), (0, 5), (11, 5), (8, 18), (19, 18), (0, 14), (11, 14), (4, 2), (22, 10), (3, 6), (22, 19), (3, 15), (14, 15), (15, 7), (26, 7), (7, 3), (18, 3), (15, 16), (26, 16), (7, 12), (18, 12), (7, 21), (18, 21), (27, 8), (8, 4), (19, 4), (0, 0), (11, 0), (0, 9), (11, 9), (25, 11), (25, 20), (22, 5), (3, 1), (14, 1), (22, 14), (3, 10), (14, 10), (3, 19), (14, 19), (15, 2), (26, 2), (15, 11), (26, 11), (7, 7), (18, 7), (26, 20), (7, 16), (18, 16), (21, 18), (11, 4), (10, 8), (25, 6), (10, 17), (2, 13), (25, 15), (22, 0), (22, 9), (3, 5), (14, 5), (22, 18), (3, 14), (14, 14), (15, 6), (26, 6), (7, 2), (18, 2), (7, 11), (18, 11), (6, 15), (21, 13), (10, 3), (25, 1), (10, 12), (2, 8), (25, 10), (10, 21), (2, 17), (25, 19), (22, 4), (3, 0), (14, 0), (22, 13), (3, 9), (14, 9), (3, 18), (14, 18), (26, 1), (17, 20), (6, 10), (21, 8), (6, 19), (21, 17), (10, 7), (2, 3), (25, 5), (10, 16), (2, 12), (25, 14), (2, 21), (22, 8), (3, 4), (14, 4), (17, 6), (17, 15), (9, 11), (9, 20), (6, 5), (21, 3), (6, 14), (21, 12), (21, 21), (10, 2), (25, 0), (10, 11), (2, 7), (25, 9), (2, 16), (13, 13), (24, 13), (16, 18), (17, 1), (5, 8), (17, 10), (9, 6), (5, 17), (17, 19), (9, 15), (6, 0), (6, 9), (21, 7), (6, 18), (21, 16), (20, 20), (10, 6), (2, 2), (2, 11), (13, 8), (24, 8), (1, 15), (13, 17), (24, 17), (16, 13), (5, 3), (17, 5), (9, 1), (5, 12), (17, 14), (9, 10), (5, 21), (9, 19), (6, 4), (21, 2), (6, 13), (20, 15), (12, 20), (23, 20), (13, 3), (24, 3), (1, 10), (13, 12), (24, 12), (16, 8), (1, 19), (13, 21), (24, 21), (16, 17), (17, 0), (5, 7), (17, 9), (9, 5), (5, 16), (9, 14), (20, 1), (20, 10), (12, 6), (23, 6), (20, 19), (12, 15), (23, 15), (4, 11), (4, 20), (1, 5), (13, 7), (24, 7), (16, 3), (1, 14), (13, 16), (24, 16), (16, 12), (16, 21), (5, 2), (17, 4), (9, 0), (5, 11), (9, 9), (27, 17), (8, 13), (19, 13), (0, 18), (11, 18), (20, 5), (12, 1), (23, 1), (20, 14), (12, 10), (23, 10), (4, 6), (12, 19), (23, 19), (4, 15), (1, 0), (13, 2), (24, 2), (1, 9), (13, 11), (24, 11), (16, 7), (1, 18), (16, 16), (15, 20), (5, 6), (18, 8), (27, 3), (27, 12), (8, 8), (19, 8), (27, 21), (0, 4), (8, 17), (19, 17), (0, 13), (11, 13), (20, 0), (20, 9), (12, 5), (23, 5), (20, 18), (4, 1), (12, 14), (23, 14), (4, 10), (4, 19), (1, 4), (24, 6), (16, 2), (1, 13), (15, 15), (26, 15), (7, 20), (18, 20), (27, 7), (8, 3), (19, 3), (27, 16), (8, 12), (19, 12), (0, 8), (11, 8), (8, 21), (19, 21), (0, 17), (11, 17), (20, 4), (12, 0), (23, 0), (20, 13), (12, 9), (23, 9), (4, 5), (23, 18), (4, 14), (15, 1), (15, 10), (26, 10), (7, 6), (18, 6), (15, 19), (26, 19), (7, 15), (18, 15), (27, 2), (27, 11), (8, 7), (19, 7), (27, 20), (11, 3), (0, 3), (8, 16), (19, 16), (0, 12), (11, 12), (0, 21), (11, 21), (12, 4), (23, 4), (4, 0), (4, 9), (22, 17), (3, 13), (14, 13), (15, 5), (26, 5), (7, 1), (18, 1), (15, 14), (26, 14), (7, 10), (18, 10), (7, 19), (18, 19), (27, 6), (8, 2), (19, 2), (8, 11), (19, 11), (0, 7), (11, 7), (0, 16), (11, 16), (10, 20), (25, 18), (22, 3), (22, 12), (3, 8), (14, 8), (22, 21), (3, 17), (14, 17), (15, 0), (26, 0), (15, 9), (26, 9), (7, 5), (18, 5), (15, 18), (26, 18), (7, 14), (18, 14), (27, 1), (19, 6), (0, 2), (11, 2), (25, 4), (10, 15), (25, 13), (2, 20), (22, 7), (3, 3), (14, 3), (22, 16), (3, 12), (14, 12), (3, 21), (14, 21), (15, 4), (26, 4), (7, 0), (18, 0), (15, 13), (26, 13), (7, 9), (18, 9), (18, 18), (21, 11), (21, 20), (10, 1), (10, 10), (2, 6), (25, 8), (10, 19), (2, 15), (25, 17), (22, 2), (22, 11), (3, 7), (14, 7), (22, 20), (3, 16), (14, 16), (17, 18), (7, 4), (18, 4), (26, 12), (6, 8), (21, 6), (6, 17), (21, 15), (10, 5), (2, 1), (25, 3), (10, 14), (2, 10), (25, 12), (2, 19), (25, 21), (22, 6), (3, 2), (14, 2), (3, 11), (14, 11), (17, 13), (5, 20), (9, 18), (6, 3), (21, 1), (6, 12), (21, 10), (6, 21), (21, 19), (10, 0), (10, 9), (2, 5), (25, 7), (10, 18), (2, 14), (25, 16), (22, 1), (13, 20), (24, 20), (14, 6), (17, 8), (9, 4), (5, 15), (17, 17), (9, 13), (6, 7), (21, 5), (6, 16), (21, 14), (10, 4), (2, 0), (25, 2), (10, 13), (2, 9), (13, 6), (2, 18), (13, 15), (24, 15), (16, 11), (16, 20), (5, 1), (17, 3), (5, 10), (17, 12), (9, 8), (5, 19), (17, 21), (9, 17), (6, 2), (21, 0), (6, 11), (21, 9), (6, 20), (12, 18), (2, 4), (13, 1), (24, 1), (1, 8), (13, 10), (24, 10), (16, 6), (1, 17), (13, 19), (24, 19), (16, 15), (5, 5), (17, 7), (9, 3), (5, 14), (17, 16), (9, 12), (9, 21), (6, 6), (21, 4), (20, 8), (20, 17), (12, 13), (23, 13), (4, 18), (1, 3), (13, 5), (24, 5), (16, 1), (1, 12), (13, 14), (24, 14), (16, 10), (1, 21), (16, 19), (5, 0), (17, 2), (5, 9), (17, 11), (9, 7), (5, 18), (9, 16), (27, 15), (6, 1), (8, 20), (19, 20), (20, 3), (20, 12), (12, 8), (23, 8), (20, 21), (4, 4), (12, 17), (23, 17), (4, 13), (13, 0), (24, 0), (1, 7), (13, 9), (24, 9), (16, 5), (1, 16), (13, 18), (24, 18), (16, 14), (5, 4), (9, 2), (5, 13), (27, 10), (8, 6), (27, 19), (8, 15), (19, 15), (0, 11), (11, 11), (0, 20), (11, 20), (20, 7), (12, 3), (23, 3), (20, 16), (12, 12), (23, 12), (4, 8), (12, 21), (23, 21), (4, 17), (1, 2), (13, 4), (24, 4), (16, 0), (1, 11), (16, 9), (1, 20), (7, 18), (27, 5), (8, 1), (19, 1), (27, 14), (8, 10), (19, 10), (0, 6), (11, 6), (8, 19), (19, 19), (0, 15), (11, 15), (20, 2), (20, 11), (12, 7), (23, 7), (4, 3), (12, 16), (23, 16), (4, 12), (4, 21), (1, 6), (16, 4), (15, 8), (26, 8), (15, 17), (26, 17), (7, 13), (18, 13), (27, 0), (27, 9), (8, 5), (19, 5), (27, 18), (0, 1), (11, 1), (8, 14), (19, 14), (0, 10), (11, 10), (0, 19), (11, 19), (20, 6), (12, 2), (23, 2), (12, 11), (23, 11), (4, 7), (4, 16), (22, 15), (1, 1), (3, 20), (14, 20), (15, 3), (26, 3), (15, 12), (7, 8)})
oplcdi: frozenset({(20, 5), (22, 5), (9, 5), (0, 2), (11, 5), (0, 5), (1, 6), (0, 8), (2, 5), (13, 5), (1, 3), (24, 5), (26, 5), (15, 5), (6, 5), (4, 5), (17, 5), (8, 5), (19, 5), (0, 7), (2, 4), (10, 5), (0, 4), (18, 5), (1, 5), (21, 5), (23, 5), (12, 5), (14, 5), (3, 5), (5, 5), (27, 5), (0, 3), (1, 4), (0, 6), (25, 5), (1, 7), (2, 6), (16, 5), (7, 5)})
gi after paint: ((4, 4, 3, 3, 3, 6, 3, 3, 3, 4, 4, 4, 4, 4, 4, 4, 4, 4, 4, 4, 4, 4), (4, 4, 4, 3, 3, 3, 3, 3, 4, 4, 4, 4, 4, 4, 4, 4, 4, 4, 4, 4, 4, 4), (4, 4, 4, 4, 3, 3, 3, 4, 4, 4, 4, 4, 4, 4, 4, 4, 4, 4, 4, 4, 4, 4), (4, 4, 4, 4, 4, 3, 4, 4, 4, 4, 4, 4, 4, 4, 4, 4, 4, 4, 4, 4, 4, 4), (4, 4, 4, 4, 4, 4, 4, 4, 4, 4, 4, 4, 4, 4, 4, 4, 4, 4, 4, 4, 4, 4), (4, 4, 4, 4, 4, 4, 4, 4, 4, 4, 4, 4, 4, 4, 4, 4, 4, 4, 4, 4, 4, 4), (4, 4, 4, 4, 4, 4, 4, 4, 4, 4, 4, 4, 4, 4, 4, 4, 4, 4, 4, 4, 4, 4), (4, 4, 4, 4, 4, 4, 4, 4, 4, 4, 4, 4, 4, 4, 4, 4, 4, 4, 4, 4, 4, 4), (4, 4, 4, 0, 4, 4, 4, 4, 4, 4, 4, 4, 4, 4, 4, 4, 4, 4, 4, 4, 4, 4), (4, 4, 0, 0, 4, 4, 4, 4, 4, 4, 4, 4, 4, 4, 4, 4, 4, 4, 4, 4, 4, 4), (4, 0, 0, 0, 4, 4, 4, 4, 4, 4, 4, 4, 4, 4, 4, 3, 4, 4, 4, 4, 4, 4), (0, 0, 0, 7, 4, 4, 4, 4, 4, 4, 4, 4, 4, 4, 3, 3, 4, 4, 4, 4, 4, 4), (4, 0, 0, 0, 4, 4, 4, 4, 4, 4, 4, 4, 4, 3, 3, 3, 4, 4, 4, 4, 4, 4), (4, 4, 0, 0, 4, 4, 4, 4, 4, 4, 4, 4, 3, 3, 3, 7, 4, 4, 4, 4, 4, 4), (4, 4, 4, 0, 4, 4, 4, 4, 4, 4, 4, 4, 4, 3, 3, 3, 4, 4, 4, 4, 4, 4), (4, 4, 4, 4, 4, 4, 4, 4, 4, 4, 4, 4, 4, 4, 3, 3, 4, 4, 4, 4, 4, 4), (4, 4, 4, 4, 4, 4, 4, 4, 4, 4, 4, 4, 4, 4, 4, 3, 4, 4, 4, 4, 4, 4), (4, 4, 4, 4, 4, 4, 4, 4, 4, 4, 4, 4, 4, 4, 4, 4, 4, 4, 4, 4, 4, 4), (4, 4, 4, 4, 4, 4, 4, 4, 4, 4, 4, 4, 4, 4, 4, 4, 4, 4, 4, 4, 4, 4), (4, 4, 4, 4, 4, 4, 4, 4, 4, 4, 4, 4, 4, 4, 4, 4, 4, 4, 4, 4, 4, 4), (4, 4, 4, 4, 4, 4, 4, 4, 4, 4, 4, 4, 4, 4, 4, 4, 4, 4, 4, 4, 4, 4), (4, 4, 4, 4, 4, 4, 4, 4, 4, 4, 4, 4, 4, 4, 4, 4, 4, 4, 4, 4, 4, 4), (4, 4, 4, 4, 4, 4, 4, 4, 4, 4, 4, 4, 4, 4, 4, 4, 4, 4, 4, 4, 4, 4), (4, 4, 4, 4, 4, 4, 4, 4, 4, 4, 4, 4, 4, 4, 4, 7, 7, 0, 7, 7, 4, 4), (4, 4, 4, 4, 4, 4, 4, 4, 4, 4, 4, 4, 4, 4, 4, 4, 7, 7, 7, 4, 4, 4), (4, 4, 4, 4, 4, 4, 4, 4, 4, 4, 4, 4, 4, 4, 4, 4, 4, 7, 4, 4, 4, 4), (4, 4, 4, 4, 4, 4, 4, 4, 4, 4, 4, 4, 4, 4, 4, 4, 4, 4, 4, 4, 4, 4), (4, 4, 4, 4, 4, 4, 4, 4, 4, 4, 4, 4, 4, 4, 4, 4, 4, 4, 4, 4, 4, 4))
gi after rotation: ((4, 4, 4, 4, 4, 4, 4, 4, 4, 4, 4, 4, 4, 4, 4, 4, 0, 4, 4, 4, 4, 4, 4, 4, 4, 4, 4, 4), (4, 4, 4, 4, 4, 4, 4, 4, 4, 4, 4, 4, 4, 4, 4, 0, 0, 0, 4, 4, 4, 4, 4, 4, 4, 4, 4, 4), (4, 4, 4, 4, 4, 4, 4, 4, 4, 4, 4, 4, 4, 4, 0, 0, 0, 0, 0, 4, 4, 4, 4, 4, 4, 4, 4, 3), (4, 4, 4, 4, 4, 4, 4, 4, 4, 4, 4, 4, 4, 0, 0, 0, 7, 0, 0, 0, 4, 4, 4, 4, 4, 4, 3, 3), (4, 4, 4, 4, 4, 4, 4, 4, 4, 4, 4, 4, 4, 4, 4, 4, 4, 4, 4, 4, 4, 4, 4, 4, 4, 3, 3, 3), (4, 4, 4, 4, 4, 4, 4, 4, 4, 4, 4, 4, 4, 4, 4, 4, 4, 4, 4, 4, 4, 4, 4, 4, 3, 3, 3, 6), (4, 4, 4, 4, 4, 4, 4, 4, 4, 4, 4, 4, 4, 4, 4, 4, 4, 4, 4, 4, 4, 4, 4, 4, 4, 3, 3, 3), (4, 4, 4, 4, 4, 4, 4, 4, 4, 4, 4, 4, 4, 4, 4, 4, 4, 4, 4, 4, 4, 4, 4, 4, 4, 4, 3, 3), (4, 4, 4, 4, 4, 4, 4, 4, 4, 4, 4, 4, 4, 4, 4, 4, 4, 4, 4, 4, 4, 4, 4, 4, 4, 4, 4, 3), (4, 4, 4, 4, 4, 4, 4, 4, 4, 4, 4, 4, 4, 4, 4, 4, 4, 4, 4, 4, 4, 4, 4, 4, 4, 4, 4, 4), (4, 4, 4, 4, 4, 4, 4, 4, 4, 4, 4, 4, 4, 4, 4, 4, 4, 4, 4, 4, 4, 4, 4, 4, 4, 4, 4, 4), (4, 4, 4, 4, 4, 4, 4, 4, 4, 4, 4, 4, 4, 4, 4, 4, 4, 4, 4, 4, 4, 4, 4, 4, 4, 4, 4, 4), (4, 4, 4, 4, 4, 4, 4, 4, 4, 4, 4, 4, 4, 4, 3, 4, 4, 4, 4, 4, 4, 4, 4, 4, 4, 4, 4, 4), (4, 4, 4, 4, 4, 4, 4, 4, 4, 4, 4, 4, 4, 3, 3, 3, 4, 4, 4, 4, 4, 4, 4, 4, 4, 4, 4, 4), (4, 4, 4, 4, 4, 4, 4, 4, 4, 4, 4, 4, 3, 3, 3, 3, 3, 4, 4, 4, 4, 4, 4, 4, 4, 4, 4, 4), (4, 4, 4, 4, 7, 4, 4, 4, 4, 4, 4, 3, 3, 3, 7, 3, 3, 3, 4, 4, 4, 4, 4, 4, 4, 4, 4, 4), (4, 4, 4, 7, 7, 4, 4, 4, 4, 4, 4, 4, 4, 4, 4, 4, 4, 4, 4, 4, 4, 4, 4, 4, 4, 4, 4, 4), (4, 4, 7, 7, 0, 4, 4, 4, 4, 4, 4, 4, 4, 4, 4, 4, 4, 4, 4, 4, 4, 4, 4, 4, 4, 4, 4, 4), (4, 4, 4, 7, 7, 4, 4, 4, 4, 4, 4, 4, 4, 4, 4, 4, 4, 4, 4, 4, 4, 4, 4, 4, 4, 4, 4, 4), (4, 4, 4, 4, 7, 4, 4, 4, 4, 4, 4, 4, 4, 4, 4, 4, 4, 4, 4, 4, 4, 4, 4, 4, 4, 4, 4, 4), (4, 4, 4, 4, 4, 4, 4, 4, 4, 4, 4, 4, 4, 4, 4, 4, 4, 4, 4, 4, 4, 4, 4, 4, 4, 4, 4, 4), (4, 4, 4, 4, 4, 4, 4, 4, 4, 4, 4, 4, 4, 4, 4, 4, 4, 4, 4, 4, 4, 4, 4, 4, 4, 4, 4, 4))
h, w after shape: 22, 28
