Modified Function Code:
from re_arc.dsl import *
def generate_25ff71a9() -> dict:
    diff_lb = 0
    diff_ub = 1
    print(f"diff_lb: {diff_lb}")
    print(f"diff_ub: {diff_ub}")

    cols = interval(0, 10, 1)
    print(f"cols: {cols}")

    h = unifint(diff_lb, diff_ub, (2, 30))
    print(f"h: {h}")

    w = unifint(diff_lb, diff_ub, (2, 30))
    print(f"w: {w}")

    nc = unifint(diff_lb, diff_ub, (1, (h * w) // 2 - 1))
    print(f"nc: {nc}")

    bgc = choice(cols)
    print(f"bgc: {bgc}")

    remcols = remove(bgc, cols)
    print(f"remcols: {remcols}")

    fgc = choice(remcols)
    print(f"fgc: {fgc}")

    c = canvas(bgc, (h, w))
    print(f"c: {c}")

    bounds = asindices(c)
    print(f"bounds: {bounds}")

    ch = choice(totuple(bounds))
    print(f"ch: {ch}")

    shp = {ch}
    print(f"shp: {shp}")

    bounds = remove(ch, bounds)
    print(f"bounds after removing ch: {bounds}")

    for j in range(nc-1):
        shp.add(choice(totuple((bounds - shp) & mapply(neighbors, shp))))
        print(f"shp after iteration {j}: {shp}")

    shp = normalize(shp)
    print(f"normalized shp: {shp}")

    oh, ow = shape(shp)
    print(f"oh: {oh}, ow: {ow}")

    loci = randint(0, h - oh)
    print(f"loci: {loci}")

    locj = randint(0, w - ow)
    print(f"locj: {locj}")

    loc = (loci, locj)
    print(f"loc: {loc}")

    plcd = shift(shp, loc)
    print(f"plcd: {plcd}")

    gi = fill(c, fgc, plcd)
    print(f"gi: {gi}")

    return {'input': gi}

Printed Outputs:
diff_lb: 0
diff_ub: 1
cols: (0, 1, 2, 3, 4, 5, 6, 7, 8, 9)
h: 27
w: 3
nc: 35
bgc: 8
remcols: (0, 1, 2, 3, 4, 5, 6, 7, 9)
fgc: 9
c: ((8, 8, 8), (8, 8, 8), (8, 8, 8), (8, 8, 8), (8, 8, 8), (8, 8, 8), (8, 8, 8), (8, 8, 8), (8, 8, 8), (8, 8, 8), (8, 8, 8), (8, 8, 8), (8, 8, 8), (8, 8, 8), (8, 8, 8), (8, 8, 8), (8, 8, 8), (8, 8, 8), (8, 8, 8), (8, 8, 8), (8, 8, 8), (8, 8, 8), (8, 8, 8), (8, 8, 8), (8, 8, 8), (8, 8, 8), (8, 8, 8))
bounds: frozenset({(4, 0), (5, 1), (8, 0), (19, 0), (2, 2), (6, 2), (7, 1), (18, 1), (21, 0), (4, 2), (8, 2), (19, 2), (9, 1), (13, 1), (24, 1), (21, 2), (0, 0), (11, 0), (15, 0), (26, 0), (3, 1), (14, 1), (17, 0), (0, 2), (11, 2), (15, 2), (26, 2), (16, 1), (20, 1), (5, 0), (17, 2), (6, 1), (7, 0), (18, 0), (22, 0), (5, 2), (9, 0), (10, 1), (13, 0), (24, 0), (7, 2), (18, 2), (22, 2), (12, 1), (23, 1), (9, 2), (1, 0), (13, 2), (24, 2), (25, 1), (3, 0), (14, 0), (1, 2), (26, 1), (2, 1), (16, 0), (20, 0), (3, 2), (14, 2), (4, 1), (8, 1), (19, 1), (16, 2), (20, 2), (21, 1), (10, 0), (22, 1), (12, 0), (23, 0), (10, 2), (0, 1), (11, 1), (25, 0), (15, 1), (12, 2), (23, 2), (17, 1), (1, 1), (2, 0), (25, 2), (6, 0)})
ch: (18, 2)
shp: {(18, 2)}
bounds after removing ch: frozenset({(4, 0), (5, 1), (8, 0), (19, 0), (2, 2), (6, 2), (7, 1), (18, 1), (21, 0), (4, 2), (8, 2), (19, 2), (9, 1), (13, 1), (24, 1), (21, 2), (0, 0), (11, 0), (15, 0), (26, 0), (3, 1), (14, 1), (17, 0), (0, 2), (11, 2), (15, 2), (26, 2), (16, 1), (20, 1), (5, 0), (17, 2), (6, 1), (7, 0), (18, 0), (22, 0), (5, 2), (9, 0), (10, 1), (13, 0), (24, 0), (7, 2), (22, 2), (12, 1), (23, 1), (9, 2), (1, 0), (13, 2), (24, 2), (25, 1), (3, 0), (14, 0), (1, 2), (26, 1), (2, 1), (16, 0), (20, 0), (3, 2), (14, 2), (4, 1), (8, 1), (19, 1), (16, 2), (20, 2), (21, 1), (10, 0), (22, 1), (12, 0), (23, 0), (10, 2), (0, 1), (11, 1), (25, 0), (15, 1), (12, 2), (23, 2), (17, 1), (1, 1), (2, 0), (25, 2), (6, 0)})
shp after iteration 0: {(18, 2), (19, 1)}
shp after iteration 1: {(18, 0), (18, 2), (19, 1)}
shp after iteration 2: {(19, 0), (18, 0), (18, 2), (19, 1)}
shp after iteration 3: {(19, 1), (18, 0), (19, 0), (18, 2), (20, 2)}
shp after iteration 4: {(19, 1), (17, 0), (18, 0), (19, 0), (18, 2), (20, 2)}
shp after iteration 5: {(17, 1), (19, 1), (17, 0), (18, 0), (19, 0), (18, 2), (20, 2)}
shp after iteration 6: {(17, 1), (19, 1), (17, 0), (18, 0), (19, 0), (21, 2), (18, 2), (20, 2)}
shp after iteration 7: {(17, 1), (19, 1), (17, 0), (18, 0), (19, 0), (21, 2), (17, 2), (18, 2), (20, 2)}
shp after iteration 8: {(17, 1), (16, 0), (19, 1), (17, 0), (18, 0), (19, 0), (21, 2), (17, 2), (18, 2), (20, 2)}
shp after iteration 9: {(17, 1), (16, 0), (19, 1), (17, 0), (18, 0), (19, 0), (21, 2), (15, 0), (17, 2), (18, 2), (20, 2)}
shp after iteration 10: {(17, 1), (16, 0), (19, 1), (17, 0), (18, 0), (19, 0), (21, 2), (16, 2), (15, 0), (17, 2), (18, 2), (20, 2)}
shp after iteration 11: {(17, 1), (16, 0), (19, 1), (14, 1), (17, 0), (18, 0), (19, 0), (21, 2), (16, 2), (15, 0), (17, 2), (18, 2), (20, 2)}
shp after iteration 12: {(17, 1), (16, 0), (19, 1), (14, 1), (17, 0), (18, 0), (19, 0), (21, 2), (16, 2), (15, 0), (20, 0), (17, 2), (18, 2), (20, 2)}
shp after iteration 13: {(17, 1), (16, 0), (19, 1), (14, 1), (17, 0), (18, 0), (19, 0), (21, 2), (16, 2), (15, 0), (20, 0), (17, 2), (18, 2), (20, 2), (15, 2)}
shp after iteration 14: {(17, 1), (16, 0), (19, 1), (14, 1), (17, 0), (18, 0), (19, 0), (21, 2), (16, 2), (15, 0), (20, 0), (17, 2), (18, 2), (20, 2), (15, 2), (16, 1)}
shp after iteration 15: {(17, 1), (16, 0), (19, 1), (14, 1), (17, 0), (18, 0), (19, 0), (21, 2), (16, 2), (15, 0), (20, 0), (17, 2), (18, 2), (19, 2), (20, 2), (15, 2), (16, 1)}
shp after iteration 16: {(17, 1), (21, 0), (16, 0), (19, 1), (14, 1), (17, 0), (18, 0), (19, 0), (21, 2), (16, 2), (15, 0), (20, 0), (17, 2), (18, 2), (19, 2), (20, 2), (15, 2), (16, 1)}
shp after iteration 17: {(14, 1), (17, 0), (19, 0), (15, 2), (16, 1), (21, 0), (17, 2), (19, 2), (16, 0), (18, 0), (15, 1), (21, 2), (20, 0), (17, 1), (19, 1), (16, 2), (15, 0), (18, 2), (20, 2)}
shp after iteration 18: {(14, 1), (17, 0), (19, 0), (15, 2), (16, 1), (21, 0), (22, 1), (17, 2), (19, 2), (16, 0), (18, 0), (15, 1), (21, 2), (20, 0), (17, 1), (19, 1), (16, 2), (15, 0), (18, 2), (20, 2)}
shp after iteration 19: {(14, 1), (17, 0), (19, 0), (15, 2), (16, 1), (21, 0), (22, 1), (20, 1), (17, 2), (19, 2), (16, 0), (18, 0), (15, 1), (21, 2), (20, 0), (17, 1), (19, 1), (16, 2), (15, 0), (18, 2), (20, 2)}
shp after iteration 20: {(14, 1), (17, 0), (19, 0), (15, 2), (16, 1), (21, 0), (22, 1), (20, 1), (23, 0), (17, 2), (19, 2), (16, 0), (18, 0), (15, 1), (21, 2), (20, 0), (17, 1), (19, 1), (16, 2), (15, 0), (18, 2), (20, 2)}
shp after iteration 21: {(23, 1), (14, 1), (17, 0), (19, 0), (15, 2), (16, 1), (21, 0), (22, 1), (20, 1), (23, 0), (17, 2), (19, 2), (16, 0), (18, 0), (15, 1), (21, 2), (20, 0), (17, 1), (19, 1), (16, 2), (15, 0), (18, 2), (20, 2)}
shp after iteration 22: {(23, 1), (14, 1), (17, 0), (19, 0), (15, 2), (16, 1), (21, 0), (22, 1), (20, 1), (23, 0), (17, 2), (19, 2), (16, 0), (18, 0), (15, 1), (21, 2), (20, 0), (17, 1), (19, 1), (13, 0), (16, 2), (15, 0), (18, 2), (20, 2)}
shp after iteration 23: {(23, 1), (14, 1), (17, 0), (19, 0), (15, 2), (16, 1), (21, 0), (22, 1), (20, 1), (23, 0), (17, 2), (19, 2), (16, 0), (18, 0), (15, 1), (21, 2), (20, 0), (23, 2), (17, 1), (19, 1), (13, 0), (16, 2), (15, 0), (18, 2), (20, 2)}
shp after iteration 24: {(23, 1), (12, 1), (14, 1), (17, 0), (19, 0), (15, 2), (16, 1), (21, 0), (22, 1), (20, 1), (23, 0), (17, 2), (19, 2), (16, 0), (18, 0), (15, 1), (21, 2), (20, 0), (23, 2), (17, 1), (19, 1), (13, 0), (16, 2), (15, 0), (18, 2), (20, 2)}
shp after iteration 25: {(23, 1), (12, 1), (14, 1), (17, 0), (19, 0), (15, 2), (16, 1), (21, 0), (22, 1), (20, 1), (23, 0), (17, 2), (19, 2), (16, 0), (18, 0), (15, 1), (21, 2), (20, 0), (23, 2), (17, 1), (19, 1), (13, 0), (16, 2), (15, 0), (18, 2), (20, 2), (21, 1)}
shp after iteration 26: {(23, 1), (12, 1), (14, 1), (17, 0), (19, 0), (15, 2), (16, 1), (21, 0), (22, 1), (20, 1), (23, 0), (14, 0), (17, 2), (19, 2), (16, 0), (18, 0), (15, 1), (21, 2), (20, 0), (23, 2), (17, 1), (19, 1), (13, 0), (16, 2), (15, 0), (18, 2), (20, 2), (21, 1)}
shp after iteration 27: {(23, 1), (12, 1), (14, 1), (17, 0), (19, 0), (15, 2), (16, 1), (21, 0), (22, 1), (20, 1), (23, 0), (14, 0), (17, 2), (19, 2), (16, 0), (18, 0), (15, 1), (21, 2), (20, 0), (23, 2), (14, 2), (17, 1), (19, 1), (13, 0), (16, 2), (15, 0), (18, 2), (20, 2), (21, 1)}
shp after iteration 28: {(23, 1), (12, 1), (14, 1), (17, 0), (19, 0), (15, 2), (16, 1), (18, 1), (21, 0), (22, 1), (20, 1), (23, 0), (14, 0), (17, 2), (19, 2), (16, 0), (18, 0), (15, 1), (21, 2), (20, 0), (23, 2), (14, 2), (17, 1), (19, 1), (13, 0), (16, 2), (15, 0), (18, 2), (20, 2), (21, 1)}
shp after iteration 29: {(22, 2), (23, 1), (12, 1), (14, 1), (17, 0), (19, 0), (15, 2), (16, 1), (18, 1), (21, 0), (22, 1), (20, 1), (23, 0), (14, 0), (17, 2), (19, 2), (16, 0), (18, 0), (15, 1), (21, 2), (20, 0), (23, 2), (14, 2), (17, 1), (19, 1), (13, 0), (16, 2), (15, 0), (18, 2), (20, 2), (21, 1)}
shp after iteration 30: {(22, 2), (23, 1), (12, 1), (14, 1), (17, 0), (19, 0), (15, 2), (16, 1), (18, 1), (21, 0), (22, 1), (20, 1), (23, 0), (12, 0), (14, 0), (17, 2), (19, 2), (16, 0), (18, 0), (15, 1), (21, 2), (20, 0), (23, 2), (14, 2), (17, 1), (19, 1), (13, 0), (16, 2), (15, 0), (18, 2), (20, 2), (21, 1)}
shp after iteration 31: {(22, 2), (23, 1), (12, 1), (14, 1), (17, 0), (19, 0), (15, 2), (16, 1), (18, 1), (21, 0), (22, 1), (20, 1), (23, 0), (12, 0), (14, 0), (17, 2), (19, 2), (16, 0), (18, 0), (15, 1), (21, 2), (20, 0), (23, 2), (14, 2), (17, 1), (19, 1), (13, 0), (24, 0), (16, 2), (15, 0), (18, 2), (20, 2), (21, 1)}
shp after iteration 32: {(22, 2), (23, 1), (12, 1), (14, 1), (17, 0), (19, 0), (15, 2), (16, 1), (18, 1), (21, 0), (22, 1), (20, 1), (23, 0), (12, 0), (14, 0), (17, 2), (19, 2), (25, 0), (16, 0), (18, 0), (15, 1), (21, 2), (20, 0), (23, 2), (14, 2), (17, 1), (19, 1), (13, 0), (24, 0), (16, 2), (15, 0), (18, 2), (20, 2), (21, 1)}
shp after iteration 33: {(22, 2), (23, 1), (12, 1), (14, 1), (17, 0), (19, 0), (13, 2), (15, 2), (16, 1), (18, 1), (21, 0), (22, 1), (20, 1), (23, 0), (12, 0), (14, 0), (17, 2), (19, 2), (25, 0), (16, 0), (18, 0), (15, 1), (21, 2), (20, 0), (23, 2), (14, 2), (17, 1), (19, 1), (13, 0), (24, 0), (16, 2), (15, 0), (18, 2), (20, 2), (21, 1)}
normalized shp: frozenset({(4, 0), (3, 1), (9, 2), (8, 0), (5, 1), (11, 2), (2, 2), (1, 0), (6, 2), (7, 1), (12, 0), (4, 2), (3, 0), (5, 0), (8, 2), (9, 1), (10, 2), (11, 1), (0, 1), (1, 2), (2, 1), (6, 1), (7, 0), (3, 2), (4, 1), (5, 2), (9, 0), (8, 1), (11, 0), (0, 0), (10, 1), (2, 0), (13, 0), (7, 2), (6, 0)})
oh: 14, ow: 3
loci: 2
locj: 0
loc: (2, 0)
plcd: frozenset({(12, 1), (4, 0), (5, 1), (9, 2), (8, 0), (11, 2), (10, 0), (13, 2), (6, 2), (7, 1), (4, 2), (3, 0), (14, 0), (5, 0), (8, 2), (9, 1), (10, 2), (11, 1), (2, 1), (13, 1), (6, 1), (7, 0), (12, 2), (3, 2), (4, 1), (5, 2), (9, 0), (8, 1), (11, 0), (10, 1), (13, 0), (2, 0), (15, 0), (7, 2), (6, 0)})
gi: ((8, 8, 8), (8, 8, 8), (9, 9, 8), (9, 8, 9), (9, 9, 9), (9, 9, 9), (9, 9, 9), (9, 9, 9), (9, 9, 9), (9, 9, 9), (9, 9, 9), (9, 9, 9), (8, 9, 9), (9, 9, 9), (9, 8, 8), (9, 8, 8), (8, 8, 8), (8, 8, 8), (8, 8, 8), (8, 8, 8), (8, 8, 8), (8, 8, 8), (8, 8, 8), (8, 8, 8), (8, 8, 8), (8, 8, 8), (8, 8, 8))
