Modified Function Code:
from re_arc.dsl import *
def generate_27a28665() -> dict:
    diff_lb = 0
    diff_ub = 1
    print(f"diff_lb: {diff_lb}")
    print(f"diff_ub: {diff_ub}")

    cols = interval(0, 10, 1)
    print(f"cols: {cols}")

    mapping = [
        (1, {(0, 0), (0, 1), (1, 0), (1, 2), (2, 1)}),
        (2, {(0, 0), (1, 1), (2, 0), (0, 2), (2, 2)}),
        (3, {(2, 0), (0, 1), (0, 2), (1, 1), (1, 2)}),
        (6, {(1, 1), (0, 1), (1, 0), (1, 2), (2, 1)})
    ]
    print(f"mapping: {mapping}")

    h = unifint(diff_lb, diff_ub, (3, 30))
    print(f"h: {h}")

    w = unifint(diff_lb, diff_ub, (3, 30))
    print(f"w: {w}")

    col, obj = choice(mapping)
    print(f"col: {col}, obj: {obj}")

    bgc, objc = sample(cols, 2)
    print(f"bgc: {bgc}, objc: {objc}")

    fac = unifint(diff_lb, diff_ub, (1, min(h, w) // 3))
    print(f"fac: {fac}")

    gi = canvas(bgc, (h, w))
    print(f"gi: {gi}")

    canv = canvas(bgc, (3, 3))
    print(f"canv: {canv}")

    canv = fill(canv, objc, obj)
    print(f"canv after fill: {canv}")

    canv = upscale(canv, fac)
    print(f"canv after upscale: {canv}")

    obj = asobject(canv)
    print(f"obj: {obj}")

    loci = randint(0, h - 3 * fac)
    print(f"loci: {loci}")

    locj = randint(0, w - 3 * fac)
    print(f"locj: {locj}")

    loc = (loci, locj)
    print(f"loc: {loc}")

    gi = paint(gi, shift(obj, loc))
    print(f"gi after paint: {gi}")

    return {'input': gi}

Printed Outputs:
diff_lb: 0
diff_ub: 1
cols: (0, 1, 2, 3, 4, 5, 6, 7, 8, 9)
mapping: [(1, {(0, 1), (1, 2), (2, 1), (0, 0), (1, 0)}), (2, {(0, 2), (2, 2), (0, 0), (1, 1), (2, 0)}), (3, {(0, 1), (0, 2), (1, 2), (1, 1), (2, 0)}), (6, {(0, 1), (1, 2), (2, 1), (1, 0), (1, 1)})]
h: 8
w: 30
col: 2, obj: {(0, 2), (2, 2), (0, 0), (1, 1), (2, 0)}
bgc: 7, objc: 9
fac: 1
gi: ((7, 7, 7, 7, 7, 7, 7, 7, 7, 7, 7, 7, 7, 7, 7, 7, 7, 7, 7, 7, 7, 7, 7, 7, 7, 7, 7, 7, 7, 7), (7, 7, 7, 7, 7, 7, 7, 7, 7, 7, 7, 7, 7, 7, 7, 7, 7, 7, 7, 7, 7, 7, 7, 7, 7, 7, 7, 7, 7, 7), (7, 7, 7, 7, 7, 7, 7, 7, 7, 7, 7, 7, 7, 7, 7, 7, 7, 7, 7, 7, 7, 7, 7, 7, 7, 7, 7, 7, 7, 7), (7, 7, 7, 7, 7, 7, 7, 7, 7, 7, 7, 7, 7, 7, 7, 7, 7, 7, 7, 7, 7, 7, 7, 7, 7, 7, 7, 7, 7, 7), (7, 7, 7, 7, 7, 7, 7, 7, 7, 7, 7, 7, 7, 7, 7, 7, 7, 7, 7, 7, 7, 7, 7, 7, 7, 7, 7, 7, 7, 7), (7, 7, 7, 7, 7, 7, 7, 7, 7, 7, 7, 7, 7, 7, 7, 7, 7, 7, 7, 7, 7, 7, 7, 7, 7, 7, 7, 7, 7, 7), (7, 7, 7, 7, 7, 7, 7, 7, 7, 7, 7, 7, 7, 7, 7, 7, 7, 7, 7, 7, 7, 7, 7, 7, 7, 7, 7, 7, 7, 7), (7, 7, 7, 7, 7, 7, 7, 7, 7, 7, 7, 7, 7, 7, 7, 7, 7, 7, 7, 7, 7, 7, 7, 7, 7, 7, 7, 7, 7, 7))
canv: ((7, 7, 7), (7, 7, 7), (7, 7, 7))
canv after fill: ((9, 7, 9), (7, 9, 7), (9, 7, 9))
canv after upscale: ((9, 7, 9), (7, 9, 7), (9, 7, 9))
obj: frozenset({(9, (0, 2)), (7, (1, 2)), (7, (1, 0)), (7, (2, 1)), (9, (1, 1)), (9, (2, 0)), (9, (2, 2)), (7, (0, 1)), (9, (0, 0))})
loci: 2
locj: 23
loc: (2, 23)
gi after paint: ((7, 7, 7, 7, 7, 7, 7, 7, 7, 7, 7, 7, 7, 7, 7, 7, 7, 7, 7, 7, 7, 7, 7, 7, 7, 7, 7, 7, 7, 7), (7, 7, 7, 7, 7, 7, 7, 7, 7, 7, 7, 7, 7, 7, 7, 7, 7, 7, 7, 7, 7, 7, 7, 7, 7, 7, 7, 7, 7, 7), (7, 7, 7, 7, 7, 7, 7, 7, 7, 7, 7, 7, 7, 7, 7, 7, 7, 7, 7, 7, 7, 7, 7, 9, 7, 9, 7, 7, 7, 7), (7, 7, 7, 7, 7, 7, 7, 7, 7, 7, 7, 7, 7, 7, 7, 7, 7, 7, 7, 7, 7, 7, 7, 7, 9, 7, 7, 7, 7, 7), (7, 7, 7, 7, 7, 7, 7, 7, 7, 7, 7, 7, 7, 7, 7, 7, 7, 7, 7, 7, 7, 7, 7, 9, 7, 9, 7, 7, 7, 7), (7, 7, 7, 7, 7, 7, 7, 7, 7, 7, 7, 7, 7, 7, 7, 7, 7, 7, 7, 7, 7, 7, 7, 7, 7, 7, 7, 7, 7, 7), (7, 7, 7, 7, 7, 7, 7, 7, 7, 7, 7, 7, 7, 7, 7, 7, 7, 7, 7, 7, 7, 7, 7, 7, 7, 7, 7, 7, 7, 7), (7, 7, 7, 7, 7, 7, 7, 7, 7, 7, 7, 7, 7, 7, 7, 7, 7, 7, 7, 7, 7, 7, 7, 7, 7, 7, 7, 7, 7, 7))
